year,age_range,male,female,total
2019,0-4,564,510,1074
2019,5-9,573,511,1084
2019,10-14,672,649,1321
2019,15-19,975,870,1845
2019,20-24,1126,1073,2199
2019,25-29,1304,1155,2459
2019,30-34,1120,972,2092
2019,35-39,1213,1066,2279
2019,40-44,1337,1173,2510
2019,45-49,1319,1193,2512
2019,50-54,1672,1407,3079
2019,55-59,1789,1419,3208
2019,60-64,1496,1376,2872
2019,65-69,1203,1192,2395
2019,70-74,720,870,1590
2019,75-79,724,870,1594
2019,80-84,514,679,1193
2019,85-89,288,413,701
2019,90-94,94,142,236
2019,95-99,18,25,43
2019,100+,8,6,14
2020,0-4,574,528,1102
2020,5-9,594,525,1119
2020,10-14,603,592,1195
2020,15-19,910,807,1717
2020,20-24,1083,1067,2150
2020,25-29,1317,1130,2447
2020,30-34,1145,1017,2162
2020,35-39,1187,1053,2240
2020,40-44,1331,1150,2481
2020,45-49,1266,1148,2414
2020,50-54,1621,1362,2983
2020,55-59,1751,1449,3200
2020,60-64,1569,1385,2954
2020,65-69,1286,1227,2513
2020,70-74,761,936,1697
2020,75-79,657,820,1477
2020,80-84,534,690,1224
2020,85-89,302,445,747
2020,90-94,108,156,264
2020,95-99,20,29,49
2020,100+,0,0,0
2021,0-4,584,544,1128
2021,5-9,584,523,1107
2021,10-14,589,551,1140
2021,15-19,847,780,1627
2021,20-24,1059,1013,2072
2021,25-29,1290,1135,2425
2021,30-34,1219,1037,2256
2021,35-39,1138,1027,2165
2021,40-44,1280,1129,2409
2021,45-49,1244,1141,2385
2021,50-54,1567,1314,2881
2021,55-59,1718,1461,3179
2021,60-64,1633,1381,3014
2021,65-69,1288,1226,2514
2021,70-74,869,1051,1920
2021,75-79,603,761,1364
2021,80-84,559,716,1275
2021,85-89,310,469,779
2021,90-94,121,176,297
2021,95-99,19,36,55
2021,100+,0,0,0
2022,0-4,612,564,1176
2022,5-9,566,507,1073
2022,10-14,567,553,1120
2022,15-19,792,695,1487
2022,20-24,1009,987,1996
2022,25-29,1282,1143,2425
2022,30-34,1275,1077,2352
2022,35-39,1086,972,2058
2022,40-44,1292,1136,2428
2022,45-49,1245,1156,2401
2022,50-54,1452,1293,2745
2022,55-59,1690,1428,3118
2022,60-64,1685,1389,3074
2022,65-69,1294,1245,2539
2022,70-74,955,1100,2055
2022,75-79,591,742,1333
2022,80-84,542,712,1254
2022,85-89,332,487,819
2022,90-94,130,201,331
2022,95-99,27,35,62
2022,100+,0,0,0
2023,0-4,638,581,1219
2023,5-9,555,516,1071
2023,10-14,582,531,1113
2023,15-19,728,671,1399
2023,20-24,985,929,1914
2023,25-29,1201,1105,2306
2023,30-34,1288,1130,2418
2023,35-39,1117,959,2076
2023,40-44,1257,1115,2372
2023,45-49,1270,1136,2406
2023,50-54,1341,1264,2605
2023,55-59,1677,1399,3076
2023,60-64,1674,1409,3083
2023,65-69,1369,1284,2653
2023,70-74,1015,1098,2113
2023,75-79,594,778,1372
2023,80-84,544,721,1265
2023,85-89,322,484,806
2023,90-94,136,219,355
2023,95-99,33,44,77
2023,100+,0,0,0
2024,0-4,674,627,1301
2024,5-9,564,510,1074
2024,10-14,573,511,1084
2024,15-19,672,649,1321
2024,20-24,975,870,1845
2024,25-29,1126,1073,2199
2024,30-34,1304,1155,2459
2024,35-39,1119,972,2091
2024,40-44,1194,1066,2260
2024,45-49,1312,1173,2485
2024,50-54,1284,1182,2466
2024,55-59,1609,1382,2991
2024,60-64,1701,1393,3094
2024,65-69,1393,1331,2724
2024,70-74,1078,1126,2204
2024,75-79,602,786,1388
2024,80-84,538,728,1266
2024,85-89,327,491,818
2024,90-94,144,237,381
2024,95-99,34,54,88
2024,100+,0,0,0
2025,0-4,690,641,1331
2025,5-9,574,528,1102
2025,10-14,594,525,1119
2025,15-19,603,592,1195
2025,20-24,910,807,1717
2025,25-29,1083,1067,2150
2025,30-34,1317,1130,2447
2025,35-39,1145,1017,2162
2025,40-44,1169,1053,2222
2025,45-49,1306,1150,2456
2025,50-54,1236,1139,2375
2025,55-59,1560,1337,2897
2025,60-64,1667,1424,3091
2025,65-69,1462,1341,2803
2025,70-74,1155,1160,2315
2025,75-79,636,846,1482
2025,80-84,491,686,1177
2025,85-89,342,503,845
2025,90-94,151,257,408
2025,95-99,39,61,100
2025,100+,0,0,0
2026,0-4,700,652,1352
2026,5-9,584,544,1128
2026,10-14,584,523,1107
2026,15-19,589,551,1140
2026,20-24,847,780,1627
2026,25-29,1059,1013,2072
2026,30-34,1290,1135,2425
2026,35-39,1219,1037,2256
2026,40-44,1122,1027,2149
2026,45-49,1255,1129,2384
2026,50-54,1218,1135,2353
2026,55-59,1509,1289,2798
2026,60-64,1636,1436,3072
2026,65-69,1524,1337,2861
2026,70-74,1157,1162,2319
2026,75-79,730,953,1683
2026,80-84,453,638,1091
2026,85-89,359,526,885
2026,90-94,157,273,430
2026,95-99,43,70,113
2026,100+,0,0,0
2027,0-4,705,658,1363
2027,5-9,612,564,1176
2027,10-14,566,507,1073
2027,15-19,567,553,1120
2027,20-24,792,695,1487
2027,25-29,1009,987,1996
2027,30-34,1282,1143,2425
2027,35-39,1274,1077,2351
2027,40-44,1073,972,2045
2027,45-49,1267,1136,2403
2027,50-54,1218,1151,2369
2027,55-59,1401,1269,2670
2027,60-64,1611,1402,3013
2027,65-69,1573,1348,2921
2027,70-74,1165,1181,2346
2027,75-79,806,998,1804
2027,80-84,445,623,1068
2027,85-89,350,525,875
2027,90-94,170,283,453
2027,95-99,45,79,124
2027,100+,0,0,0
2028,0-4,706,659,1365
2028,5-9,638,581,1219
2028,10-14,555,516,1071
2028,15-19,582,531,1113
2028,20-24,728,671,1399
2028,25-29,985,929,1914
2028,30-34,1201,1105,2306
2028,35-39,1288,1130,2418
2028,40-44,1103,959,2062
2028,45-49,1232,1115,2347
2028,50-54,1241,1133,2374
2028,55-59,1296,1239,2535
2028,60-64,1598,1374,2972
2028,65-69,1565,1367,2932
2028,70-74,1233,1218,2451
2028,75-79,858,998,1856
2028,80-84,450,656,1106
2028,85-89,350,531,881
2028,90-94,166,282,448
2028,95-99,49,87,136
2028,100+,0,0,0
2029,0-4,702,655,1357
2029,5-9,674,627,1301
2029,10-14,564,510,1074
2029,15-19,573,511,1084
2029,20-24,672,649,1321
2029,25-29,975,870,1845
2029,30-34,1126,1073,2199
2029,35-39,1303,1155,2458
2029,40-44,1106,972,2078
2029,45-49,1169,1066,2235
2029,50-54,1282,1167,2449
2029,55-59,1239,1161,2400
2029,60-64,1536,1356,2892
2029,65-69,1591,1353,2944
2029,70-74,1256,1264,2520
2029,75-79,913,1026,1939
2029,80-84,460,668,1128
2029,85-89,348,538,886
2029,90-94,169,288,457
2029,95-99,52,94,146
2029,100+,0,0,0
2030,0-4,696,650,1346
2030,5-9,690,641,1331
2030,10-14,574,528,1102
2030,15-19,594,525,1119
2030,20-24,603,592,1195
2030,25-29,910,807,1717
2030,30-34,1083,1067,2150
2030,35-39,1316,1130,2446
2030,40-44,1131,1017,2148
2030,45-49,1144,1053,2197
2030,50-54,1275,1144,2419
2030,55-59,1191,1119,2310
2030,60-64,1490,1311,2801
2030,65-69,1559,1383,2942
2030,70-74,1317,1274,2591
2030,75-79,975,1057,2032
2030,80-84,484,719,1203
2030,85-89,317,505,822
2030,90-94,177,295,472
2030,95-99,55,103,158
2030,100+,0,0,0
2031,0-4,687,642,1329
2031,5-9,700,652,1352
2031,10-14,584,544,1128
2031,15-19,584,523,1107
2031,20-24,589,551,1140
2031,25-29,847,780,1627
2031,30-34,1059,1013,2072
2031,35-39,1288,1135,2423
2031,40-44,1202,1037,2239
2031,45-49,1098,1027,2125
2031,50-54,1225,1124,2349
2031,55-59,1170,1113,2283
2031,60-64,1441,1264,2705
2031,65-69,1531,1394,2925
2031,70-74,1373,1269,2642
2031,75-79,978,1061,2039
2031,80-84,557,809,1366
2031,85-89,293,470,763
2031,90-94,186,310,496
2031,95-99,57,107,164
2031,100+,0,0,0
2032,0-4,674,630,1304
2032,5-9,705,658,1363
2032,10-14,612,564,1176
2032,15-19,566,507,1073
2032,20-24,567,553,1120
2032,25-29,792,695,1487
2032,30-34,1009,987,1996
2032,35-39,1280,1143,2423
2032,40-44,1256,1077,2333
2032,45-49,1048,972,2020
2032,50-54,1236,1132,2368
2032,55-59,1171,1128,2299
2032,60-64,1335,1244,2579
2032,65-69,1508,1360,2868
2032,70-74,1417,1279,2696
2032,75-79,983,1077,2060
2032,80-84,616,845,1461
2032,85-89,289,460,749
2032,90-94,182,309,491
2032,95-99,63,110,173
2032,100+,0,0,0
2033,0-4,659,616,1275
2033,5-9,706,659,1365
2033,10-14,638,581,1219
2033,15-19,555,516,1071
2033,20-24,582,531,1113
2033,25-29,728,671,1399
2033,30-34,985,929,1914
2033,35-39,1200,1105,2305
2033,40-44,1268,1130,2398
2033,45-49,1078,959,2037
2033,50-54,1202,1112,2314
2033,55-59,1194,1110,2304
2033,60-64,1233,1214,2447
2033,65-69,1496,1334,2830
2033,70-74,1411,1298,2709
2033,75-79,1041,1110,2151
2033,80-84,655,845,1500
2033,85-89,292,486,778
2033,90-94,181,311,492
2033,95-99,59,108,167
2033,100+,0,0,0
2034,0-4,641,600,1241
2034,5-9,702,655,1357
2034,10-14,674,627,1301
2034,15-19,564,510,1074
2034,20-24,573,511,1084
2034,25-29,672,649,1321
2034,30-34,975,870,1845
2034,35-39,1125,1073,2198
2034,40-44,1283,1155,2438
2034,45-49,1081,972,2053
2034,50-54,1142,1063,2205
2034,55-59,1233,1144,2377
2034,60-64,1180,1136,2316
2034,65-69,1438,1316,2754
2034,70-74,1432,1285,2717
2034,75-79,1061,1152,2213
2034,80-84,696,868,1564
2034,85-89,300,496,796
2034,90-94,179,316,495
2034,95-99,60,111,171
2034,100+,0,0,0
2035,0-4,622,582,1204
2035,5-9,696,650,1346
2035,10-14,690,641,1331
2035,15-19,574,528,1102
2035,20-24,594,525,1119
2035,25-29,603,592,1195
2035,30-34,910,807,1717
2035,35-39,1083,1067,2150
2035,40-44,1296,1130,2426
2035,45-49,1106,1017,2123
2035,50-54,1119,1050,2169
2035,55-59,1227,1123,2350
2035,60-64,1136,1094,2230
2035,65-69,1397,1276,2673
2035,70-74,1409,1316,2725
2035,75-79,1118,1162,2280
2035,80-84,745,898,1643
2035,85-89,317,539,856
2035,90-94,164,298,462
2035,95-99,64,118,182
2035,100+,0,0,0
2036,0-4,602,563,1165
2036,5-9,687,642,1329
2036,10-14,700,652,1352
2036,15-19,584,544,1128
2036,20-24,584,523,1107
2036,25-29,589,551,1140
2036,30-34,847,780,1627
2036,35-39,1059,1013,2072
2036,40-44,1271,1135,2406
2036,45-49,1177,1037,2214
2036,50-54,1072,1025,2097
2036,55-59,1181,1104,2285
2036,60-64,1120,1088,2208
2036,65-69,1354,1231,2585
2036,70-74,1386,1330,2716
2036,75-79,1168,1163,2331
2036,80-84,752,906,1658
2036,85-89,370,611,981
2036,90-94,151,283,434
2036,95-99,68,128,196
2036,100+,0,0,0
2037,0-4,582,543,1125
2037,5-9,674,630,1304
2037,10-14,705,658,1363
2037,15-19,612,564,1176
2037,20-24,566,507,1073
2037,25-29,567,553,1120
2037,30-34,792,695,1487
2037,35-39,1009,987,1996
2037,40-44,1264,1143,2407
2037,45-49,1231,1077,2308
2037,50-54,1023,972,1995
2037,55-59,1194,1112,2306
2037,60-64,1121,1103,2224
2037,65-69,1257,1210,2467
2037,70-74,1369,1298,2667
2037,75-79,1209,1173,2382
2037,80-84,760,922,1682
2037,85-89,413,640,1053
2037,90-94,150,280,430
2037,95-99,66,130,196
2037,100+,0,0,0
2038,0-4,562,524,1086
2038,5-9,659,616,1275
2038,10-14,706,659,1365
2038,15-19,638,581,1219
2038,20-24,555,516,1071
2038,25-29,582,531,1113
2038,30-34,728,671,1399
2038,35-39,985,929,1914
2038,40-44,1186,1105,2291
2038,45-49,1243,1130,2373
2038,50-54,1053,959,2012
2038,55-59,1163,1094,2257
2038,60-64,1144,1085,2229
2038,65-69,1163,1183,2346
2038,70-74,1361,1273,2634
2038,75-79,1207,1194,2401
2038,80-84,809,953,1762
2038,85-89,439,642,1081
2038,90-94,155,303,458
2038,95-99,66,132,198
2038,100+,0,0,0
2039,0-4,544,507,1051
2039,5-9,641,600,1241
2039,10-14,702,655,1357
2039,15-19,674,627,1301
2039,20-24,564,510,1074
2039,25-29,573,511,1084
2039,30-34,672,649,1321
2039,35-39,975,870,1845
2039,40-44,1114,1073,2187
2039,45-49,1258,1155,2413
2039,50-54,1056,972,2028
2039,55-59,1106,1049,2155
2039,60-64,1183,1119,2302
2039,65-69,1113,1107,2220
2039,70-74,1310,1260,2570
2039,75-79,1228,1185,2413
2039,80-84,827,993,1820
2039,85-89,468,663,1131
2039,90-94,162,313,475
2039,95-99,66,137,203
2039,100+,0,0,0
2040,0-4,526,491,1017
2040,5-9,622,582,1204
2040,10-14,696,650,1346
2040,15-19,690,641,1331
2040,20-24,574,528,1102
2040,25-29,594,525,1119
2040,30-34,603,592,1195
2040,35-39,910,807,1717
2040,40-44,1074,1067,2141
2040,45-49,1271,1130,2401
2040,50-54,1081,1017,2098
2040,55-59,1085,1038,2123
2040,60-64,1176,1098,2274
2040,65-69,1072,1067,2139
2040,70-74,1271,1220,2491
2040,75-79,1207,1216,2423
2040,80-84,873,1003,1876
2040,85-89,502,685,1187
2040,90-94,171,339,510
2040,95-99,60,126,186
2040,100+,0,0,0
2041,0-4,510,475,985
2041,5-9,602,563,1165
2041,10-14,687,642,1329
2041,15-19,700,652,1352
2041,20-24,584,544,1128
2041,25-29,584,523,1107
2041,30-34,589,551,1140
2041,35-39,847,780,1627
2041,40-44,1051,1013,2064
2041,45-49,1246,1135,2381
2041,50-54,1152,1037,2189
2041,55-59,1039,1017,2056
2041,60-64,1132,1079,2211
2041,65-69,1057,1061,2118
2041,70-74,1232,1178,2410
2041,75-79,1188,1228,2416
2041,80-84,911,1004,1915
2041,85-89,507,695,1202
2041,90-94,201,384,585
2041,95-99,56,119,175
2041,100+,0,0,0
2042,0-4,492,460,952
2042,5-9,582,543,1125
2042,10-14,674,630,1304
2042,15-19,705,658,1363
2042,20-24,612,564,1176
2042,25-29,566,507,1073
2042,30-34,567,553,1120
2042,35-39,792,695,1487
2042,40-44,1004,987,1991
2042,45-49,1239,1143,2382
2042,50-54,1205,1077,2282
2042,55-59,992,965,1957
2042,60-64,1144,1087,2231
2042,65-69,1058,1076,2134
2042,70-74,1144,1158,2302
2042,75-79,1172,1197,2369
2042,80-84,942,1013,1955
2042,85-89,512,705,1217
2042,90-94,223,398,621
2042,95-99,57,118,175
2042,100+,0,0,0
2043,0-4,477,446,923
2043,5-9,562,524,1086
2043,10-14,659,616,1275
2043,15-19,706,659,1365
2043,20-24,638,581,1219
2043,25-29,555,516,1071
2043,30-34,582,531,1113
2043,35-39,728,671,1399
2043,40-44,980,929,1909
2043,45-49,1162,1105,2267
2043,50-54,1218,1130,2348
2043,55-59,1021,953,1974
2043,60-64,1113,1069,2182
2043,65-69,1080,1060,2140
2043,70-74,1059,1131,2190
2043,75-79,1164,1174,2338
2043,80-84,939,1029,1968
2043,85-89,546,730,1276
2043,90-94,237,399,636
2043,95-99,59,132,191
2043,100+,0,0,0
2044,0-4,463,433,896
2044,5-9,544,507,1051
2044,10-14,641,600,1241
2044,15-19,702,655,1357
2044,20-24,674,627,1301
2044,25-29,564,510,1074
2044,30-34,573,511,1084
2044,35-39,672,649,1321
2044,40-44,968,870,1838
2044,45-49,1092,1073,2165
2044,50-54,1232,1154,2386
2044,55-59,1025,966,1991
2044,60-64,1057,1026,2083
2044,65-69,1117,1092,2209
2044,70-74,1013,1058,2071
2044,75-79,1120,1161,2281
2044,80-84,954,1024,1978
2044,85-89,557,762,1319
2044,90-94,251,411,662
2044,95-99,63,136,199
2044,100+,0,0,0
2045,0-4,452,423,875
2045,5-9,526,491,1017
2045,10-14,622,582,1204
2045,15-19,696,650,1346
2045,20-24,690,641,1331
2045,25-29,574,528,1102
2045,30-34,594,525,1119
2045,35-39,603,592,1195
2045,40-44,905,807,1712
2045,45-49,1051,1067,2118
2045,50-54,1246,1130,2376
2045,55-59,1051,1011,2062
2045,60-64,1036,1015,2051
2045,65-69,1112,1071,2183
2045,70-74,979,1020,1999
2045,75-79,1090,1127,2217
2045,80-84,941,1054,1995
2045,85-89,591,773,1364
2045,90-94,268,428,696
2045,95-99,67,150,217
2045,100+,0,0,0
2046,0-4,442,415,857
2046,5-9,510,475,985
2046,10-14,602,563,1165
2046,15-19,687,642,1329
2046,20-24,700,652,1352
2046,25-29,584,544,1128
2046,30-34,584,523,1107
2046,35-39,589,551,1140
2046,40-44,844,780,1624
2046,45-49,1028,1013,2041
2046,50-54,1221,1135,2356
2046,55-59,1120,1034,2154
2046,60-64,994,992,1986
2046,65-69,1070,1054,2124
2046,70-74,969,1017,1986
2046,75-79,1058,1091,2149
2046,80-84,929,1067,1996
2046,85-89,619,778,1397
2046,90-94,273,443,716
2046,95-99,79,172,251
2046,100+,0,0,0
2047,0-4,437,409,846
2047,5-9,492,460,952
2047,10-14,582,543,1125
2047,15-19,674,630,1304
2047,20-24,705,658,1363
2047,25-29,612,564,1176
2047,30-34,566,507,1073
2047,35-39,567,553,1120
2047,40-44,791,695,1486
2047,45-49,980,987,1967
2047,50-54,1213,1143,2356
2047,55-59,1170,1070,2240
2047,60-64,952,944,1896
2047,65-69,1083,1062,2145
2047,70-74,970,1032,2002
2047,75-79,983,1073,2056
2047,80-84,920,1039,1959
2047,85-89,642,786,1428
2047,90-94,277,452,729
2047,95-99,87,177,264
2047,100+,0,0,0
2048,0-4,433,405,838
2048,5-9,477,446,923
2048,10-14,562,524,1086
2048,15-19,659,616,1275
2048,20-24,706,659,1365
2048,25-29,638,581,1219
2048,30-34,555,516,1071
2048,35-39,582,531,1113
2048,40-44,727,671,1398
2048,45-49,958,929,1887
2048,50-54,1137,1105,2242
2048,55-59,1182,1119,2301
2048,60-64,981,934,1915
2048,65-69,1055,1044,2099
2048,70-74,989,1017,2006
2048,75-79,911,1050,1961
2048,80-84,916,1021,1937
2048,85-89,643,803,1446
2048,90-94,298,469,767
2048,95-99,92,180,272
2048,100+,0,0,0
2049,0-4,431,404,835
2049,5-9,463,433,896
2049,10-14,544,507,1051
2049,15-19,641,600,1241
2049,20-24,702,655,1357
2049,25-29,674,627,1301
2049,30-34,564,510,1074
2049,35-39,573,511,1084
2049,40-44,671,649,1320
2049,45-49,948,870,1818
2049,50-54,1067,1073,2140
2049,55-59,1194,1142,2336
2049,60-64,987,947,1934
2049,65-69,1002,1001,2003
2049,70-74,1024,1051,2075
2049,75-79,873,984,1857
2049,80-84,883,1013,1896
2049,85-89,653,802,1455
2049,90-94,305,493,798
2049,95-99,97,186,283
2049,100+,0,0,0
2050,0-4,432,404,836
2050,5-9,452,423,875
2050,10-14,526,491,1017
2050,15-19,622,582,1204
2050,20-24,696,650,1346
2050,25-29,690,641,1331
2050,30-34,574,528,1102
2050,35-39,594,525,1119
2050,40-44,603,592,1195
2050,45-49,886,807,1693
2050,50-54,1026,1067,2093
2050,55-59,1208,1119,2327
2050,60-64,1010,989,1999
2050,65-69,982,990,1972
2050,70-74,1021,1031,2052
2050,75-79,845,949,1794
2050,80-84,858,985,1843
2050,85-89,645,825,1470
2050,90-94,325,500,825
2050,95-99,103,194,297
2050,100+,0,0,0
2051,0-4,435,406,841
2051,5-9,442,415,857
2051,10-14,510,475,985
2051,15-19,602,563,1165
2051,20-24,687,642,1329
2051,25-29,700,652,1352
2051,30-34,584,544,1128
2051,35-39,584,523,1107
2051,40-44,589,551,1140
2051,45-49,827,780,1607
2051,50-54,1003,1013,2016
2051,55-59,1183,1125,2308
2051,60-64,1073,1009,2082
2051,65-69,943,967,1910
2051,70-74,981,1014,1995
2051,75-79,839,947,1786
2051,80-84,833,954,1787
2051,85-89,638,836,1474
2051,90-94,340,504,844
2051,95-99,106,203,309
2051,100+,0,0,0
2052,0-4,438,409,847
2052,5-9,437,409,846
2052,10-14,492,460,952
2052,15-19,582,543,1125
2052,20-24,674,630,1304
2052,25-29,705,658,1363
2052,30-34,612,564,1176
2052,35-39,566,507,1073
2052,40-44,567,553,1120
2052,45-49,775,695,1470
2052,50-54,955,987,1942
2052,55-59,1178,1133,2311
2052,60-64,1120,1045,2165
2052,65-69,902,919,1821
2052,70-74,994,1023,2017
2052,75-79,839,962,1801
2052,80-84,774,935,1709
2052,85-89,631,811,1442
2052,90-94,353,507,860
2052,95-99,108,208,316
2052,100+,0,0,0
2053,0-4,442,413,855
2053,5-9,433,405,838
2053,10-14,477,446,923
2053,15-19,562,524,1086
2053,20-24,659,616,1275
2053,25-29,706,659,1365
2053,30-34,638,581,1219
2053,35-39,555,516,1071
2053,40-44,582,531,1113
2053,45-49,713,671,1384
2053,50-54,933,929,1862
2053,55-59,1104,1096,2200
2053,60-64,1132,1094,2226
2053,65-69,929,909,1838
2053,70-74,969,1005,1974
2053,75-79,857,948,1805
2053,80-84,717,917,1634
2053,85-89,628,796,1424
2053,90-94,354,517,871
2053,95-99,117,216,333
2053,100+,0,0,0
2054,0-4,448,418,866
2054,5-9,431,404,835
2054,10-14,463,433,896
2054,15-19,544,507,1051
2054,20-24,641,600,1241
2054,25-29,702,655,1357
2054,30-34,674,627,1301
2054,35-39,564,510,1074
2054,40-44,573,511,1084
2054,45-49,660,649,1309
2054,50-54,923,870,1793
2054,55-59,1035,1065,2100
2054,60-64,1145,1117,2262
2054,65-69,934,922,1856
2054,70-74,921,964,1885
2054,75-79,887,978,1865
2054,80-84,688,858,1546
2054,85-89,603,791,1394
2054,90-94,361,519,880
2054,95-99,119,226,345
2054,100+,0,0,0
2055,0-4,453,423,876
2055,5-9,432,404,836
2055,10-14,452,423,875
2055,15-19,526,491,1017
2055,20-24,622,582,1204
2055,25-29,696,650,1346
2055,30-34,690,641,1331
2055,35-39,574,528,1102
2055,40-44,594,525,1119
2055,45-49,595,592,1187
2055,50-54,861,807,1668
2055,55-59,998,1060,2058
2055,60-64,1158,1095,2253
2055,65-69,959,964,1923
2055,70-74,904,954,1858
2055,75-79,885,960,1845
2055,80-84,669,833,1502
2055,85-89,589,774,1363
2055,90-94,359,539,898
2055,95-99,129,231,360
2055,100+,0,0,0
2056,0-4,457,427,884
2056,5-9,435,406,841
2056,10-14,442,415,857
2056,15-19,510,475,985
2056,20-24,602,563,1165
2056,25-29,687,642,1329
2056,30-34,700,652,1352
2056,35-39,584,544,1128
2056,40-44,584,523,1107
2056,45-49,584,551,1135
2056,50-54,802,780,1582
2056,55-59,974,1009,1983
2056,60-64,1138,1100,2238
2056,65-69,1021,984,2005
2056,70-74,868,934,1802
2056,75-79,855,945,1800
2056,80-84,669,834,1503
2056,85-89,575,753,1328
2056,90-94,355,549,904
2056,95-99,137,236,373
2056,100+,0,0,0
2057,0-4,461,431,892
2057,5-9,438,409,847
2057,10-14,437,409,846
2057,15-19,492,460,952
2057,20-24,582,543,1125
2057,25-29,674,630,1304
2057,30-34,705,658,1363
2057,35-39,612,564,1176
2057,40-44,566,507,1073
2057,45-49,567,553,1120
2057,50-54,750,695,1445
2057,55-59,930,986,1916
2057,60-64,1132,1108,2240
2057,65-69,1067,1020,2087
2057,70-74,832,888,1720
2057,75-79,866,955,1821
2057,80-84,669,847,1516
2057,85-89,535,738,1273
2057,90-94,353,532,885
2057,95-99,143,238,381
2057,100+,0,0,0
2058,0-4,464,433,897
2058,5-9,442,413,855
2058,10-14,433,405,838
2058,15-19,477,446,923
2058,20-24,562,524,1086
2058,25-29,659,616,1275
2058,30-34,706,659,1365
2058,35-39,638,581,1219
2058,40-44,555,516,1071
2058,45-49,581,531,1112
2058,50-54,692,671,1363
2058,55-59,908,929,1837
2058,60-64,1062,1074,2136
2058,65-69,1080,1069,2149
2058,70-74,858,879,1737
2058,75-79,847,940,1787
2058,80-84,684,837,1521
2058,85-89,497,725,1222
2058,90-94,354,525,879
2058,95-99,144,246,390
2058,100+,0,0,0
2059,0-4,465,433,898
2059,5-9,448,418,866
2059,10-14,431,404,835
2059,15-19,463,433,896
2059,20-24,544,507,1051
2059,25-29,641,600,1241
2059,30-34,702,655,1357
2059,35-39,674,627,1301
2059,40-44,564,510,1074
2059,45-49,571,511,1082
2059,50-54,643,649,1292
2059,55-59,898,870,1768
2059,60-64,997,1047,2044
2059,65-69,1092,1092,2184
2059,70-74,864,892,1756
2059,75-79,806,902,1708
2059,80-84,712,865,1577
2059,85-89,478,679,1157
2059,90-94,340,524,864
2059,95-99,147,250,397
2059,100+,0,0,0
2060,0-4,463,431,894
2060,5-9,453,423,876
2060,10-14,432,404,836
2060,15-19,452,423,875
2060,20-24,526,491,1017
2060,25-29,622,582,1204
2060,30-34,696,650,1346
2060,35-39,690,641,1331
2060,40-44,574,528,1102
2060,45-49,590,525,1115
2060,50-54,581,592,1173
2060,55-59,836,807,1643
2060,60-64,964,1044,2008
2060,65-69,1104,1070,2174
2060,70-74,888,934,1822
2060,75-79,791,892,1683
2060,80-84,711,847,1558
2060,85-89,466,660,1126
2060,90-94,330,515,845
2060,95-99,145,259,404
2060,100+,0,0,0
2061,0-4,460,428,888
2061,5-9,457,427,884
2061,10-14,435,406,841
2061,15-19,442,415,857
2061,20-24,510,475,985
2061,25-29,602,563,1165
2061,30-34,687,642,1329
2061,35-39,700,652,1352
2061,40-44,584,544,1128
2061,45-49,581,523,1104
2061,50-54,569,551,1120
2061,55-59,777,780,1557
2061,60-64,944,995,1939
2061,65-69,1084,1075,2159
2061,70-74,945,953,1898
2061,75-79,758,874,1632
2061,80-84,686,836,1522
2061,85-89,468,663,1131
2061,90-94,321,501,822
2061,95-99,143,265,408
2061,100+,0,0,0
2062,0-4,456,425,881
2062,5-9,461,431,892
2062,10-14,438,409,847
2062,15-19,437,409,846
2062,20-24,492,460,952
2062,25-29,582,543,1125
2062,30-34,674,630,1304
2062,35-39,705,658,1363
2062,40-44,612,564,1176
2062,45-49,564,507,1071
2062,50-54,551,553,1104
2062,55-59,725,695,1420
2062,60-64,903,974,1877
2062,65-69,1077,1083,2160
2062,70-74,986,987,1973
2062,75-79,727,831,1558
2062,80-84,694,845,1539
2062,85-89,468,674,1142
2062,90-94,297,489,786
2062,95-99,142,253,395
2062,100+,0,0,0
2063,0-4,450,421,871
2063,5-9,464,433,897
2063,10-14,442,413,855
2063,15-19,433,405,838
2063,20-24,477,446,923
2063,25-29,562,524,1086
2063,30-34,659,616,1275
2063,35-39,706,659,1365
2063,40-44,638,581,1219
2063,45-49,555,516,1071
2063,50-54,565,531,1096
2063,55-59,667,671,1338
2063,60-64,881,918,1799
2063,65-69,1011,1049,2060
2063,70-74,999,1034,2033
2063,75-79,751,824,1575
2063,80-84,677,830,1507
2063,85-89,479,667,1146
2063,90-94,275,480,755
2063,95-99,141,250,391
2063,100+,0,0,0
2064,0-4,443,415,858
2064,5-9,465,433,898
2064,10-14,448,418,866
2064,15-19,431,404,835
2064,20-24,463,433,896
2064,25-29,544,507,1051
2064,30-34,641,600,1241
2064,35-39,702,655,1357
2064,40-44,674,627,1301
2064,45-49,562,510,1072
2064,50-54,556,511,1067
2064,55-59,618,649,1267
2064,60-64,869,860,1729
2064,65-69,951,1022,1973
2064,70-74,1008,1056,2064
2064,75-79,757,836,1593
2064,80-84,644,797,1441
2064,85-89,498,687,1185
2064,90-94,266,449,715
2064,95-99,135,249,384
2064,100+,0,0,0
2065,0-4,436,408,844
2065,5-9,463,431,894
2065,10-14,453,423,876
2065,15-19,432,404,836
2065,20-24,452,423,875
2065,25-29,526,491,1017
2065,30-34,622,582,1204
2065,35-39,696,650,1346
2065,40-44,690,641,1331
2065,45-49,572,528,1100
2065,50-54,573,525,1098
2065,55-59,559,592,1151
2065,60-64,809,800,1609
2065,65-69,920,1019,1939
2065,70-74,1022,1035,2057
2065,75-79,777,877,1654
2065,80-84,634,788,1422
2065,85-89,499,675,1174
2065,90-94,261,439,700
2065,95-99,132,247,379
2065,100+,0,0,0
