year,age_range,male,female,total
2019,0-4,1644,1625,3269
2019,5-9,2100,1943,4043
2019,10-14,2190,1938,4128
2019,15-19,2368,2160,4528
2019,20-24,2684,2383,5067
2019,25-29,2824,2508,5332
2019,30-34,2640,2615,5255
2019,35-39,3446,3792,7238
2019,40-44,3942,4139,8081
2019,45-49,3300,3180,6480
2019,50-54,2623,2841,5464
2019,55-59,2497,2922,5419
2019,60-64,2313,2844,5157
2019,65-69,1972,2311,4283
2019,70-74,1117,1180,2297
2019,75-79,613,757,1370
2019,80-84,320,428,748
2019,85-89,178,200,378
2019,90-94,103,81,184
2019,95-99,20,18,38
2019,100+,1,5,6
2020,0-4,1580,1557,3137
2020,5-9,2127,1934,4061
2020,10-14,2113,1933,4046
2020,15-19,2257,2067,4324
2020,20-24,2652,2377,5029
2020,25-29,2829,2457,5286
2020,30-34,2655,2542,5197
2020,35-39,3271,3586,6857
2020,40-44,3954,4181,8135
2020,45-49,3341,3340,6681
2020,50-54,2746,2848,5594
2020,55-59,2517,2963,5480
2020,60-64,2284,2823,5107
2020,65-69,2100,2483,4583
2020,70-74,1243,1345,2588
2020,75-79,635,778,1413
2020,80-84,346,472,818
2020,85-89,163,220,383
2020,90-94,115,88,203
2020,95-99,19,19,38
2020,100+,0,0,0
2021,0-4,1577,1522,3099
2021,5-9,2033,1924,3957
2021,10-14,2109,1884,3993
2021,15-19,2193,2006,4199
2021,20-24,2589,2337,4926
2021,25-29,2847,2486,5333
2021,30-34,2687,2518,5205
2021,35-39,3009,3261,6270
2021,40-44,3899,4189,8088
2021,45-49,3508,3577,7085
2021,50-54,2827,2846,5673
2021,55-59,2520,2952,5472
2021,60-64,2291,2810,5101
2021,65-69,2104,2591,4695
2021,70-74,1461,1597,3058
2021,75-79,675,787,1462
2021,80-84,379,506,885
2021,85-89,157,251,408
2021,90-94,112,85,197
2021,95-99,24,24,48
2021,100+,0,0,0
2022,0-4,1570,1522,3092
2022,5-9,1907,1776,3683
2022,10-14,2132,1955,4087
2022,15-19,2189,2028,4217
2022,20-24,2474,2171,4645
2022,25-29,2883,2551,5434
2022,30-34,2714,2476,5190
2022,35-39,2806,2996,5802
2022,40-44,3774,4111,7885
2022,45-49,3649,3837,7486
2022,50-54,2923,2875,5798
2022,55-59,2575,2933,5508
2022,60-64,2311,2800,5111
2022,65-69,2131,2651,4782
2022,70-74,1554,1835,3389
2022,75-79,761,837,1598
2022,80-84,396,541,937
2022,85-89,161,273,434
2022,90-94,110,104,214
2022,95-99,31,25,56
2022,100+,0,0,0
2023,0-4,1608,1524,3132
2023,5-9,1787,1726,3513
2023,10-14,2109,1925,4034
2023,15-19,2186,2006,4192
2023,20-24,2436,2160,4596
2023,25-29,2746,2462,5208
2023,30-34,2794,2498,5292
2023,35-39,2683,2790,5473
2023,40-44,3605,3945,7550
2023,45-49,3783,4001,7784
2023,50-54,3084,2986,6070
2023,55-59,2503,2858,5361
2023,60-64,2387,2841,5228
2023,65-69,2130,2708,4838
2023,70-74,1675,2032,3707
2023,75-79,828,962,1790
2023,80-84,431,565,996
2023,85-89,182,297,479
2023,90-94,97,106,203
2023,95-99,33,29,62
2023,100+,0,0,0
2024,0-4,1672,1556,3228
2024,5-9,1644,1625,3269
2024,10-14,2100,1943,4043
2024,15-19,2190,1938,4128
2024,20-24,2368,2160,4528
2024,25-29,2684,2383,5067
2024,30-34,2813,2508,5321
2024,35-39,2615,2615,5230
2024,40-44,3404,3771,7175
2024,45-49,3866,4114,7980
2024,50-54,3210,3154,6364
2024,55-59,2525,2799,5324
2024,60-64,2374,2864,5238
2024,65-69,2152,2752,4904
2024,70-74,1764,2184,3948
2024,75-79,936,1071,2007
2024,80-84,461,632,1093
2024,85-89,203,311,514
2024,90-94,88,117,205
2024,95-99,35,32,67
2024,100+,0,0,0
2025,0-4,1678,1562,3240
2025,5-9,1580,1557,3137
2025,10-14,2127,1934,4061
2025,15-19,2113,1933,4046
2025,20-24,2257,2067,4324
2025,25-29,2652,2377,5029
2025,30-34,2819,2457,5276
2025,35-39,2630,2542,5172
2025,40-44,3231,3568,6799
2025,45-49,3877,4156,8033
2025,50-54,3250,3315,6565
2025,55-59,2647,2806,5453
2025,60-64,2395,2905,5300
2025,65-69,2127,2733,4860
2025,70-74,1882,2348,4230
2025,75-79,1041,1223,2264
2025,80-84,479,650,1129
2025,85-89,220,344,564
2025,90-94,83,130,213
2025,95-99,39,35,74
2025,100+,0,0,0
2026,0-4,1678,1563,3241
2026,5-9,1577,1522,3099
2026,10-14,2033,1924,3957
2026,15-19,2109,1884,3993
2026,20-24,2193,2006,4199
2026,25-29,2589,2337,4926
2026,30-34,2838,2486,5324
2026,35-39,2662,2518,5180
2026,40-44,2973,3246,6219
2026,45-49,3824,4164,7988
2026,50-54,3413,3548,6961
2026,55-59,2725,2804,5529
2026,60-64,2400,2894,5294
2026,65-69,2137,2722,4859
2026,70-74,1890,2455,4345
2026,75-79,1227,1451,2678
2026,80-84,511,661,1172
2026,85-89,244,371,615
2026,90-94,81,147,228
2026,95-99,38,35,73
2026,100+,0,0,0
2027,0-4,1669,1555,3224
2027,5-9,1570,1522,3092
2027,10-14,1907,1776,3683
2027,15-19,2132,1955,4087
2027,20-24,2189,2028,4217
2027,25-29,2474,2171,4645
2027,30-34,2875,2551,5426
2027,35-39,2689,2476,5165
2027,40-44,2772,2984,5756
2027,45-49,3702,4086,7788
2027,50-54,3551,3803,7354
2027,55-59,2821,2834,5655
2027,60-64,2453,2876,5329
2027,65-69,2157,2713,4870
2027,70-74,1915,2514,4429
2027,75-79,1309,1671,2980
2027,80-84,580,705,1285
2027,85-89,256,400,656
2027,90-94,84,161,245
2027,95-99,39,42,81
2027,100+,0,0,0
2028,0-4,1663,1549,3212
2028,5-9,1608,1524,3132
2028,10-14,1787,1726,3513
2028,15-19,2109,1925,4034
2028,20-24,2186,2006,4192
2028,25-29,2436,2160,4596
2028,30-34,2740,2462,5202
2028,35-39,2769,2498,5267
2028,40-44,2652,2782,5434
2028,45-49,3537,3920,7457
2028,50-54,3683,3964,7647
2028,55-59,2977,2943,5920
2028,60-64,2384,2804,5188
2028,65-69,2230,2755,4985
2028,70-74,1917,2570,4487
2028,75-79,1414,1853,3267
2028,80-84,631,815,1446
2028,85-89,283,417,700
2028,90-94,94,175,269
2028,95-99,33,41,74
2028,100+,0,0,0
2029,0-4,1656,1544,3200
2029,5-9,1672,1556,3228
2029,10-14,1644,1625,3269
2029,15-19,2100,1943,4043
2029,20-24,2190,1938,4128
2029,25-29,2368,2160,4528
2029,30-34,2678,2383,5061
2029,35-39,2789,2508,5297
2029,40-44,2586,2610,5196
2029,45-49,3339,3746,7085
2029,50-54,3765,4075,7840
2029,55-59,3099,3109,6208
2029,60-64,2409,2746,5155
2029,65-69,2219,2780,4999
2029,70-74,1939,2615,4554
2029,75-79,1491,1992,3483
2029,80-84,717,912,1629
2029,85-89,303,470,773
2029,90-94,105,184,289
2029,95-99,31,47,78
2029,100+,0,0,0
2030,0-4,1651,1540,3191
2030,5-9,1678,1562,3240
2030,10-14,1580,1557,3137
2030,15-19,2127,1934,4061
2030,20-24,2113,1933,4046
2030,25-29,2257,2067,4324
2030,30-34,2647,2377,5024
2030,35-39,2795,2457,5252
2030,40-44,2602,2539,5141
2030,45-49,3170,3543,6713
2030,50-54,3775,4116,7891
2030,55-59,3138,3266,6404
2030,60-64,2525,2753,5278
2030,65-69,2240,2821,5061
2030,70-74,1916,2596,4512
2030,75-79,1589,2141,3730
2030,80-84,799,1041,1840
2030,85-89,311,482,793
2030,90-94,115,203,318
2030,95-99,30,53,83
2030,100+,0,0,0
2031,0-4,1644,1533,3177
2031,5-9,1678,1563,3241
2031,10-14,1577,1522,3099
2031,15-19,2033,1924,3957
2031,20-24,2109,1884,3993
2031,25-29,2193,2006,4199
2031,30-34,2585,2337,4922
2031,35-39,2814,2486,5300
2031,40-44,2634,2515,5149
2031,45-49,2916,3223,6139
2031,50-54,3724,4124,7848
2031,55-59,3296,3498,6794
2031,60-64,2601,2751,5352
2031,65-69,2246,2810,5056
2031,70-74,1925,2584,4509
2031,75-79,1596,2239,3835
2031,80-84,942,1234,2176
2031,85-89,332,489,821
2031,90-94,126,220,346
2031,95-99,28,58,86
2031,100+,0,0,0
2032,0-4,1634,1524,3158
2032,5-9,1669,1555,3224
2032,10-14,1570,1522,3092
2032,15-19,1907,1776,3683
2032,20-24,2132,1955,4087
2032,25-29,2189,2028,4217
2032,30-34,2470,2171,4641
2032,35-39,2851,2551,5402
2032,40-44,2660,2472,5132
2032,45-49,2719,2962,5681
2032,50-54,3605,4047,7652
2032,55-59,3429,3753,7182
2032,60-64,2693,2780,5473
2032,65-69,2296,2791,5087
2032,70-74,1942,2576,4518
2032,75-79,1616,2294,3910
2032,80-84,1001,1418,2419
2032,85-89,379,523,902
2032,90-94,133,238,371
2032,95-99,29,64,93
2032,100+,0,0,0
2033,0-4,1622,1514,3136
2033,5-9,1663,1549,3212
2033,10-14,1608,1524,3132
2033,15-19,1787,1726,3513
2033,20-24,2109,1925,4034
2033,25-29,2186,2006,4192
2033,30-34,2432,2160,4592
2033,35-39,2717,2462,5179
2033,40-44,2739,2494,5233
2033,45-49,2601,2760,5361
2033,50-54,3444,3882,7326
2033,55-59,3556,3914,7470
2033,60-64,2842,2889,5731
2033,65-69,2232,2722,4954
2033,70-74,2009,2618,4627
2033,75-79,1615,2345,3960
2033,80-84,1080,1573,2653
2033,85-89,413,607,1020
2033,90-94,147,246,393
2033,95-99,33,70,103
2033,100+,0,0,0
2034,0-4,1613,1505,3118
2034,5-9,1656,1544,3200
2034,10-14,1672,1556,3228
2034,15-19,1644,1625,3269
2034,20-24,2100,1943,4043
2034,25-29,2190,1938,4128
2034,30-34,2364,2160,4524
2034,35-39,2656,2383,5039
2034,40-44,2758,2505,5263
2034,45-49,2537,2588,5125
2034,50-54,3249,3710,6959
2034,55-59,3635,4022,7657
2034,60-64,2958,3053,6011
2034,65-69,2255,2665,4920
2034,70-74,2001,2640,4641
2034,75-79,1634,2385,4019
2034,80-84,1137,1690,2827
2034,85-89,472,684,1156
2034,90-94,158,277,435
2034,95-99,39,74,113
2034,100+,0,0,0
2035,0-4,1600,1493,3093
2035,5-9,1651,1540,3191
2035,10-14,1678,1562,3240
2035,15-19,1580,1557,3137
2035,20-24,2127,1934,4061
2035,25-29,2113,1933,4046
2035,30-34,2256,2067,4323
2035,35-39,2624,2377,5001
2035,40-44,2764,2457,5221
2035,45-49,2554,2516,5070
2035,50-54,3086,3510,6596
2035,55-59,3647,4064,7711
2035,60-64,2999,3212,6211
2035,65-69,2369,2675,5044
2035,70-74,2024,2684,4708
2035,75-79,1622,2373,3995
2035,80-84,1215,1821,3036
2035,85-89,527,787,1314
2035,90-94,162,289,451
2035,95-99,43,83,126
2035,100+,0,0,0
2036,0-4,1585,1479,3064
2036,5-9,1644,1533,3177
2036,10-14,1678,1563,3241
2036,15-19,1577,1522,3099
2036,20-24,2033,1924,3957
2036,25-29,2109,1884,3993
2036,30-34,2193,2006,4199
2036,35-39,2563,2337,4900
2036,40-44,2784,2486,5270
2036,45-49,2585,2494,5079
2036,50-54,2840,3194,6034
2036,55-59,3599,4073,7672
2036,60-64,3153,3441,6594
2036,65-69,2445,2675,5120
2036,70-74,2035,2679,4714
2036,75-79,1636,2368,4004
2036,80-84,1228,1913,3141
2036,85-89,626,937,1563
2036,90-94,176,295,471
2036,95-99,47,91,138
2036,100+,0,0,0
2037,0-4,1572,1466,3038
2037,5-9,1634,1524,3158
2037,10-14,1669,1555,3224
2037,15-19,1570,1522,3092
2037,20-24,1907,1776,3683
2037,25-29,2132,1955,4087
2037,30-34,2189,2028,4217
2037,35-39,2451,2171,4622
2037,40-44,2821,2550,5371
2037,45-49,2612,2454,5066
2037,50-54,2650,2936,5586
2037,55-59,3486,3997,7483
2037,60-64,3283,3690,6973
2037,65-69,2534,2708,5242
2037,70-74,2084,2664,4748
2037,75-79,1656,2366,4022
2037,80-84,1246,1967,3213
2037,85-89,669,1080,1749
2037,90-94,203,322,525
2037,95-99,49,101,150
2037,100+,0,0,0
2038,0-4,1557,1452,3009
2038,5-9,1622,1514,3136
2038,10-14,1663,1549,3212
2038,15-19,1608,1524,3132
2038,20-24,1787,1726,3513
2038,25-29,2109,1925,4034
2038,30-34,2186,2006,4192
2038,35-39,2416,2160,4576
2038,40-44,2689,2461,5150
2038,45-49,2690,2477,5167
2038,50-54,2537,2735,5272
2038,55-59,3331,3835,7166
2038,60-64,3409,3849,7258
2038,65-69,2678,2817,5495
2038,70-74,2030,2601,4631
2038,75-79,1718,2410,4128
2038,80-84,1250,2020,3270
2038,85-89,724,1204,1928
2038,90-94,222,379,601
2038,95-99,55,106,161
2038,100+,0,0,0
2039,0-4,1540,1437,2977
2039,5-9,1613,1505,3118
2039,10-14,1656,1544,3200
2039,15-19,1672,1556,3228
2039,20-24,1644,1625,3269
2039,25-29,2100,1943,4043
2039,30-34,2190,1938,4128
2039,35-39,2351,2160,4511
2039,40-44,2628,2383,5011
2039,45-49,2709,2488,5197
2039,50-54,2474,2563,5037
2039,55-59,3145,3666,6811
2039,60-64,3487,3959,7446
2039,65-69,2789,2979,5768
2039,70-74,2056,2552,4608
2039,75-79,1716,2438,4154
2039,80-84,1271,2058,3329
2039,85-89,766,1298,2064
2039,90-94,257,436,693
2039,95-99,60,120,180
2039,100+,0,0,0
2040,0-4,1523,1422,2945
2040,5-9,1600,1493,3093
2040,10-14,1651,1540,3191
2040,15-19,1678,1562,3240
2040,20-24,1580,1557,3137
2040,25-29,2127,1934,4061
2040,30-34,2113,1933,4046
2040,35-39,2244,2067,4311
2040,40-44,2596,2375,4971
2040,45-49,2716,2440,5156
2040,50-54,2490,2491,4981
2040,55-59,2987,3469,6456
2040,60-64,3498,4001,7499
2040,65-69,2829,3131,5960
2040,70-74,2160,2561,4721
2040,75-79,1735,2477,4212
2040,80-84,1263,2047,3310
2040,85-89,817,1396,2213
2040,90-94,284,499,783
2040,95-99,63,125,188
2040,100+,0,0,0
2041,0-4,1505,1406,2911
2041,5-9,1585,1479,3064
2041,10-14,1644,1533,3177
2041,15-19,1678,1563,3241
2041,20-24,1577,1522,3099
2041,25-29,2033,1924,3957
2041,30-34,2109,1884,3993
2041,35-39,2182,2006,4188
2041,40-44,2536,2335,4871
2041,45-49,2735,2468,5203
2041,50-54,2520,2469,4989
2041,55-59,2747,3156,5903
2041,60-64,3452,4008,7460
2041,65-69,2976,3356,6332
2041,70-74,2230,2562,4792
2041,75-79,1745,2471,4216
2041,80-84,1276,2041,3317
2041,85-89,827,1466,2293
2041,90-94,339,590,929
2041,95-99,67,128,195
2041,100+,0,0,0
2042,0-4,1484,1387,2871
2042,5-9,1572,1466,3038
2042,10-14,1634,1524,3158
2042,15-19,1669,1555,3224
2042,20-24,1570,1522,3092
2042,25-29,1907,1776,3683
2042,30-34,2132,1955,4087
2042,35-39,2178,2028,4206
2042,40-44,2425,2171,4596
2042,45-49,2771,2531,5302
2042,50-54,2546,2429,4975
2042,55-59,2562,2901,5463
2042,60-64,3343,3933,7276
2042,65-69,3098,3599,6697
2042,70-74,2314,2592,4906
2042,75-79,1788,2457,4245
2042,80-84,1288,2038,3326
2042,85-89,834,1506,2340
2042,90-94,361,679,1040
2042,95-99,77,140,217
2042,100+,0,0,0
2043,0-4,1462,1367,2829
2043,5-9,1557,1452,3009
2043,10-14,1622,1514,3136
2043,15-19,1663,1549,3212
2043,20-24,1608,1524,3132
2043,25-29,1787,1726,3513
2043,30-34,2109,1925,4034
2043,35-39,2175,2006,4181
2043,40-44,2389,2160,4549
2043,45-49,2641,2444,5085
2043,50-54,2621,2452,5073
2043,55-59,2454,2703,5157
2043,60-64,3195,3772,6967
2043,65-69,3216,3754,6970
2043,70-74,2443,2698,5141
2043,75-79,1740,2401,4141
2043,80-84,1338,2081,3419
2043,85-89,837,1546,2383
2043,90-94,389,758,1147
2043,95-99,84,165,249
2043,100+,0,0,0
2044,0-4,1438,1345,2783
2044,5-9,1540,1437,2977
2044,10-14,1613,1505,3118
2044,15-19,1656,1544,3200
2044,20-24,1672,1556,3228
2044,25-29,1644,1625,3269
2044,30-34,2100,1943,4043
2044,35-39,2179,1938,4117
2044,40-44,2324,2160,4484
2044,45-49,2581,2367,4948
2044,50-54,2640,2463,5103
2044,55-59,2395,2535,4930
2044,60-64,3015,3606,6621
2044,65-69,3290,3861,7151
2044,70-74,2543,2853,5396
2044,75-79,1763,2354,4117
2044,80-84,1337,2107,3444
2044,85-89,854,1573,2427
2044,90-94,412,815,1227
2044,95-99,100,191,291
2044,100+,0,0,0
2045,0-4,1414,1323,2737
2045,5-9,1523,1422,2945
2045,10-14,1600,1493,3093
2045,15-19,1651,1540,3191
2045,20-24,1678,1562,3240
2045,25-29,1580,1557,3137
2045,30-34,2127,1934,4061
2045,35-39,2103,1933,4036
2045,40-44,2218,2067,4285
2045,45-49,2551,2363,4914
2045,50-54,2646,2415,5061
2045,55-59,2415,2466,4881
2045,60-64,2865,3412,6277
2045,65-69,3302,3904,7206
2045,70-74,2583,3003,5586
2045,75-79,1861,2370,4231
2045,80-84,1355,2145,3500
2045,85-89,853,1570,2423
2045,90-94,440,880,1320
2045,95-99,111,223,334
2045,100+,0,0,0
2046,0-4,1391,1302,2693
2046,5-9,1505,1406,2911
2046,10-14,1585,1479,3064
2046,15-19,1644,1533,3177
2046,20-24,1678,1563,3241
2046,25-29,1577,1522,3099
2046,30-34,2033,1924,3957
2046,35-39,2100,1884,3984
2046,40-44,2157,2006,4163
2046,45-49,2490,2325,4815
2046,50-54,2666,2443,5109
2046,55-59,2445,2444,4889
2046,60-64,2640,3107,5747
2046,65-69,3263,3914,7177
2046,70-74,2721,3221,5942
2046,75-79,1926,2374,4300
2046,80-84,1367,2145,3512
2046,85-89,868,1574,2442
2046,90-94,450,931,1381
2046,95-99,134,267,401
2046,100+,0,0,0
2047,0-4,1366,1279,2645
2047,5-9,1484,1387,2871
2047,10-14,1572,1466,3038
2047,15-19,1634,1524,3158
2047,20-24,1669,1555,3224
2047,25-29,1570,1522,3092
2047,30-34,1907,1776,3683
2047,35-39,2126,1955,4081
2047,40-44,2153,2028,4181
2047,45-49,2381,2162,4543
2047,50-54,2702,2506,5208
2047,55-59,2469,2404,4873
2047,60-64,2465,2860,5325
2047,65-69,3164,3842,7006
2047,70-74,2840,3457,6297
2047,75-79,2000,2405,4405
2047,80-84,1405,2136,3541
2047,85-89,879,1580,2459
2047,90-94,454,963,1417
2047,95-99,142,312,454
2047,100+,0,0,0
2048,0-4,1342,1256,2598
2048,5-9,1462,1367,2829
2048,10-14,1557,1452,3009
2048,15-19,1622,1514,3136
2048,20-24,1663,1549,3212
2048,25-29,1608,1524,3132
2048,30-34,1787,1726,3513
2048,35-39,2103,1925,4028
2048,40-44,2150,2006,4156
2048,45-49,2348,2152,4500
2048,50-54,2575,2419,4994
2048,55-59,2543,2427,4970
2048,60-64,2363,2666,5029
2048,65-69,3025,3687,6712
2048,70-74,2954,3610,6564
2048,75-79,2112,2509,4621
2048,80-84,1372,2092,3464
2048,85-89,917,1624,2541
2048,90-94,456,995,1451
2048,95-99,153,351,504
2048,100+,0,0,0
2049,0-4,1319,1234,2553
2049,5-9,1438,1345,2783
2049,10-14,1540,1437,2977
2049,15-19,1613,1505,3118
2049,20-24,1656,1544,3200
2049,25-29,1672,1556,3228
2049,30-34,1644,1625,3269
2049,35-39,2094,1943,4037
2049,40-44,2155,1938,4093
2049,45-49,2285,2153,4438
2049,50-54,2518,2343,4861
2049,55-59,2560,2438,4998
2049,60-64,2306,2501,4807
2049,65-69,2859,3526,6385
2049,70-74,3023,3715,6738
2049,75-79,2202,2656,4858
2049,80-84,1393,2057,3450
2049,85-89,918,1650,2568
2049,90-94,468,1019,1487
2049,95-99,161,378,539
2049,100+,0,0,0
2050,0-4,1298,1213,2511
2050,5-9,1414,1323,2737
2050,10-14,1523,1422,2945
2050,15-19,1600,1493,3093
2050,20-24,1651,1540,3191
2050,25-29,1678,1562,3240
2050,30-34,1580,1557,3137
2050,35-39,2120,1934,4054
2050,40-44,2080,1933,4013
2050,45-49,2181,2061,4242
2050,50-54,2490,2338,4828
2050,55-59,2567,2390,4957
2050,60-64,2324,2434,4758
2050,65-69,2715,3337,6052
2050,70-74,3030,3754,6784
2050,75-79,2238,2796,5034
2050,80-84,1474,2072,3546
2050,85-89,930,1678,2608
2050,90-94,469,1013,1482
2050,95-99,171,407,578
2050,100+,0,0,0
2051,0-4,1279,1194,2473
2051,5-9,1391,1302,2693
2051,10-14,1505,1406,2911
2051,15-19,1585,1479,3064
2051,20-24,1644,1533,3177
2051,25-29,1678,1563,3241
2051,30-34,1577,1522,3099
2051,35-39,2026,1924,3950
2051,40-44,2077,1884,3961
2051,45-49,2121,2001,4122
2051,50-54,2432,2300,4732
2051,55-59,2587,2418,5005
2051,60-64,2352,2411,4763
2051,65-69,2501,3038,5539
2051,70-74,2994,3764,6758
2051,75-79,2358,2999,5357
2051,80-84,1524,2073,3597
2051,85-89,940,1676,2616
2051,90-94,479,1016,1495
2051,95-99,175,428,603
2051,100+,0,0,0
2052,0-4,1262,1178,2440
2052,5-9,1366,1279,2645
2052,10-14,1484,1387,2871
2052,15-19,1572,1466,3038
2052,20-24,1634,1524,3158
2052,25-29,1669,1555,3224
2052,30-34,1570,1522,3092
2052,35-39,1902,1776,3678
2052,40-44,2101,1955,4056
2052,45-49,2118,2023,4141
2052,50-54,2325,2139,4464
2052,55-59,2621,2481,5102
2052,60-64,2376,2372,4748
2052,65-69,2336,2796,5132
2052,70-74,2902,3695,6597
2052,75-79,2463,3218,5681
2052,80-84,1583,2101,3684
2052,85-89,964,1667,2631
2052,90-94,484,1021,1505
2052,95-99,177,441,618
2052,100+,0,0,0
2053,0-4,1247,1165,2412
2053,5-9,1342,1256,2598
2053,10-14,1462,1367,2829
2053,15-19,1557,1452,3009
2053,20-24,1622,1514,3136
2053,25-29,1663,1549,3212
2053,30-34,1608,1524,3132
2053,35-39,1783,1726,3509
2053,40-44,2079,1925,4004
2053,45-49,2115,2001,4116
2053,50-54,2292,2129,4421
2053,55-59,2499,2394,4893
2053,60-64,2447,2395,4842
2053,65-69,2240,2606,4846
2053,70-74,2774,3546,6320
2053,75-79,2563,3361,5924
2053,80-84,1669,2193,3862
2053,85-89,941,1635,2576
2053,90-94,504,1054,1558
2053,95-99,177,455,632
2053,100+,0,0,0
2054,0-4,1235,1154,2389
2054,5-9,1319,1234,2553
2054,10-14,1438,1345,2783
2054,15-19,1540,1437,2977
2054,20-24,1613,1505,3118
2054,25-29,1656,1544,3200
2054,30-34,1672,1556,3228
2054,35-39,1642,1625,3267
2054,40-44,2070,1943,4013
2054,45-49,2120,1934,4054
2054,50-54,2229,2129,4358
2054,55-59,2441,2318,4759
2054,60-64,2464,2405,4869
2054,65-69,2187,2444,4631
2054,70-74,2622,3391,6013
2054,75-79,2619,3458,6077
2054,80-84,1739,2323,4062
2054,85-89,958,1608,2566
2054,90-94,505,1071,1576
2054,95-99,184,464,648
2054,100+,0,0,0
2055,0-4,1224,1144,2368
2055,5-9,1298,1213,2511
2055,10-14,1414,1323,2737
2055,15-19,1523,1422,2945
2055,20-24,1600,1493,3093
2055,25-29,1651,1540,3191
2055,30-34,1678,1562,3240
2055,35-39,1579,1557,3136
2055,40-44,2097,1934,4031
2055,45-49,2046,1929,3975
2055,50-54,2129,2038,4167
2055,55-59,2414,2313,4727
2055,60-64,2472,2360,4832
2055,65-69,2207,2379,4586
2055,70-74,2495,3211,5706
2055,75-79,2627,3499,6126
2055,80-84,1773,2455,4228
2055,85-89,1020,1628,2648
2055,90-94,513,1093,1606
2055,95-99,185,465,650
2055,100+,0,0,0
2056,0-4,1213,1135,2348
2056,5-9,1279,1194,2473
2056,10-14,1391,1302,2693
2056,15-19,1505,1406,2911
2056,20-24,1585,1479,3064
2056,25-29,1644,1533,3177
2056,30-34,1678,1563,3241
2056,35-39,1576,1522,3098
2056,40-44,2005,1924,3929
2056,45-49,2044,1881,3925
2056,50-54,2071,1978,4049
2056,55-59,2358,2275,4633
2056,60-64,2492,2389,4881
2056,65-69,2236,2359,4595
2056,70-74,2299,2925,5224
2056,75-79,2601,3512,6113
2056,80-84,1878,2640,4518
2056,85-89,1060,1635,2695
2056,90-94,523,1097,1620
2056,95-99,191,472,663
2056,100+,0,0,0
2057,0-4,1204,1127,2331
2057,5-9,1262,1178,2440
2057,10-14,1366,1279,2645
2057,15-19,1484,1387,2871
2057,20-24,1572,1466,3038
2057,25-29,1634,1524,3158
2057,30-34,1669,1555,3224
2057,35-39,1570,1522,3092
2057,40-44,1882,1776,3658
2057,45-49,2068,1953,4021
2057,50-54,2068,2000,4068
2057,55-59,2256,2114,4370
2057,60-64,2526,2452,4978
2057,65-69,2260,2323,4583
2057,70-74,2149,2694,4843
2057,75-79,2527,3451,5978
2057,80-84,1969,2837,4806
2057,85-89,1106,1662,2768
2057,90-94,540,1095,1635
2057,95-99,194,479,673
2057,100+,0,0,0
2058,0-4,1196,1119,2315
2058,5-9,1247,1165,2412
2058,10-14,1342,1256,2598
2058,15-19,1462,1367,2829
2058,20-24,1557,1452,3009
2058,25-29,1622,1514,3136
2058,30-34,1663,1549,3212
2058,35-39,1608,1524,3132
2058,40-44,1765,1726,3491
2058,45-49,2047,1923,3970
2058,50-54,2065,1979,4044
2058,55-59,2226,2104,4330
2058,60-64,2408,2367,4775
2058,65-69,2330,2345,4675
2058,70-74,2066,2512,4578
2058,75-79,2418,3316,5734
2058,80-84,2054,2968,5022
2058,85-89,1167,1743,2910
2058,90-94,529,1083,1612
2058,95-99,206,503,709
2058,100+,0,0,0
2059,0-4,1189,1112,2301
2059,5-9,1235,1154,2389
2059,10-14,1319,1234,2553
2059,15-19,1438,1345,2783
2059,20-24,1540,1437,2977
2059,25-29,1613,1505,3118
2059,30-34,1656,1544,3200
2059,35-39,1671,1556,3227
2059,40-44,1626,1625,3251
2059,45-49,2038,1940,3978
2059,50-54,2071,1913,3984
2059,55-59,2166,2104,4270
2059,60-64,2354,2290,4644
2059,65-69,2349,2357,4706
2059,70-74,2021,2361,4382
2059,75-79,2289,3172,5461
2059,80-84,2100,3058,5158
2059,85-89,1219,1855,3074
2059,90-94,540,1072,1612
2059,95-99,207,515,722
2059,100+,0,0,0
2060,0-4,1182,1105,2287
2060,5-9,1224,1144,2368
2060,10-14,1298,1213,2511
2060,15-19,1414,1323,2737
2060,20-24,1523,1422,2945
2060,25-29,1600,1493,3093
2060,30-34,1651,1540,3191
2060,35-39,1677,1562,3239
2060,40-44,1563,1557,3120
2060,45-49,2063,1931,3994
2060,50-54,1999,1909,3908
2060,55-59,2069,2013,4082
2060,60-64,2330,2284,4614
2060,65-69,2356,2313,4669
2060,70-74,2043,2301,4344
2060,75-79,2175,3003,5178
2060,80-84,2102,3092,5194
2060,85-89,1244,1962,3206
2060,90-94,576,1089,1665
2060,95-99,209,524,733
2060,100+,0,0,0
2061,0-4,1175,1097,2272
2061,5-9,1213,1135,2348
2061,10-14,1279,1194,2473
2061,15-19,1391,1302,2693
2061,20-24,1505,1406,2911
2061,25-29,1585,1479,3064
2061,30-34,1644,1533,3177
2061,35-39,1677,1563,3240
2061,40-44,1560,1522,3082
2061,45-49,1972,1920,3892
2061,50-54,1996,1863,3859
2061,55-59,2014,1953,3967
2061,60-64,2277,2247,4524
2061,65-69,2375,2341,4716
2061,70-74,2068,2280,4348
2061,75-79,2004,2734,4738
2061,80-84,2082,3104,5186
2061,85-89,1321,2107,3428
2061,90-94,596,1092,1688
2061,95-99,214,524,738
2061,100+,0,0,0
2062,0-4,1168,1089,2257
2062,5-9,1204,1127,2331
2062,10-14,1262,1178,2440
2062,15-19,1366,1279,2645
2062,20-24,1484,1387,2871
2062,25-29,1572,1466,3038
2062,30-34,1634,1524,3158
2062,35-39,1668,1555,3223
2062,40-44,1553,1522,3075
2062,45-49,1852,1775,3627
2062,50-54,2019,1932,3951
2062,55-59,2013,1975,3988
2062,60-64,2178,2089,4267
2062,65-69,2406,2402,4808
2062,70-74,2088,2245,4333
2062,75-79,1876,2519,4395
2062,80-84,2022,3048,5070
2062,85-89,1384,2262,3646
2062,90-94,623,1110,1733
2062,95-99,220,521,741
2062,100+,0,0,0
2063,0-4,1160,1081,2241
2063,5-9,1196,1119,2315
2063,10-14,1247,1165,2412
2063,15-19,1342,1256,2598
2063,20-24,1462,1367,2829
2063,25-29,1557,1452,3009
2063,30-34,1622,1514,3136
2063,35-39,1662,1549,3211
2063,40-44,1590,1524,3114
2063,45-49,1736,1725,3461
2063,50-54,1998,1903,3901
2063,55-59,2010,1954,3964
2063,60-64,2147,2079,4226
2063,65-69,2294,2319,4613
2063,70-74,2155,2266,4421
2063,75-79,1808,2351,4159
2063,80-84,1934,2925,4859
2063,85-89,1442,2367,3809
2063,90-94,657,1169,1826
2063,95-99,214,516,730
2063,100+,0,0,0
2064,0-4,1150,1073,2223
2064,5-9,1189,1112,2301
2064,10-14,1235,1154,2389
2064,15-19,1319,1234,2553
2064,20-24,1438,1345,2783
2064,25-29,1540,1437,2977
2064,30-34,1613,1505,3118
2064,35-39,1655,1544,3199
2064,40-44,1652,1556,3208
2064,45-49,1599,1624,3223
2064,50-54,1989,1921,3910
2064,55-59,2014,1888,3902
2064,60-64,2089,2078,4167
2064,65-69,2242,2246,4488
2064,70-74,2172,2276,4448
2064,75-79,1769,2211,3980
2064,80-84,1830,2799,4629
2064,85-89,1472,2436,3908
2064,90-94,686,1244,1930
2064,95-99,217,511,728
2064,100+,0,0,0
2065,0-4,1141,1065,2206
2065,5-9,1182,1105,2287
2065,10-14,1224,1144,2368
2065,15-19,1298,1213,2511
2065,20-24,1414,1323,2737
2065,25-29,1523,1422,2945
2065,30-34,1600,1493,3093
2065,35-39,1651,1540,3191
2065,40-44,1658,1562,3220
2065,45-49,1538,1557,3095
2065,50-54,2015,1912,3927
2065,55-59,1944,1884,3828
2065,60-64,1995,1988,3983
2065,65-69,2221,2241,4462
2065,70-74,2180,2235,4415
2065,75-79,1792,2158,3950
2065,80-84,1742,2653,4395
2065,85-89,1473,2466,3939
2065,90-94,703,1324,2027
2065,95-99,234,527,761
2065,100+,0,0,0
