year,age_range,male,female,total
2019,0-4,79079,74046,153125
2019,5-9,87615,81702,169317
2019,10-14,85469,78676,164145
2019,15-19,108348,98824,207172
2019,20-24,131181,122355,253536
2019,25-29,144583,133323,277906
2019,30-34,139302,135668,274970
2019,35-39,167687,172821,340508
2019,40-44,169819,178374,348193
2019,45-49,152109,162276,314385
2019,50-54,149580,167986,317566
2019,55-59,150835,172974,323809
2019,60-64,137791,161312,299103
2019,65-69,112575,131358,243933
2019,70-74,60762,70825,131587
2019,75-79,40083,50301,90384
2019,80-84,22150,32441,54591
2019,85-89,13696,17099,30795
2019,90-94,7170,7700,14870
2019,95-99,1914,2066,3980
2019,100+,361,324,685
2020,0-4,76916,72076,148992
2020,5-9,90028,84160,174188
2020,10-14,83125,76095,159220
2020,15-19,99796,91448,191244
2020,20-24,128972,119720,248692
2020,25-29,142593,131756,274349
2020,30-34,139585,133874,273459
2020,35-39,162121,166139,328260
2020,40-44,173499,181724,355223
2020,45-49,150954,160926,311880
2020,50-54,149132,166413,315545
2020,55-59,150643,173353,323996
2020,60-64,138553,162849,301402
2020,65-69,119320,140480,259800
2020,70-74,68883,81142,150025
2020,75-79,39899,49752,89651
2020,80-84,23671,34720,58391
2020,85-89,13262,18251,31513
2020,90-94,7479,8140,15619
2020,95-99,2016,2149,4165
2020,100+,0,0,0
2021,0-4,74712,69963,144675
2021,5-9,89914,83981,173895
2021,10-14,82623,76104,158727
2021,15-19,94212,86116,180328
2021,20-24,124175,114863,239038
2021,25-29,141541,131608,273149
2021,30-34,141702,133636,275338
2021,35-39,152942,155683,308625
2021,40-44,173367,181779,355146
2021,45-49,154736,164603,319339
2021,50-54,149364,164686,314050
2021,55-59,149358,172864,322222
2021,60-64,138913,163725,302638
2021,65-69,122528,145766,268294
2021,70-74,80021,94904,174925
2021,75-79,39856,49756,89612
2021,80-84,25527,36962,62489
2021,85-89,13025,19323,32348
2021,90-94,7453,8525,15978
2021,95-99,2148,2338,4486
2021,100+,0,0,0
2022,0-4,72849,68117,140966
2022,5-9,85978,80220,166198
2022,10-14,85550,79229,164779
2022,15-19,90364,82589,172953
2022,20-24,117193,108387,225580
2022,25-29,140504,130675,271179
2022,30-34,143768,134050,277818
2022,35-39,145057,146046,291103
2022,40-44,173335,181447,354782
2022,45-49,158353,168360,326713
2022,50-54,148934,163505,312439
2022,55-59,147064,170251,317315
2022,60-64,141582,166977,308559
2022,65-69,123571,148208,271779
2022,70-74,88650,106571,195221
2022,75-79,42330,52646,94976
2022,80-84,26936,38848,65784
2022,85-89,13117,20600,33717
2022,90-94,7416,8930,16346
2022,95-99,2226,2537,4763
2022,100+,0,0,0
2023,0-4,71337,66610,137947
2023,5-9,82953,77616,160569
2023,10-14,86719,80575,167294
2023,15-19,87558,80155,167713
2023,20-24,113031,103926,216957
2023,25-29,135231,126223,261454
2023,30-34,143968,133244,277212
2023,35-39,141393,140319,281712
2023,40-44,170568,178129,348697
2023,45-49,162099,172524,334623
2023,50-54,148428,161892,310320
2023,55-59,145004,167070,312074
2023,60-64,143534,169748,313282
2023,65-69,125479,151748,277227
2023,70-74,95947,116740,212687
2023,75-79,45630,57029,102659
2023,80-84,28532,40581,69113
2023,85-89,13464,22017,35481
2023,90-94,7181,9247,16428
2023,95-99,2349,2732,5081
2023,100+,0,0,0
2024,0-4,70853,65891,136744
2024,5-9,79022,73999,153021
2024,10-14,87564,81667,169231
2024,15-19,85344,78620,163964
2024,20-24,108082,98721,206803
2024,25-29,130777,122190,252967
2024,30-34,143946,133058,277004
2024,35-39,138286,135257,273543
2024,40-44,165613,172060,337673
2024,45-49,166558,177199,343757
2024,50-54,147957,160648,308605
2024,55-59,144070,165566,309636
2024,60-64,143392,169404,312796
2024,65-69,128264,156101,284365
2024,70-74,100781,124152,224933
2024,75-79,50996,64226,115222
2024,80-84,30087,42026,72113
2024,85-89,14156,23628,37784
2024,90-94,6798,9739,16537
2024,95-99,2481,2848,5329
2024,100+,0,0,0
2025,0-4,68428,63645,132073
2025,5-9,76862,72032,148894
2025,10-14,89976,84124,174100
2025,15-19,83011,76043,159054
2025,20-24,99559,91354,190913
2025,25-29,128589,119560,248149
2025,30-34,141983,131497,273480
2025,35-39,138591,133475,272066
2025,40-44,160134,165415,325549
2025,45-49,170176,180539,350715
2025,50-54,146872,159338,306210
2025,55-59,143718,164063,307781
2025,60-64,143323,169851,313174
2025,65-69,129146,157720,286866
2025,70-74,106954,132909,239863
2025,75-79,57913,73703,131616
2025,80-84,29993,41645,71638
2025,85-89,15235,25442,40677
2025,90-94,6645,10512,17157
2025,95-99,2607,3046,5653
2025,100+,0,0,0
2026,0-4,66173,61568,127741
2026,5-9,74661,69923,144584
2026,10-14,89864,83947,173811
2026,15-19,82516,76055,158571
2026,20-24,93995,86030,180025
2026,25-29,123818,114711,238529
2026,30-34,140954,131353,272307
2026,35-39,140710,133243,273953
2026,40-44,151085,155013,306098
2026,45-49,170072,180608,350680
2026,50-54,150598,163008,313606
2026,55-59,144002,162401,306403
2026,60-64,142201,169435,311636
2026,65-69,129646,158686,288332
2026,70-74,110022,138081,248103
2026,75-79,67390,86331,153721
2026,80-84,30046,41760,71806
2026,85-89,16507,27198,43705
2026,90-94,6573,11231,17804
2026,95-99,2604,3239,5843
2026,100+,0,0,0
2027,0-4,64068,59619,123687
2027,5-9,72802,68081,140883
2027,10-14,85935,80190,166125
2027,15-19,85445,79181,164626
2027,20-24,90161,82507,172668
2027,25-29,116868,108247,225115
2027,30-34,139938,130427,270365
2027,35-39,142777,133658,276435
2027,40-44,143317,145425,288742
2027,45-49,170058,180290,350348
2027,50-54,154146,166748,320894
2027,55-59,143631,161268,304899
2027,60-64,140110,166933,307043
2027,65-69,132263,161930,294193
2027,70-74,111090,140526,251616
2027,75-79,74756,97077,171833
2027,80-84,32083,44402,76485
2027,85-89,17474,28680,46154
2027,90-94,6681,12076,18757
2027,95-99,2596,3442,6038
2027,100+,0,0,0
2028,0-4,62051,57763,119814
2028,5-9,71295,66576,137871
2028,10-14,82916,77589,160505
2028,15-19,86615,80527,167142
2028,20-24,87370,80080,167450
2028,25-29,112728,103794,216522
2028,30-34,134700,125986,260686
2028,35-39,142992,132861,275853
2028,40-44,139727,139731,279458
2028,45-49,167357,177002,344359
2028,50-54,157818,170891,328709
2028,55-59,143189,159705,302894
2028,60-64,138243,163875,302118
2028,65-69,134213,164713,298926
2028,70-74,112947,144012,256959
2028,75-79,80966,106428,187394
2028,80-84,34777,48331,83108
2028,85-89,18560,30034,48594
2028,90-94,6907,12979,19886
2028,95-99,2517,3602,6119
2028,100+,0,0,0
2029,0-4,60101,55968,116069
2029,5-9,70816,65860,136676
2029,10-14,78990,73973,152963
2029,15-19,87464,81619,169083
2029,20-24,85166,78549,163715
2029,25-29,107800,98599,206399
2029,30-34,130274,121963,252237
2029,35-39,142988,132678,275666
2029,40-44,136683,134698,271381
2029,45-49,162513,170981,333494
2029,50-54,162181,175538,337719
2029,55-59,142776,158507,301283
2029,60-64,137438,162452,299890
2029,65-69,134200,164464,298664
2029,70-74,115597,148268,263865
2029,75-79,85133,113295,198428
2029,80-84,39094,54699,93793
2029,85-89,19620,31194,50814
2029,90-94,7298,14010,21308
2029,95-99,2387,3831,6218
2029,100+,0,0,0
2030,0-4,58143,54176,112319
2030,5-9,68394,63615,132009
2030,10-14,76829,72006,148835
2030,15-19,89872,84074,173946
2030,20-24,82836,75975,158811
2030,25-29,99299,91243,190542
2030,30-34,128095,119338,247433
2030,35-39,141038,131123,272161
2030,40-44,136995,132926,269921
2030,45-49,157129,164373,321502
2030,50-54,165688,178840,344528
2030,55-59,141732,157218,298950
2030,60-64,137111,160979,298090
2030,65-69,134128,164893,299021
2030,70-74,116410,149810,266220
2030,75-79,90287,121228,211515
2030,80-84,44354,62727,107081
2030,85-89,19501,30840,50341
2030,90-94,7879,15103,22982
2030,95-99,2350,4151,6501
2030,100+,0,0,0
2031,0-4,56144,52335,108479
2031,5-9,66140,61539,127679
2031,10-14,74629,69897,144526
2031,15-19,89759,83898,173657
2031,20-24,82343,75986,158329
2031,25-29,93750,85926,179676
2031,30-34,123343,114498,237841
2031,35-39,140014,130981,270995
2031,40-44,139087,132693,271780
2031,45-49,148242,154034,302276
2031,50-54,165591,178908,344499
2031,55-59,145348,160849,306197
2031,60-64,137384,159350,296734
2031,65-69,133060,164475,297535
2031,70-74,116881,150737,267618
2031,75-79,92899,125949,218848
2031,80-84,51577,73430,125007
2031,85-89,19521,30912,50433
2031,90-94,8541,16128,24669
2031,95-99,2332,4439,6771
2031,100+,0,0,0
2032,0-4,54090,50452,104542
2032,5-9,64036,59590,123626
2032,10-14,72770,68056,140826
2032,15-19,85834,80142,165976
2032,20-24,85267,79109,164376
2032,25-29,89926,82408,172334
2032,30-34,116420,108045,224465
2032,35-39,139003,130057,269060
2032,40-44,141123,133107,274230
2032,45-49,140624,144507,285131
2032,50-54,165569,178592,344161
2032,55-59,148774,164540,313314
2032,60-64,137019,158233,295252
2032,65-69,131093,162033,293126
2032,70-74,119216,153797,273013
2032,75-79,93750,128141,221891
2032,80-84,57154,82515,139669
2032,85-89,20923,32995,53918
2032,90-94,9028,16980,26008
2032,95-99,2387,4778,7165
2032,100+,0,0,0
2033,0-4,52100,48616,100716
2033,5-9,62019,57734,119753
2033,10-14,71264,66551,137815
2033,15-19,82819,77543,160362
2033,20-24,86435,80452,166887
2033,25-29,87143,79983,167126
2033,30-34,112292,103600,215892
2033,35-39,133797,125625,259422
2033,40-44,141335,132314,273649
2033,45-49,137113,138852,275965
2033,50-54,162930,175334,338264
2033,55-59,152316,168627,320943
2033,60-64,136597,156697,293294
2033,65-69,129357,159073,288430
2033,70-74,120966,156440,277406
2033,75-79,95287,131298,226585
2033,80-84,61789,90339,152128
2033,85-89,22778,36057,58835
2033,90-94,9571,17742,27313
2033,95-99,2475,5123,7598
2033,100+,0,0,0
2034,0-4,50138,46804,96942
2034,5-9,60069,55940,116009
2034,10-14,70784,65835,136619
2034,15-19,78897,73928,152825
2034,20-24,87282,81543,168825
2034,25-29,84947,78455,163402
2034,30-34,107383,98415,205798
2034,35-39,129398,121612,251010
2034,40-44,141326,132131,273457
2034,45-49,134138,133854,267992
2034,50-54,158210,169365,327575
2034,55-59,156525,173211,329736
2034,60-64,136202,155526,291728
2034,65-69,128617,157693,286310
2034,70-74,120946,156200,277146
2034,75-79,97509,135168,232677
2034,80-84,64894,96082,160976
2034,85-89,25735,40995,66730
2034,90-94,10103,18407,28510
2034,95-99,2615,5529,8144
2034,100+,0,0,0
2035,0-4,48169,44972,93141
2035,5-9,58111,54150,112261
2035,10-14,68364,63590,131954
2035,15-19,76745,71966,148711
2035,20-24,89693,84000,173693
2035,25-29,82633,75885,158518
2035,30-34,98935,91077,190012
2035,35-39,127262,119005,246267
2035,40-44,139433,130594,270027
2035,45-49,134485,132116,266601
2035,50-54,153019,162852,315871
2035,55-59,160012,176532,336544
2035,60-64,135380,154369,289749
2035,65-69,128567,156452,285019
2035,70-74,121181,156897,278078
2035,75-79,98580,136987,235567
2035,80-84,69124,103204,172328
2035,85-89,29362,47314,76676
2035,90-94,10084,18375,28459
2035,95-99,2878,6113,8991
2035,100+,0,0,0
2036,0-4,46245,43189,89434
2036,5-9,56112,52309,108421
2036,10-14,66112,61514,127626
2036,15-19,74554,69861,144415
2036,20-24,89589,83825,173414
2036,25-29,82151,75899,158050
2036,30-34,93424,85772,179196
2036,35-39,122566,114186,236752
2036,40-44,138450,130464,268914
2036,45-49,136562,131898,268460
2036,50-54,144409,152637,297046
2036,55-59,160027,176663,336690
2036,60-64,139016,158039,297055
2036,65-69,129045,155028,284073
2036,70-74,120476,156749,277225
2036,75-79,99345,138220,237565
2036,80-84,71498,107688,179186
2036,85-89,34342,55712,90054
2036,90-94,10169,18637,28806
2036,95-99,3160,6651,9811
2036,100+,0,0,0
2037,0-4,44476,41543,86019
2037,5-9,54059,50426,104485
2037,10-14,64010,59565,123575
2037,15-19,72700,68022,140722
2037,20-24,85682,80076,165758
2037,25-29,85080,79022,164102
2037,30-34,89627,82265,171892
2037,35-39,115711,107757,223468
2037,40-44,137480,129554,267034
2037,45-49,138582,132323,270905
2037,50-54,137031,143223,280254
2037,55-59,160090,176404,336494
2037,60-64,142444,161752,304196
2037,65-69,128887,154074,282961
2037,70-74,118947,154645,273592
2037,75-79,101618,141350,242968
2037,80-84,72424,109933,182357
2037,85-89,38237,62920,101157
2037,90-94,11052,20253,31305
2037,95-99,3370,7113,10483
2037,100+,0,0,0
2038,0-4,42865,40046,82911
2038,5-9,52071,48590,100661
2038,10-14,61993,57709,119702
2038,15-19,71199,66519,137718
2038,20-24,82679,77481,160160
2038,25-29,86256,80367,166623
2038,30-34,86866,79849,166715
2038,35-39,111625,103329,214954
2038,40-44,132351,125147,257498
2038,45-49,138822,131550,270372
2038,50-54,133656,137644,271300
2038,55-59,157608,173230,330838
2038,60-64,145974,165851,311825
2038,65-69,128676,152702,281378
2038,70-74,117641,152045,269686
2038,75-79,103403,144114,247517
2038,80-84,73897,113006,186903
2038,85-89,41475,69113,110588
2038,90-94,12196,22502,34698
2038,95-99,3599,7529,11128
2038,100+,0,0,0
2039,0-4,41425,38709,80134
2039,5-9,50112,46778,96890
2039,10-14,60043,55915,115958
2039,15-19,70722,65804,136526
2039,20-24,78770,73871,152641
2039,25-29,87109,81459,168568
2039,30-34,84688,78327,163015
2039,35-39,106762,98162,204924
2039,40-44,128021,121156,249177
2039,45-49,138839,131379,270218
2039,50-54,130795,132713,263508
2039,55-59,153105,167373,320478
2039,60-64,150136,170431,320567
2039,65-69,128481,151675,280156
2039,70-74,117221,150922,268143
2039,75-79,103664,144192,247856
2039,80-84,75907,116700,192607
2039,85-89,43728,73774,117502
2039,90-94,13974,25982,39956
2039,95-99,3825,7918,11743
2039,100+,0,0,0
2040,0-4,40187,37559,77746
2040,5-9,48143,44947,93090
2040,10-14,58085,54125,112210
2040,15-19,68305,63559,131864
2040,20-24,76622,71911,148533
2040,25-29,89515,83912,173427
2040,30-34,82379,75762,158141
2040,35-39,98364,90845,189209
2040,40-44,125911,118559,244470
2040,45-49,136980,129851,266831
2040,50-54,131144,130995,262139
2040,55-59,148075,160931,309006
2040,60-64,153463,173688,327151
2040,65-69,127714,150555,278269
2040,70-74,117203,149750,266953
2040,75-79,103846,144816,248662
2040,80-84,76764,118280,195044
2040,85-89,46517,79139,125656
2040,90-94,15905,29922,45827
2040,95-99,3788,7841,11629
2040,100+,0,0,0
2041,0-4,39159,36598,75757
2041,5-9,46219,43164,89383
2041,10-14,56086,52285,108371
2041,15-19,66055,61484,127539
2041,20-24,74433,69808,144241
2041,25-29,89413,83737,173150
2041,30-34,81899,75777,157676
2041,35-39,92886,85554,178440
2041,40-44,121266,113761,235027
2041,45-49,136011,129722,265733
2041,50-54,133165,130775,263940
2041,55-59,139737,150835,290572
2041,60-64,153481,173819,327300
2041,65-69,131184,154155,285339
2041,70-74,117637,148389,266026
2041,75-79,103199,144644,247843
2041,80-84,77387,119360,196747
2041,85-89,48136,82579,130715
2041,90-94,18580,35176,53756
2041,95-99,3814,7946,11760
2041,100+,0,0,0
2042,0-4,38309,35803,74112
2042,5-9,44450,41518,85968
2042,10-14,54033,50403,104436
2042,15-19,63954,59536,123490
2042,20-24,72584,67971,140555
2042,25-29,85513,79992,165505
2042,30-34,84825,78895,163720
2042,35-39,89110,82057,171167
2042,40-44,114484,107356,221840
2042,45-49,135058,128815,263873
2042,50-54,135130,131197,266327
2042,55-59,132598,141533,274131
2042,60-64,153535,173560,327095
2042,65-69,134420,157782,292202
2042,70-74,117463,147458,264921
2042,75-79,101865,142666,244531
2042,80-84,79122,122016,201138
2042,85-89,48693,84219,132912
2042,90-94,20633,39649,60282
2042,95-99,4189,8745,12934
2042,100+,0,0,0
2043,0-4,37589,35130,72719
2043,5-9,42839,40022,82861
2043,10-14,52045,48568,100613
2043,15-19,61938,57681,119619
2043,20-24,71086,66469,137555
2043,25-29,82515,77399,159914
2043,30-34,85999,80238,166237
2043,35-39,86368,79648,166016
2043,40-44,110434,102942,213376
2043,45-49,130011,124430,254441
2043,50-54,135365,130431,265796
2043,55-59,129344,136025,265369
2043,60-64,151141,170430,321571
2043,65-69,137753,161781,299534
2043,70-74,117264,146141,263405
2043,75-79,100776,140287,241063
2043,80-84,80500,124405,204905
2043,85-89,49648,86532,136180
2043,90-94,22291,43385,65676
2043,95-99,4667,9825,14492
2043,100+,0,0,0
2044,0-4,36969,34551,71520
2044,5-9,41400,38687,80087
2044,10-14,50086,46757,96843
2044,15-19,59990,55887,115877
2044,20-24,70609,65754,136363
2044,25-29,78613,73793,152406
2044,30-34,86850,81328,168178
2044,35-39,84206,78129,162335
2044,40-44,105617,97795,203412
2044,45-49,125753,120462,246215
2044,50-54,135375,130259,265634
2044,55-59,126589,131155,257744
2044,60-64,146816,164663,311479
2044,65-69,141675,166245,307920
2044,70-74,117092,145167,262259
2044,75-79,100445,139260,239705
2044,80-84,80689,124462,205151
2044,85-89,50988,89345,140333
2044,90-94,23441,46188,69629
2044,95-99,5403,11472,16875
2044,100+,0,0,0
2045,0-4,36533,34144,70677
2045,5-9,40167,37540,77707
2045,10-14,48119,44931,93050
2045,15-19,58037,54099,112136
2045,20-24,68199,63512,131711
2045,25-29,76476,71836,148312
2045,30-34,89255,83778,173033
2045,35-39,81919,75573,157492
2045,40-44,97326,90511,187837
2045,45-49,123706,117893,241599
2045,50-54,133598,128763,262361
2045,55-59,127002,129494,256496
2045,60-64,142100,158384,300484
2045,65-69,144949,169515,314464
2045,70-74,116602,144281,260883
2045,75-79,100715,138469,239184
2045,80-84,81097,125355,206452
2045,85-89,51868,91073,142941
2045,90-94,25060,49920,74980
2045,95-99,6183,13368,19551
2045,100+,0,0,0
2046,0-4,36144,33782,69926
2046,5-9,39144,36583,75727
2046,10-14,46197,43152,89349
2046,15-19,56041,52260,108301
2046,20-24,65958,61438,127396
2046,25-29,74297,69738,144035
2046,30-34,89158,83605,172763
2046,35-39,81455,75592,157047
2046,40-44,91923,85245,177168
2046,45-49,119159,113128,232287
2046,50-54,132681,128653,261334
2046,55-59,129012,129303,258315
2046,60-64,134193,148497,282690
2046,65-69,145136,169750,314886
2046,70-74,120032,147930,267962
2046,75-79,101315,137452,238767
2046,80-84,80811,125497,206308
2046,85-89,52580,92371,144951
2046,90-94,26108,52548,78656
2046,95-99,7276,15909,23185
2046,100+,0,0,0
2047,0-4,35675,33343,69018
2047,5-9,38298,35793,74091
2047,10-14,44431,41510,85941
2047,15-19,53991,50378,104369
2047,20-24,63863,59493,123356
2047,25-29,72458,67905,140363
2047,30-34,85278,79868,165146
2047,35-39,84381,78707,163088
2047,40-44,88203,81764,169967
2047,45-49,112508,106768,219276
2047,50-54,131778,127767,259545
2047,55-59,130958,129747,260705
2047,60-64,127431,139387,266818
2047,65-69,145319,169585,314904
2047,70-74,123177,151563,274740
2047,75-79,101331,136776,238107
2047,80-84,79985,124037,204022
2047,85-89,53966,94775,148741
2047,90-94,26509,53925,80434
2047,95-99,8115,18100,26215
2047,100+,0,0,0
2048,0-4,35156,32858,68014
2048,5-9,37581,35124,72705
2048,10-14,42825,40018,82843
2048,15-19,52006,48544,100550
2048,20-24,61852,57641,119493
2048,25-29,70967,66406,137373
2048,30-34,82295,77281,159576
2048,35-39,85560,80050,165610
2048,40-44,85503,79368,164871
2048,45-49,108534,102382,210916
2048,50-54,126870,123426,250296
2048,55-59,131228,129015,260243
2048,60-64,124395,134010,258405
2048,65-69,143169,166596,309765
2048,70-74,126405,155535,281940
2048,75-79,101348,135742,237090
2048,80-84,79390,122279,201669
2048,85-89,55128,97000,152128
2048,90-94,27161,55758,82919
2048,95-99,8780,19903,28683
2048,100+,0,0,0
2049,0-4,34579,32319,66898
2049,5-9,36963,34548,71511
2049,10-14,41392,38687,80079
2049,15-19,50050,46735,96785
2049,20-24,59908,55850,115758
2049,25-29,70495,65692,136187
2049,30-34,78410,73681,152091
2049,35-39,86415,81142,167557
2049,40-44,83379,77858,161237
2049,45-49,103808,97268,201076
2049,50-54,122732,119498,242230
2049,55-59,131270,128863,260133
2049,60-64,121826,129254,251080
2049,65-69,139185,161023,300208
2049,70-74,130162,159945,290107
2049,75-79,101394,135027,236421
2049,80-84,79370,121649,201019
2049,85-89,55457,97357,152814
2049,90-94,28050,57920,85970
2049,95-99,9256,21318,30574
2049,100+,0,0,0
2050,0-4,33942,31724,65666
2050,5-9,36527,34141,70668
2050,10-14,40160,37540,77700
2050,15-19,48084,44911,92995
2050,20-24,57959,54064,112023
2050,25-29,68090,63452,131542
2050,30-34,76279,71728,148007
2050,35-39,88803,83583,172386
2050,40-44,81109,75311,156420
2050,45-49,95663,90025,185688
2050,50-54,120739,116952,237691
2050,55-59,129547,127383,256930
2050,60-64,122240,127624,249864
2050,65-69,134692,154869,289561
2050,70-74,133104,163052,296156
2050,75-79,100987,134227,235214
2050,80-84,79624,121001,200625
2050,85-89,55712,98020,153732
2050,90-94,28553,59044,87597
2050,95-99,9872,22965,32837
2050,100+,0,0,0
2051,0-4,33246,31074,64320
2051,5-9,36138,33779,69917
2051,10-14,39138,36583,75721
2051,15-19,46163,43134,89297
2051,20-24,55966,52227,108193
2051,25-29,65852,61380,127232
2051,30-34,74107,69633,143740
2051,35-39,88704,83408,172112
2051,40-44,80654,75332,155986
2051,45-49,90359,84789,175148
2051,50-54,116299,112227,228526
2051,55-59,128659,127273,255932
2051,60-64,124170,127434,251604
2051,65-69,127184,145193,272377
2051,70-74,133290,163280,296570
2051,75-79,104060,137693,241753
2051,80-84,80094,120117,200211
2051,85-89,55463,98060,153523
2051,90-94,28960,59891,88851
2051,95-99,10293,24170,34463
2051,100+,0,0,0
2052,0-4,32509,30387,62896
2052,5-9,35669,33340,69009
2052,10-14,38292,35793,74085
2052,15-19,44399,41494,85893
2052,20-24,53920,50346,104266
2052,25-29,63759,59436,123195
2052,30-34,72273,67803,140076
2052,35-39,84842,79681,164523
2052,40-44,83562,78437,161999
2052,45-49,86704,81330,168034
2052,50-54,109809,105918,215727
2052,55-59,127786,126394,254180
2052,60-64,126033,127868,253901
2052,65-69,120779,136289,257068
2052,70-74,133430,163106,296536
2052,75-79,106787,141090,247877
2052,80-84,80053,119478,199531
2052,85-89,54865,96847,151712
2052,90-94,29694,61386,91080
2052,95-99,10411,24718,35129
2052,100+,0,0,0
2053,0-4,31742,29671,61413
2053,5-9,35150,32855,68005
2053,10-14,37575,35124,72699
2053,15-19,42795,40003,82798
2053,20-24,51937,48514,100451
2053,25-29,61750,57585,119335
2053,30-34,70787,66306,137093
2053,35-39,81874,77100,158974
2053,40-44,84733,79775,164508
2053,45-49,84054,78945,162999
2053,50-54,105922,101565,207487
2053,55-59,123020,122098,245118
2053,60-64,126292,127148,253440
2053,65-69,117929,131044,248973
2053,70-74,131414,160204,291618
2053,75-79,109583,144783,254366
2053,80-84,80057,118560,198617
2053,85-89,54493,95517,150010
2053,90-94,30323,62835,93158
2053,95-99,10653,25519,36172
2053,100+,0,0,0
2054,0-4,30979,28957,59936
2054,5-9,34573,32317,66890
2054,10-14,36957,34548,71505
2054,15-19,41362,38672,80034
2054,20-24,49983,46706,96689
2054,25-29,59811,55796,115607
2054,30-34,70315,65594,135909
2054,35-39,78006,73508,151514
2054,40-44,85579,80862,166441
2054,45-49,81970,77442,159412
2054,50-54,101304,96490,197794
2054,55-59,119001,118213,237214
2054,60-64,126328,126995,253323
2054,65-69,115521,126405,241926
2054,70-74,127737,154827,282564
2054,75-79,112825,148874,261699
2054,80-84,80103,117955,198058
2054,85-89,54514,95044,149558
2054,90-94,30489,63042,93531
2054,95-99,11003,26504,37507
2054,100+,0,0,0
2055,0-4,30149,28180,58329
2055,5-9,33936,31723,65659
2055,10-14,36522,34141,70663
2055,15-19,40131,37526,77657
2055,20-24,48021,44885,92906
2055,25-29,57869,54012,111881
2055,30-34,67921,63359,131280
2055,35-39,75897,71563,147460
2055,40-44,87945,83299,171244
2055,45-49,79745,74912,154657
2055,50-54,93380,89317,182697
2055,55-59,117126,115723,232849
2055,60-64,124761,125585,250346
2055,65-69,116066,124904,240970
2055,70-74,123768,149040,272808
2055,75-79,115539,151947,267486
2055,80-84,80060,117620,197680
2055,85-89,54954,94985,149939
2055,90-94,30763,63890,94653
2055,95-99,11298,27356,38654
2055,100+,0,0,0
2056,0-4,29290,27375,56665
2056,5-9,33240,31073,64313
2056,10-14,36134,33779,69913
2056,15-19,39110,36571,75681
2056,20-24,46105,43109,89214
2056,25-29,55882,52179,108061
2056,30-34,65693,61289,126982
2056,35-39,73745,69478,143223
2056,40-44,87851,83129,170980
2056,45-49,79312,74938,154250
2056,50-54,88225,84132,172357
2056,55-59,112865,111070,223935
2056,60-64,123986,125517,249503
2056,65-69,118005,124781,242786
2056,70-74,117008,139840,256848
2056,75-79,115960,152402,268362
2056,80-84,82868,121065,203933
2056,85-89,55491,94647,150138
2056,90-94,30727,64253,94980
2056,95-99,11548,28056,39604
2056,100+,0,0,0
2057,0-4,28449,26587,55036
2057,5-9,32504,30386,62890
2057,10-14,35666,33340,69006
2057,15-19,38266,35783,74049
2057,20-24,44347,41469,85816
2057,25-29,53841,50302,104143
2057,30-34,63610,59351,122961
2057,35-39,71929,67654,139583
2057,40-44,84040,79419,163459
2057,45-49,82195,78037,160232
2057,50-54,84674,80710,165384
2057,55-59,106603,104843,211446
2057,60-64,123221,124688,247909
2057,65-69,119867,125260,245127
2057,70-74,111272,131384,242656
2057,75-79,116262,152424,268686
2057,80-84,85275,124351,209626
2057,85-89,55612,94406,150018
2057,90-94,30508,63751,94259
2057,95-99,11899,28992,40891
2057,100+,0,0,0
2058,0-4,27608,25802,53410
2058,5-9,31739,29670,61409
2058,10-14,35147,32855,68002
2058,15-19,37551,35116,72667
2058,20-24,42746,39978,82724
2058,25-29,51865,48473,100338
2058,30-34,61611,57505,119116
2058,35-39,70457,66163,136620
2058,40-44,81107,76848,157955
2058,45-49,83360,79376,162736
2058,50-54,82104,78351,160455
2058,55-59,102853,100548,203401
2058,60-64,118686,120475,239161
2058,65-69,120217,124614,244831
2058,70-74,108832,126450,235282
2058,75-79,114650,149855,264505
2058,80-84,87730,127855,215585
2058,85-89,55808,93962,149770
2058,90-94,30464,63256,93720
2058,95-99,12219,29950,42169
2058,100+,0,0,0
2059,0-4,26772,25022,51794
2059,5-9,30978,28956,59934
2059,10-14,34571,32317,66888
2059,15-19,36934,34542,71476
2059,20-24,41316,38647,79963
2059,25-29,49916,46669,96585
2059,30-34,59679,55719,115398
2059,35-39,69992,65454,135446
2059,40-44,77279,73271,150550
2059,45-49,84201,80462,164663
2059,50-54,80084,76867,156951
2059,55-59,98392,95535,193927
2059,60-64,114862,116666,231528
2059,65-69,120332,124510,244842
2059,70-74,106781,122079,228860
2059,75-79,111596,144963,256559
2059,80-84,90528,131687,222215
2059,85-89,56045,93786,149831
2059,90-94,30635,63260,93895
2059,95-99,12339,30260,42599
2059,100+,0,0,0
2060,0-4,25944,24247,50191
2060,5-9,30148,28179,58327
2060,10-14,33935,31723,65658
2060,15-19,36499,34135,70634
2060,20-24,40086,37502,77588
2060,25-29,47958,44849,92807
2060,30-34,57742,53937,111679
2060,35-39,67608,63222,130830
2060,40-44,75193,71333,146526
2060,45-49,86516,82881,169397
2060,50-54,77905,74354,152259
2060,55-59,90700,88436,179136
2060,60-64,113056,114209,227265
2060,65-69,118843,123132,241975
2060,70-74,107341,120660,228001
2060,75-79,108078,139496,247574
2060,80-84,92600,134295,226895
2060,85-89,56035,93570,149605
2060,90-94,30916,63276,94192
2060,95-99,12436,30625,43061
2060,100+,0,0,0
2061,0-4,25130,23487,48617
2061,5-9,29289,27374,56663
2061,10-14,33239,31073,64312
2061,15-19,36112,33773,69885
2061,20-24,39066,36547,75613
2061,25-29,46046,43075,89121
2061,30-34,55759,52107,107866
2061,35-39,65392,61157,126549
2061,40-44,73064,69254,142318
2061,45-49,86415,82710,169125
2061,50-54,77485,74383,151868
2061,55-59,85698,83305,169003
2061,60-64,108942,109618,218560
2061,65-69,118101,123063,241164
2061,70-74,109115,120532,229647
2061,75-79,102137,130852,232989
2061,80-84,92958,134710,227668
2061,85-89,58137,96457,154594
2061,90-94,31210,63048,94258
2061,95-99,12391,30728,43119
2061,100+,0,0,0
2062,0-4,24335,22744,47079
2062,5-9,28448,26586,55034
2062,10-14,32503,30386,62889
2062,15-19,35645,33334,68979
2062,20-24,38222,35759,73981
2062,25-29,44291,41436,85727
2062,30-34,53723,50232,103955
2062,35-39,63317,59224,122541
2062,40-44,71266,67435,138701
2062,45-49,82668,79021,161689
2062,50-54,80311,77463,157774
2062,55-59,82253,79917,162170
2062,60-64,102898,103474,206372
2062,65-69,117372,122247,239619
2062,70-74,110805,120985,231790
2062,75-79,97142,122950,220092
2062,80-84,93151,134686,227837
2062,85-89,59822,99098,158920
2062,90-94,31230,62815,94045
2062,95-99,12286,30416,42702
2062,100+,0,0,0
2063,0-4,23550,22009,45559
2063,5-9,27607,25801,53408
2063,10-14,31738,29670,61408
2063,15-19,35127,32849,67976
2063,20-24,37507,35092,72599
2063,25-29,42692,39946,82638
2063,30-34,51752,48406,100158
2063,35-39,61328,57381,118709
2063,40-44,69808,65949,135757
2063,45-49,79780,76461,156241
2063,50-54,81449,78792,160241
2063,55-59,79758,77582,157340
2063,60-64,99273,99230,198503
2063,65-69,113034,118107,231141
2063,70-74,111130,120368,231498
2063,75-79,95088,118382,213470
2063,80-84,91791,132340,224131
2063,85-89,61536,101873,163409
2063,90-94,31335,62501,93836
2063,95-99,12289,30220,42509
2063,100+,0,0,0
2064,0-4,22769,21279,44048
2064,5-9,26771,25021,51792
2064,10-14,30977,28956,59933
2064,15-19,34551,32311,66862
2064,20-24,36890,34518,71408
2064,25-29,41263,38616,79879
2064,30-34,49806,46604,96410
2064,35-39,59405,55600,115005
2064,40-44,69342,65241,134583
2064,45-49,76011,72900,148911
2064,50-54,82271,79869,162140
2064,55-59,77796,76113,153909
2064,60-64,94960,94281,189241
2064,65-69,109380,114363,223743
2064,70-74,111214,120260,231474
2064,75-79,93364,114333,207697
2064,80-84,89312,127969,217281
2064,85-89,63479,104897,168376
2064,90-94,31481,62416,93897
2064,95-99,12378,30244,42622
2064,100+,0,0,0
2065,0-4,22016,20575,42591
2065,5-9,25943,24246,50189
2065,10-14,30147,28179,58326
2065,15-19,33916,31718,65634
2065,20-24,36455,34111,70566
2065,25-29,40034,37472,77506
2065,30-34,47855,44788,92643
2065,35-39,57481,53824,111305
2065,40-44,66987,63020,130007
2065,45-49,73971,70976,144947
2065,50-54,84537,82275,166812
2065,55-59,75698,73634,149332
2065,60-64,87581,87296,174877
2065,65-69,107746,112004,219750
2065,70-74,109951,119019,228970
2065,75-79,94073,113186,207259
2065,80-84,86627,123294,209921
2065,85-89,65008,107165,172173
2065,90-94,31609,62672,94281
2065,95-99,12586,30585,43171
2065,100+,0,0,0
