year,age_range,male,female,total
2019,0-4,2261,2117,4378
2019,5-9,1879,1763,3642
2019,10-14,1804,1669,3473
2019,15-19,3114,2761,5875
2019,20-24,4140,3723,7863
2019,25-29,4693,4215,8908
2019,30-34,4260,3603,7863
2019,35-39,4820,4336,9156
2019,40-44,5115,4315,9430
2019,45-49,4483,4235,8718
2019,50-54,4713,4500,9213
2019,55-59,4786,4841,9627
2019,60-64,4077,4173,8250
2019,65-69,3102,3589,6691
2019,70-74,1607,1968,3575
2019,75-79,1091,1454,2545
2019,80-84,615,939,1554
2019,85-89,494,484,978
2019,90-94,258,166,424
2019,95-99,34,36,70
2019,100+,11,6,17
2020,0-4,2221,2083,4304
2020,5-9,2107,1939,4046
2020,10-14,1639,1517,3156
2020,15-19,2716,2455,5171
2020,20-24,4036,3604,7640
2020,25-29,4594,4201,8795
2020,30-34,4403,3716,8119
2020,35-39,4646,4188,8834
2020,40-44,5178,4398,9576
2020,45-49,4496,4179,8675
2020,50-54,4623,4361,8984
2020,55-59,4775,4833,9608
2020,60-64,4159,4348,8507
2020,65-69,3322,3755,7077
2020,70-74,1870,2238,4108
2020,75-79,1074,1416,2490
2020,80-84,647,1017,1664
2020,85-89,457,503,960
2020,90-94,277,199,476
2020,95-99,43,42,85
2020,100+,0,0,0
2021,0-4,2177,2026,4203
2021,5-9,2221,2067,4288
2021,10-14,1595,1462,3057
2021,15-19,2419,2237,4656
2021,20-24,3864,3388,7252
2021,25-29,4535,4170,8705
2021,30-34,4506,3864,8370
2021,35-39,4459,3948,8407
2021,40-44,5054,4413,9467
2021,45-49,4650,4175,8825
2021,50-54,4605,4315,8920
2021,55-59,4703,4833,9536
2021,60-64,4273,4412,8685
2021,65-69,3431,3854,7285
2021,70-74,2195,2639,4834
2021,75-79,1057,1371,2428
2021,80-84,701,1103,1804
2021,85-89,417,531,948
2021,90-94,285,226,511
2021,95-99,58,42,100
2021,100+,0,0,0
2022,0-4,2122,1960,4082
2022,5-9,2242,2098,4340
2022,10-14,1689,1584,3273
2022,15-19,2188,1981,4169
2022,20-24,3553,3181,6734
2022,25-29,4494,4039,8533
2022,30-34,4580,4075,8655
2022,35-39,4346,3755,8101
2022,40-44,4970,4406,9376
2022,45-49,4815,4218,9033
2022,50-54,4497,4270,8767
2022,55-59,4642,4671,9313
2022,60-64,4412,4612,9024
2022,65-69,3515,3896,7411
2022,70-74,2444,2938,5382
2022,75-79,1110,1433,2543
2022,80-84,740,1154,1894
2022,85-89,390,575,965
2022,90-94,286,241,527
2022,95-99,66,49,115
2022,100+,0,0,0
2023,0-4,2071,1933,4004
2023,5-9,2296,2118,4414
2023,10-14,1762,1669,3431
2023,15-19,1950,1814,3764
2023,20-24,3344,2980,6324
2023,25-29,4348,3894,8242
2023,30-34,4605,4126,8731
2023,35-39,4265,3619,7884
2023,40-44,4928,4456,9384
2023,45-49,4887,4216,9103
2023,50-54,4398,4241,8639
2023,55-59,4597,4585,9182
2023,60-64,4548,4642,9190
2023,65-69,3650,4001,7651
2023,70-74,2607,3149,5756
2023,75-79,1202,1597,2799
2023,80-84,800,1197,1997
2023,85-89,365,617,982
2023,90-94,268,254,522
2023,95-99,83,59,142
2023,100+,0,0,0
2024,0-4,2043,1899,3942
2024,5-9,2261,2117,4378
2024,10-14,1879,1763,3642
2024,15-19,1804,1669,3473
2024,20-24,3114,2761,5875
2024,25-29,4125,3723,7848
2024,30-34,4668,4215,8883
2024,35-39,4232,3599,7831
2024,40-44,4760,4312,9072
2024,45-49,5016,4289,9305
2024,50-54,4360,4191,8551
2024,55-59,4539,4435,8974
2024,60-64,4550,4740,9290
2024,65-69,3797,4038,7835
2024,70-74,2779,3393,6172
2024,75-79,1348,1787,3135
2024,80-84,818,1215,2033
2024,85-89,392,686,1078
2024,90-94,244,274,518
2024,95-99,92,63,155
2024,100+,0,0,0
2025,0-4,1997,1856,3853
2025,5-9,2221,2083,4304
2025,10-14,2107,1939,4046
2025,15-19,1639,1517,3156
2025,20-24,2716,2455,5171
2025,25-29,4026,3604,7630
2025,30-34,4569,4201,8770
2025,35-39,4375,3714,8089
2025,40-44,4589,4164,8753
2025,45-49,5078,4371,9449
2025,50-54,4375,4137,8512
2025,55-59,4453,4300,8753
2025,60-64,4543,4734,9277
2025,65-69,3878,4211,8089
2025,70-74,2980,3551,6531
2025,75-79,1575,2035,3610
2025,80-84,807,1185,1992
2025,85-89,416,747,1163
2025,90-94,229,289,518
2025,95-99,98,77,175
2025,100+,0,0,0
2026,0-4,1948,1812,3760
2026,5-9,2177,2026,4203
2026,10-14,2221,2067,4288
2026,15-19,1595,1462,3057
2026,20-24,2419,2237,4656
2026,25-29,3859,3388,7247
2026,30-34,4510,4170,8680
2026,35-39,4478,3861,8339
2026,40-44,4404,3925,8329
2026,45-49,4956,4387,9343
2026,50-54,4527,4132,8659
2026,55-59,4437,4256,8693
2026,60-64,4478,4737,9215
2026,65-69,3989,4275,8264
2026,70-74,3084,3650,6734
2026,75-79,1852,2403,4255
2026,80-84,796,1150,1946
2026,85-89,453,813,1266
2026,90-94,210,307,517
2026,95-99,101,88,189
2026,100+,0,0,0
2027,0-4,1896,1763,3659
2027,5-9,2122,1960,4082
2027,10-14,2242,2098,4340
2027,15-19,1689,1584,3273
2027,20-24,2188,1981,4169
2027,25-29,3552,3181,6733
2027,30-34,4469,4039,8508
2027,35-39,4551,4068,8619
2027,40-44,4293,3734,8027
2027,45-49,4874,4381,9255
2027,50-54,4689,4175,8864
2027,55-59,4335,4212,8547
2027,60-64,4423,4579,9002
2027,65-69,4123,4471,8594
2027,70-74,3162,3694,6856
2027,75-79,2064,2676,4740
2027,80-84,839,1207,2046
2027,85-89,481,852,1333
2027,90-94,197,335,532
2027,95-99,99,93,192
2027,100+,0,0,0
2028,0-4,1841,1713,3554
2028,5-9,2071,1933,4004
2028,10-14,2296,2118,4414
2028,15-19,1762,1669,3431
2028,20-24,1950,1814,3764
2028,25-29,3344,2980,6324
2028,30-34,4326,3894,8220
2028,35-39,4576,4117,8693
2028,40-44,4214,3598,7812
2028,45-49,4833,4430,9263
2028,50-54,4758,4174,8932
2028,55-59,4243,4184,8427
2028,60-64,4382,4496,8878
2028,65-69,4254,4503,8757
2028,70-74,3286,3799,7085
2028,75-79,2199,2871,5070
2028,80-84,917,1355,2272
2028,85-89,519,885,1404
2028,90-94,185,363,548
2028,95-99,92,98,190
2028,100+,0,0,0
2029,0-4,1782,1660,3442
2029,5-9,2043,1899,3942
2029,10-14,2261,2117,4378
2029,15-19,1879,1763,3642
2029,20-24,1804,1669,3473
2029,25-29,3113,2761,5874
2029,30-34,4106,3723,7829
2029,35-39,4639,4205,8844
2029,40-44,4183,3578,7761
2029,45-49,4670,4286,8956
2029,50-54,4884,4247,9131
2029,55-59,4210,4136,8346
2029,60-64,4330,4351,8681
2029,65-69,4260,4601,8861
2029,70-74,3423,3838,7261
2029,75-79,2347,3096,5443
2029,80-84,1034,1525,2559
2029,85-89,533,901,1434
2029,90-94,201,407,608
2029,95-99,84,107,191
2029,100+,0,0,0
2030,0-4,1719,1602,3321
2030,5-9,1997,1856,3853
2030,10-14,2221,2083,4304
2030,15-19,2107,1939,4046
2030,20-24,1639,1517,3156
2030,25-29,2716,2455,5171
2030,30-34,4008,3604,7612
2030,35-39,4541,4191,8732
2030,40-44,4325,3690,8015
2030,45-49,4502,4138,8640
2030,50-54,4943,4328,9271
2030,55-59,4224,4082,8306
2030,60-64,4250,4219,8469
2030,65-69,4253,4596,8849
2030,70-74,3496,4003,7499
2030,75-79,2518,3239,5757
2030,80-84,1208,1734,2942
2030,85-89,525,876,1401
2030,90-94,216,443,659
2030,95-99,80,114,194
2030,100+,0,0,0
2031,0-4,1646,1535,3181
2031,5-9,1948,1812,3760
2031,10-14,2177,2026,4203
2031,15-19,2221,2067,4288
2031,20-24,1595,1462,3057
2031,25-29,2419,2237,4656
2031,30-34,3842,3388,7230
2031,35-39,4482,4161,8643
2031,40-44,4426,3836,8262
2031,45-49,4321,3899,8220
2031,50-54,4825,4344,9169
2031,55-59,4370,4079,8449
2031,60-64,4234,4176,8410
2031,65-69,4191,4597,8788
2031,70-74,3598,4064,7662
2031,75-79,2605,3329,5934
2031,80-84,1419,2044,3463
2031,85-89,517,850,1367
2031,90-94,236,482,718
2031,95-99,74,121,195
2031,100+,0,0,0
2032,0-4,1570,1465,3035
2032,5-9,1896,1763,3659
2032,10-14,2122,1960,4082
2032,15-19,2242,2098,4340
2032,20-24,1689,1584,3273
2032,25-29,2188,1981,4169
2032,30-34,3537,3181,6718
2032,35-39,4441,4032,8473
2032,40-44,4499,4043,8542
2032,45-49,4212,3708,7920
2032,50-54,4746,4337,9083
2032,55-59,4525,4121,8646
2032,60-64,4135,4132,8267
2032,65-69,4138,4444,8582
2032,70-74,3718,4248,7966
2032,75-79,2670,3368,6038
2032,80-84,1579,2272,3851
2032,85-89,547,897,1444
2032,90-94,249,502,751
2032,95-99,71,132,203
2032,100+,0,0,0
2033,0-4,1494,1394,2888
2033,5-9,1841,1713,3554
2033,10-14,2071,1933,4004
2033,15-19,2296,2118,4414
2033,20-24,1762,1669,3431
2033,25-29,1950,1814,3764
2033,30-34,3331,2980,6311
2033,35-39,4298,3887,8185
2033,40-44,4523,4093,8616
2033,45-49,4137,3573,7710
2033,50-54,4705,4386,9091
2033,55-59,4592,4120,8712
2033,60-64,4049,4105,8154
2033,65-69,4102,4363,8465
2033,70-74,3834,4276,8110
2033,75-79,2770,3464,6234
2033,80-84,1678,2435,4113
2033,85-89,601,1014,1615
2033,90-94,268,519,787
2033,95-99,67,143,210
2033,100+,0,0,0
2034,0-4,1414,1320,2734
2034,5-9,1782,1660,3442
2034,10-14,2043,1899,3942
2034,15-19,2261,2117,4378
2034,20-24,1879,1763,3642
2034,25-29,1804,1669,3473
2034,30-34,3103,2761,5864
2034,35-39,4078,3718,7796
2034,40-44,4585,4180,8765
2034,45-49,4106,3553,7659
2034,50-54,4546,4244,8790
2034,55-59,4711,4192,8903
2034,60-64,4016,4058,8074
2034,65-69,4054,4223,8277
2034,70-74,3839,4369,8208
2034,75-79,2886,3501,6387
2034,80-84,1789,2627,4416
2034,85-89,680,1145,1825
2034,90-94,275,528,803
2034,95-99,74,162,236
2034,100+,0,0,0
2035,0-4,1330,1242,2572
2035,5-9,1719,1602,3321
2035,10-14,1997,1856,3853
2035,15-19,2221,2083,4304
2035,20-24,2107,1939,4046
2035,25-29,1639,1517,3156
2035,30-34,2710,2455,5165
2035,35-39,3981,3601,7582
2035,40-44,4489,4167,8656
2035,45-49,4246,3665,7911
2035,50-54,4384,4099,8483
2035,55-59,4771,4273,9044
2035,60-64,4036,4008,8044
2035,65-69,3984,4100,8084
2035,70-74,3842,4372,8214
2035,75-79,2962,3661,6623
2035,80-84,1929,2756,4685
2035,85-89,800,1308,2108
2035,90-94,272,520,792
2035,95-99,81,179,260
2035,100+,0,0,0
2036,0-4,1252,1168,2420
2036,5-9,1646,1535,3181
2036,10-14,1948,1812,3760
2036,15-19,2177,2026,4203
2036,20-24,2221,2067,4288
2036,25-29,1595,1462,3057
2036,30-34,2417,2237,4654
2036,35-39,3816,3387,7203
2036,40-44,4431,4137,8568
2036,45-49,4345,3811,8156
2036,50-54,4209,3864,8073
2036,55-59,4662,4292,8954
2036,60-64,4182,4007,8189
2036,65-69,3975,4063,8038
2036,70-74,3795,4382,8177
2036,75-79,3061,3727,6788
2036,80-84,2007,2846,4853
2036,85-89,947,1551,2498
2036,90-94,270,511,781
2036,95-99,88,197,285
2036,100+,0,0,0
2037,0-4,1177,1098,2275
2037,5-9,1570,1465,3035
2037,10-14,1896,1763,3659
2037,15-19,2122,1960,4082
2037,20-24,2242,2098,4340
2037,25-29,1689,1584,3273
2037,30-34,2187,1981,4168
2037,35-39,3514,3181,6695
2037,40-44,4392,4010,8402
2037,45-49,4418,4018,8436
2037,50-54,4104,3677,7781
2037,55-59,4588,4287,8875
2037,60-64,4334,4050,8384
2037,65-69,3890,4025,7915
2037,70-74,3754,4243,7997
2037,75-79,3171,3906,7077
2037,80-84,2064,2888,4952
2037,85-89,1059,1730,2789
2037,90-94,288,551,839
2037,95-99,94,207,301
2037,100+,0,0,0
2038,0-4,1106,1032,2138
2038,5-9,1494,1394,2888
2038,10-14,1841,1713,3554
2038,15-19,2071,1933,4004
2038,20-24,2296,2118,4414
2038,25-29,1762,1669,3431
2038,30-34,1950,1814,3764
2038,35-39,3310,2980,6290
2038,40-44,4251,3869,8120
2038,45-49,4443,4068,8511
2038,50-54,4032,3546,7578
2038,55-59,4551,4335,8886
2038,60-64,4401,4051,8452
2038,65-69,3814,4003,7817
2038,70-74,3732,4170,7902
2038,75-79,3277,3939,7216
2038,80-84,2149,2980,5129
2038,85-89,1126,1862,2988
2038,90-94,320,634,954
2038,95-99,101,218,319
2038,100+,0,0,0
2039,0-4,1044,974,2018
2039,5-9,1414,1320,2734
2039,10-14,1782,1660,3442
2039,15-19,2043,1899,3942
2039,20-24,2261,2117,4378
2039,25-29,1879,1763,3642
2039,30-34,1804,1669,3473
2039,35-39,3085,2761,5846
2039,40-44,4035,3703,7738
2039,45-49,4505,4155,8660
2039,50-54,4005,3527,7532
2039,55-59,4399,4194,8593
2039,60-64,4519,4125,8644
2039,65-69,3790,3958,7748
2039,70-74,3694,4043,7737
2039,75-79,3288,4034,7322
2039,80-84,2249,3026,5275
2039,85-89,1204,2016,3220
2039,90-94,369,727,1096
2039,95-99,103,226,329
2039,100+,0,0,0
2040,0-4,989,924,1913
2040,5-9,1330,1242,2572
2040,10-14,1719,1602,3321
2040,15-19,1997,1856,3853
2040,20-24,2221,2083,4304
2040,25-29,2107,1939,4046
2040,30-34,1639,1517,3156
2040,35-39,2694,2455,5149
2040,40-44,3939,3587,7526
2040,45-49,4411,4142,8553
2040,50-54,4141,3640,7781
2040,55-59,4242,4051,8293
2040,60-64,4577,4204,8781
2040,65-69,3807,3909,7716
2040,70-74,3632,3925,7557
2040,75-79,3290,4037,7327
2040,80-84,2312,3165,5477
2040,85-89,1299,2108,3407
2040,90-94,436,828,1264
2040,95-99,100,221,321
2040,100+,0,0,0
2041,0-4,944,883,1827
2041,5-9,1252,1168,2420
2041,10-14,1646,1535,3181
2041,15-19,1948,1812,3760
2041,20-24,2177,2026,4203
2041,25-29,2221,2067,4288
2041,30-34,1595,1462,3057
2041,35-39,2403,2237,4640
2041,40-44,3776,3375,7151
2041,45-49,4354,4112,8466
2041,50-54,4238,3784,8022
2041,55-59,4073,3819,7892
2041,60-64,4470,4222,8692
2041,65-69,3949,3909,7858
2041,70-74,3622,3889,7511
2041,75-79,3249,4044,7293
2041,80-84,2390,3222,5612
2041,85-89,1352,2179,3531
2041,90-94,515,977,1492
2041,95-99,98,217,315
2041,100+,0,0,0
2042,0-4,911,852,1763
2042,5-9,1177,1098,2275
2042,10-14,1570,1465,3035
2042,15-19,1896,1763,3659
2042,20-24,2122,1960,4082
2042,25-29,2242,2098,4340
2042,30-34,1689,1584,3273
2042,35-39,2176,1981,4157
2042,40-44,3477,3171,6648
2042,45-49,4315,3985,8300
2042,50-54,4309,3987,8296
2042,55-59,3972,3634,7606
2042,60-64,4398,4217,8615
2042,65-69,4092,3951,8043
2042,70-74,3541,3854,7395
2042,75-79,3215,3915,7130
2042,80-84,2473,3374,5847
2042,85-89,1391,2211,3602
2042,90-94,573,1085,1658
2042,95-99,107,237,344
2042,100+,0,0,0
2043,0-4,888,831,1719
2043,5-9,1106,1032,2138
2043,10-14,1494,1394,2888
2043,15-19,1841,1713,3554
2043,20-24,2071,1933,4004
2043,25-29,2296,2118,4414
2043,30-34,1762,1669,3431
2043,35-39,1941,1814,3755
2043,40-44,3275,2971,6246
2043,45-49,4177,3844,8021
2043,50-54,4333,4035,8368
2043,55-59,3904,3503,7407
2043,60-64,4363,4264,8627
2043,65-69,4152,3952,8104
2043,70-74,3474,3830,7304
2043,75-79,3197,3846,7043
2043,80-84,2553,3400,5953
2043,85-89,1446,2283,3729
2043,90-94,605,1166,1771
2043,95-99,123,278,401
2043,100+,0,0,0
2044,0-4,874,818,1692
2044,5-9,1044,974,2018
2044,10-14,1414,1320,2734
2044,15-19,1782,1660,3442
2044,20-24,2043,1899,3942
2044,25-29,2261,2117,4378
2044,30-34,1879,1763,3642
2044,35-39,1798,1669,3467
2044,40-44,3051,2754,5805
2044,45-49,3963,3678,7641
2044,50-54,4394,4121,8515
2044,55-59,3875,3483,7358
2044,60-64,4218,4125,8343
2044,65-69,4261,4024,8285
2044,70-74,3454,3789,7243
2044,75-79,3165,3729,6894
2044,80-84,2558,3483,6041
2044,85-89,1513,2320,3833
2044,90-94,647,1263,1910
2044,95-99,143,322,465
2044,100+,0,0,0
2045,0-4,871,815,1686
2045,5-9,989,924,1913
2045,10-14,1330,1242,2572
2045,15-19,1719,1602,3321
2045,20-24,1997,1856,3853
2045,25-29,2221,2083,4304
2045,30-34,2107,1939,4046
2045,35-39,1635,1517,3152
2045,40-44,2664,2452,5116
2045,45-49,3869,3562,7431
2045,50-54,4302,4110,8412
2045,55-59,4011,3592,7603
2045,60-64,4072,3986,8058
2045,65-69,4321,4103,8424
2045,70-74,3475,3746,7221
2045,75-79,3117,3630,6747
2045,80-84,2568,3496,6064
2045,85-89,1566,2441,4007
2045,90-94,705,1326,2031
2045,95-99,170,369,539
2045,100+,0,0,0
2046,0-4,874,818,1692
2046,5-9,944,883,1827
2046,10-14,1252,1168,2420
2046,15-19,1646,1535,3181
2046,20-24,1948,1812,3760
2046,25-29,2177,2026,4203
2046,30-34,2221,2067,4288
2046,35-39,1593,1462,3055
2046,40-44,2376,2236,4612
2046,45-49,3709,3351,7060
2046,50-54,4247,4082,8329
2046,55-59,4106,3734,7840
2046,60-64,3913,3759,7672
2046,65-69,4226,4124,8350
2046,70-74,3611,3752,7363
2046,75-79,3116,3605,6721
2046,80-84,2543,3510,6053
2046,85-89,1626,2499,4125
2046,90-94,737,1384,2121
2046,95-99,204,440,644
2046,100+,0,0,0
2047,0-4,878,822,1700
2047,5-9,911,852,1763
2047,10-14,1177,1098,2275
2047,15-19,1570,1465,3035
2047,20-24,1896,1763,3659
2047,25-29,2122,1960,4082
2047,30-34,2242,2098,4340
2047,35-39,1688,1584,3272
2047,40-44,2151,1981,4132
2047,45-49,3417,3149,6566
2047,50-54,4210,3957,8167
2047,55-59,4177,3937,8114
2047,60-64,3818,3578,7396
2047,65-69,4164,4120,8284
2047,70-74,3747,3796,7543
2047,75-79,3052,3576,6628
2047,80-84,2525,3405,5930
2047,85-89,1688,2626,4314
2047,90-94,760,1414,2174
2047,95-99,227,491,718
2047,100+,0,0,0
2048,0-4,882,826,1708
2048,5-9,888,831,1719
2048,10-14,1106,1032,2138
2048,15-19,1494,1394,2888
2048,20-24,1841,1713,3554
2048,25-29,2071,1933,4004
2048,30-34,2296,2118,4414
2048,35-39,1761,1669,3430
2048,40-44,1920,1814,3734
2048,45-49,3218,2953,6171
2048,50-54,4076,3816,7892
2048,55-59,4201,3987,8188
2048,60-64,3753,3451,7204
2048,65-69,4135,4166,8301
2048,70-74,3809,3799,7608
2048,75-79,3000,3560,6560
2048,80-84,2521,3349,5870
2048,85-89,1747,2653,4400
2048,90-94,793,1472,2265
2048,95-99,238,534,772
2048,100+,0,0,0
2049,0-4,887,830,1717
2049,5-9,874,818,1692
2049,10-14,1044,974,2018
2049,15-19,1414,1320,2734
2049,20-24,1782,1660,3442
2049,25-29,2043,1899,3942
2049,30-34,2261,2117,4378
2049,35-39,1877,1763,3640
2049,40-44,1778,1669,3447
2049,45-49,2998,2739,5737
2049,50-54,3869,3650,7519
2049,55-59,4260,4074,8334
2049,60-64,3730,3432,7162
2049,65-69,4001,4034,8035
2049,70-74,3913,3870,7783
2049,75-79,2990,3527,6517
2049,80-84,2501,3255,5756
2049,85-89,1760,2726,4486
2049,90-94,832,1509,2341
2049,95-99,256,584,840
2049,100+,0,0,0
2050,0-4,892,834,1726
2050,5-9,871,815,1686
2050,10-14,989,924,1913
2050,15-19,1330,1242,2572
2050,20-24,1719,1602,3321
2050,25-29,1997,1856,3853
2050,30-34,2221,2083,4304
2050,35-39,2101,1939,4040
2050,40-44,1618,1517,3135
2050,45-49,2619,2439,5058
2050,50-54,3777,3535,7312
2050,55-59,4172,4063,8235
2050,60-64,3859,3541,7400
2050,65-69,3859,3898,7757
2050,70-74,3967,3947,7914
2050,75-79,3010,3484,6494
2050,80-84,2464,3168,5632
2050,85-89,1767,2734,4501
2050,90-94,863,1587,2450
2050,95-99,279,608,887
2050,100+,0,0,0
2051,0-4,893,834,1727
2051,5-9,874,818,1692
2051,10-14,944,883,1827
2051,15-19,1252,1168,2420
2051,20-24,1646,1535,3181
2051,25-29,1948,1812,3760
2051,30-34,2177,2026,4203
2051,35-39,2213,2067,4280
2051,40-44,1575,1462,3037
2051,45-49,2337,2226,4563
2051,50-54,3620,3325,6945
2051,55-59,4119,4035,8154
2051,60-64,3951,3683,7634
2051,65-69,3707,3676,7383
2051,70-74,3883,3968,7851
2051,75-79,3131,3491,6622
2051,80-84,2463,3151,5614
2051,85-89,1748,2741,4489
2051,90-94,898,1623,2521
2051,95-99,292,637,929
2051,100+,0,0,0
2052,0-4,890,831,1721
2052,5-9,878,822,1700
2052,10-14,911,852,1763
2052,15-19,1177,1098,2275
2052,20-24,1570,1465,3035
2052,25-29,1896,1763,3659
2052,30-34,2122,1960,4082
2052,35-39,2233,2098,4331
2052,40-44,1668,1584,3252
2052,45-49,2115,1973,4088
2052,50-54,3334,3124,6458
2052,55-59,4082,3911,7993
2052,60-64,4020,3883,7903
2052,65-69,3617,3499,7116
2052,70-74,3823,3964,7787
2052,75-79,3249,3531,6780
2052,80-84,2410,3125,5535
2052,85-89,1732,2657,4389
2052,90-94,931,1704,2635
2052,95-99,301,646,947
2052,100+,0,0,0
2053,0-4,885,825,1710
2053,5-9,882,826,1708
2053,10-14,888,831,1719
2053,15-19,1106,1032,2138
2053,20-24,1494,1394,2888
2053,25-29,1841,1713,3554
2053,30-34,2071,1933,4004
2053,35-39,2286,2118,4404
2053,40-44,1739,1669,3408
2053,45-49,1887,1808,3695
2053,50-54,3140,2928,6068
2053,55-59,3952,3773,7725
2053,60-64,4043,3931,7974
2053,65-69,3558,3376,6934
2053,70-74,3794,4008,7802
2053,75-79,3301,3536,6837
2053,80-84,2371,3109,5480
2053,85-89,1732,2612,4344
2053,90-94,961,1718,2679
2053,95-99,312,674,986
2053,100+,0,0,0
2054,0-4,876,816,1692
2054,5-9,887,830,1717
2054,10-14,874,818,1692
2054,15-19,1044,974,2018
2054,20-24,1414,1320,2734
2054,25-29,1782,1660,3442
2054,30-34,2043,1899,3942
2054,35-39,2251,2117,4368
2054,40-44,1853,1763,3616
2054,45-49,1748,1665,3413
2054,50-54,2925,2714,5639
2054,55-59,3751,3611,7362
2054,60-64,4100,4017,8117
2054,65-69,3537,3357,6894
2054,70-74,3670,3879,7549
2054,75-79,3391,3602,6993
2054,80-84,2362,3081,5443
2054,85-89,1718,2543,4261
2054,90-94,968,1764,2732
2054,95-99,328,693,1021
2054,100+,0,0,0
2055,0-4,861,803,1664
2055,5-9,892,834,1726
2055,10-14,871,815,1686
2055,15-19,989,924,1913
2055,20-24,1330,1242,2572
2055,25-29,1719,1602,3321
2055,30-34,1997,1856,3853
2055,35-39,2212,2083,4295
2055,40-44,2076,1939,4015
2055,45-49,1590,1515,3105
2055,50-54,2554,2415,4969
2055,55-59,3666,3500,7166
2055,60-64,4018,4007,8025
2055,65-69,3665,3467,7132
2055,70-74,3548,3751,7299
2055,75-79,3444,3678,7122
2055,80-84,2387,3050,5437
2055,85-89,1699,2487,4186
2055,90-94,977,1781,2758
2055,95-99,343,738,1081
2055,100+,0,0,0
2056,0-4,844,787,1631
2056,5-9,893,834,1727
2056,10-14,874,818,1692
2056,15-19,944,883,1827
2056,20-24,1252,1168,2420
2056,25-29,1646,1535,3181
2056,30-34,1948,1812,3760
2056,35-39,2170,2026,4196
2056,40-44,2188,2067,4255
2056,45-49,1549,1462,3011
2056,50-54,2278,2203,4481
2056,55-59,3515,3295,6810
2056,60-64,3971,3981,7952
2056,65-69,3755,3607,7362
2056,70-74,3412,3539,6951
2056,75-79,3377,3704,7081
2056,80-84,2496,3070,5566
2056,85-89,1704,2485,4189
2056,90-94,969,1795,2764
2056,95-99,360,762,1122
2056,100+,0,0,0
2057,0-4,824,769,1593
2057,5-9,890,831,1721
2057,10-14,878,822,1700
2057,15-19,911,852,1763
2057,20-24,1177,1098,2275
2057,25-29,1570,1465,3035
2057,30-34,1896,1763,3659
2057,35-39,2117,1960,4077
2057,40-44,2208,2098,4306
2057,45-49,1643,1584,3227
2057,50-54,2063,1954,4017
2057,55-59,3236,3097,6333
2057,60-64,3939,3859,7798
2057,65-69,3824,3804,7628
2057,70-74,3334,3372,6706
2057,75-79,3331,3704,7035
2057,80-84,2596,3114,5710
2057,85-89,1670,2471,4141
2057,90-94,964,1748,2712
2057,95-99,376,807,1183
2057,100+,0,0,0
2058,0-4,801,748,1549
2058,5-9,885,825,1710
2058,10-14,882,826,1708
2058,15-19,888,831,1719
2058,20-24,1106,1032,2138
2058,25-29,1494,1394,2888
2058,30-34,1841,1713,3554
2058,35-39,2068,1933,4001
2058,40-44,2261,2118,4379
2058,45-49,1713,1669,3382
2058,50-54,1843,1793,3636
2058,55-59,3048,2900,5948
2058,60-64,3813,3723,7536
2058,65-69,3849,3853,7702
2058,70-74,3285,3258,6543
2058,75-79,3311,3747,7058
2058,80-84,2642,3122,5764
2058,85-89,1651,2466,4117
2058,90-94,969,1726,2695
2058,95-99,390,817,1207
2058,100+,0,0,0
2059,0-4,776,726,1502
2059,5-9,876,816,1692
2059,10-14,887,830,1717
2059,15-19,874,818,1692
2059,20-24,1044,974,2018
2059,25-29,1414,1320,2734
2059,30-34,1782,1660,3442
2059,35-39,2040,1899,3939
2059,40-44,2228,2117,4345
2059,45-49,1826,1763,3589
2059,50-54,1707,1655,3362
2059,55-59,2840,2686,5526
2059,60-64,3621,3564,7185
2059,65-69,3906,3938,7844
2059,70-74,3268,3243,6511
2059,75-79,3207,3630,6837
2059,80-84,2718,3186,5904
2059,85-89,1653,2452,4105
2059,90-94,965,1691,2656
2059,95-99,394,847,1241
2059,100+,0,0,0
2060,0-4,752,702,1454
2060,5-9,861,803,1664
2060,10-14,892,834,1726
2060,15-19,871,815,1686
2060,20-24,989,924,1913
2060,25-29,1330,1242,2572
2060,30-34,1719,1602,3321
2060,35-39,1994,1856,3850
2060,40-44,2190,2083,4273
2060,45-49,2045,1938,3983
2060,50-54,1551,1509,3060
2060,55-59,2481,2390,4871
2060,60-64,3538,3453,6991
2060,65-69,3828,3928,7756
2060,70-74,3390,3350,6740
2060,75-79,3099,3509,6608
2060,80-84,2756,3250,6006
2060,85-89,1672,2426,4098
2060,90-94,953,1654,2607
2060,95-99,396,854,1250
2060,100+,0,0,0
2061,0-4,726,679,1405
2061,5-9,844,787,1631
2061,10-14,893,834,1727
2061,15-19,874,818,1692
2061,20-24,944,883,1827
2061,25-29,1252,1168,2420
2061,30-34,1646,1535,3181
2061,35-39,1945,1812,3757
2061,40-44,2148,2026,4174
2061,45-49,2154,2065,4219
2061,50-54,1511,1458,2969
2061,55-59,2213,2178,4391
2061,60-64,3392,3251,6643
2061,65-69,3782,3902,7684
2061,70-74,3473,3484,6957
2061,75-79,2981,3310,6291
2061,80-84,2704,3274,5978
2061,85-89,1754,2447,4201
2061,90-94,955,1658,2613
2061,95-99,391,860,1251
2061,100+,0,0,0
2062,0-4,701,656,1357
2062,5-9,824,769,1593
2062,10-14,890,831,1721
2062,15-19,878,822,1700
2062,20-24,911,852,1763
2062,25-29,1177,1098,2275
2062,30-34,1570,1465,3035
2062,35-39,1893,1763,3656
2062,40-44,2095,1960,4055
2062,45-49,2174,2095,4269
2062,50-54,1602,1576,3178
2062,55-59,2003,1931,3934
2062,60-64,3125,3056,6181
2062,65-69,3751,3784,7535
2062,70-74,3536,3675,7211
2062,75-79,2913,3154,6067
2062,80-84,2665,3274,5939
2062,85-89,1823,2481,4304
2062,90-94,935,1645,2580
2062,95-99,388,834,1222
2062,100+,0,0,0
2063,0-4,676,633,1309
2063,5-9,801,748,1549
2063,10-14,885,825,1710
2063,15-19,882,826,1708
2063,20-24,888,831,1719
2063,25-29,1106,1032,2138
2063,30-34,1494,1394,2888
2063,35-39,1838,1713,3551
2063,40-44,2046,1933,3979
2063,45-49,2226,2113,4339
2063,50-54,1670,1658,3328
2063,55-59,1788,1771,3559
2063,60-64,2943,2863,5806
2063,65-69,3630,3650,7280
2063,70-74,3559,3723,7282
2063,75-79,2873,3051,5924
2063,80-84,2648,3311,5959
2063,85-89,1851,2485,4336
2063,90-94,927,1640,2567
2063,95-99,392,820,1212
2063,100+,0,0,0
2064,0-4,650,609,1259
2064,5-9,776,726,1502
2064,10-14,876,816,1692
2064,15-19,887,830,1717
2064,20-24,874,818,1692
2064,25-29,1044,974,2018
2064,30-34,1414,1320,2734
2064,35-39,1780,1660,3440
2064,40-44,2018,1899,3917
2064,45-49,2193,2111,4304
2064,50-54,1781,1749,3530
2064,55-59,1657,1632,3289
2064,60-64,2740,2652,5392
2064,65-69,3448,3494,6942
2064,70-74,3609,3804,7413
2064,75-79,2860,3039,5899
2064,80-84,2567,3204,5771
2064,85-89,1902,2536,4438
2064,90-94,930,1631,2561
2064,95-99,389,805,1194
2064,100+,0,0,0
2065,0-4,623,585,1208
2065,5-9,752,702,1454
2065,10-14,861,803,1664
2065,15-19,892,834,1726
2065,20-24,871,815,1686
2065,25-29,989,924,1913
2065,30-34,1330,1242,2572
2065,35-39,1718,1602,3320
2065,40-44,1972,1856,3828
2065,45-49,2156,2078,4234
2065,50-54,1995,1917,3912
2065,55-59,1506,1489,2995
2065,60-64,2395,2359,4754
2065,65-69,3372,3389,6761
2065,70-74,3542,3796,7338
2065,75-79,2973,3144,6117
2065,80-84,2484,3101,5585
2065,85-89,1932,2590,4522
2065,90-94,945,1620,2565
2065,95-99,386,797,1183
2065,100+,0,0,0
