year,age_range,male,female,total
2019,0-4,60164,55677,115841
2019,5-9,57218,53022,110240
2019,10-14,56876,51669,108545
2019,15-19,68894,62799,131693
2019,20-24,79372,73641,153013
2019,25-29,83492,78692,162184
2019,30-34,82629,81790,164419
2019,35-39,99402,103297,202699
2019,40-44,94957,97981,192938
2019,45-49,83539,87460,170999
2019,50-54,81489,85688,167177
2019,55-59,77141,82104,159245
2019,60-64,65765,71649,137414
2019,65-69,51322,58888,110210
2019,70-74,27310,32380,59690
2019,75-79,18489,24059,42548
2019,80-84,11168,16359,27527
2019,85-89,8929,8587,17516
2019,90-94,5216,3784,9000
2019,95-99,930,947,1877
2019,100+,136,148,284
2020,0-4,57271,53065,110336
2020,5-9,59969,55663,115632
2020,10-14,54715,49706,104421
2020,15-19,64614,58812,123426
2020,20-24,78823,72711,151534
2020,25-29,82730,77748,160478
2020,30-34,82323,80313,162636
2020,35-39,96690,100086,196776
2020,40-44,97954,101437,199391
2020,45-49,82785,86951,169736
2020,50-54,81577,85927,167504
2020,55-59,78248,83780,162028
2020,60-64,66927,72937,139864
2020,65-69,54971,62848,117819
2020,70-74,30855,36544,67399
2020,75-79,18280,23796,42076
2020,80-84,11776,17317,29093
2020,85-89,7922,9142,17064
2020,90-94,5540,4033,9573
2020,95-99,1098,1035,2133
2020,100+,0,0,0
2021,0-4,53978,50102,104080
2021,5-9,61582,56993,118575
2021,10-14,54144,49602,103746
2021,15-19,61702,55955,117657
2021,20-24,76399,70472,146871
2021,25-29,82982,77556,160538
2021,30-34,82949,80134,163083
2021,35-39,91441,94196,185637
2021,40-44,99000,103047,202047
2021,45-49,85077,89156,174233
2021,50-54,82006,86356,168362
2021,55-59,79044,84524,163568
2021,60-64,67855,74130,141985
2021,65-69,56906,64997,121903
2021,70-74,35460,42428,77888
2021,75-79,18456,23914,42370
2021,80-84,12356,18178,30534
2021,85-89,7303,9744,17047
2021,90-94,5594,4263,9857
2021,95-99,1255,1118,2373
2021,100+,0,0,0
2022,0-4,50695,46957,97652
2022,5-9,61204,56576,117780
2022,10-14,55615,51509,107124
2022,15-19,59460,53688,113148
2022,20-24,73229,67223,140452
2022,25-29,83036,77804,160840
2022,30-34,83695,79925,163620
2022,35-39,86688,88336,175024
2022,40-44,100344,104851,205195
2022,45-49,87250,91176,178426
2022,50-54,82008,86801,168809
2022,55-59,78696,84563,163259
2022,60-64,70203,76536,146739
2022,65-69,57690,66097,123787
2022,70-74,39810,47699,87509
2022,75-79,19278,24757,44035
2022,80-84,12899,18898,31797
2022,85-89,6986,10435,17421
2022,90-94,5362,4488,9850
2022,95-99,1437,1185,2622
2022,100+,0,0,0
2023,0-4,48117,44600,92717
2023,5-9,61092,56533,117625
2023,10-14,55995,51990,107985
2023,15-19,58143,52477,110620
2023,20-24,71214,65275,136489
2023,25-29,81185,75501,156686
2023,30-34,82999,79164,162163
2023,35-39,84158,84879,169037
2023,40-44,99975,104650,204625
2023,45-49,90044,94008,184052
2023,50-54,81680,86509,168189
2023,55-59,78282,84247,162529
2023,60-64,72294,79052,151346
2023,65-69,59318,67567,126885
2023,70-74,43397,52251,95648
2023,75-79,20491,26314,46805
2023,80-84,13394,19579,32973
2023,85-89,6983,11178,18161
2023,90-94,4910,4673,9583
2023,95-99,1655,1301,2956
2023,100+,0,0,0
2024,0-4,45892,42680,88572
2024,5-9,60124,55646,115770
2024,10-14,57189,52997,110186
2024,15-19,56799,51634,108433
2024,20-24,68725,62733,131458
2024,25-29,79125,73541,152666
2024,30-34,83123,78533,161656
2024,35-39,82020,81541,163561
2024,40-44,98175,102843,201018
2024,45-49,93137,97338,190475
2024,50-54,81259,86581,167840
2024,55-59,78489,84455,162944
2024,60-64,73345,80415,153760
2024,65-69,61227,69337,130564
2024,70-74,45956,55659,101615
2024,75-79,22909,29349,52258
2024,80-84,13866,20095,33961
2024,85-89,7131,11909,19040
2024,90-94,4395,4890,9285
2024,95-99,1825,1406,3231
2024,100+,0,0,0
2025,0-4,45343,42176,87519
2025,5-9,57234,53036,110270
2025,10-14,59940,55638,115578
2025,15-19,54643,49672,104315
2025,20-24,64460,58752,123212
2025,25-29,78588,72614,151202
2025,30-34,82376,77594,159970
2025,35-39,81733,80072,161805
2025,40-44,95503,99652,195155
2025,45-49,96080,100779,196859
2025,50-54,80547,86092,166639
2025,55-59,78615,84716,163331
2025,60-64,74459,82094,156553
2025,65-69,62396,70643,133039
2025,70-74,49287,59458,108745
2025,75-79,25931,33183,59114
2025,80-84,13734,19917,33651
2025,85-89,7562,12673,20235
2025,90-94,3927,5270,9197
2025,95-99,1941,1523,3464
2025,100+,0,0,0
2026,0-4,44858,41739,86597
2026,5-9,53944,50075,104019
2026,10-14,61553,56968,118521
2026,15-19,54075,49569,103644
2026,20-24,61559,55899,117458
2026,25-29,76180,70379,146559
2026,30-34,82636,77404,160040
2026,35-39,82365,79898,162263
2026,40-44,90327,93790,184117
2026,45-49,97124,102388,199512
2026,50-54,82803,88290,171093
2026,55-59,79064,85161,164225
2026,60-64,75264,82854,158118
2026,65-69,63336,71855,135191
2026,70-74,51103,61570,112673
2026,75-79,29869,38598,68467
2026,80-84,13915,20074,33989
2026,85-89,7976,13358,21334
2026,90-94,3661,5669,9330
2026,95-99,1952,1627,3579
2026,100+,0,0,0
2027,0-4,44409,41329,85738
2027,5-9,50663,46931,97594
2027,10-14,61176,56551,117727
2027,15-19,55547,51478,107025
2027,20-24,59328,53636,112964
2027,25-29,73026,67135,140161
2027,30-34,82700,77654,160354
2027,35-39,83118,79694,162812
2027,40-44,85644,87959,173603
2027,45-49,98452,104185,202637
2027,50-54,84934,90303,175237
2027,55-59,79092,85618,164710
2027,60-64,74981,82918,157899
2027,65-69,65592,74233,139825
2027,70-74,51874,62668,114542
2027,75-79,33584,43447,77031
2027,80-84,14608,20866,35474
2027,85-89,8354,13936,22290
2027,90-94,3540,6118,9658
2027,95-99,1859,1726,3585
2027,100+,0,0,0
2028,0-4,43930,40896,84826
2028,5-9,48087,44574,92661
2028,10-14,61064,56508,117572
2028,15-19,55928,51960,107888
2028,20-24,58017,52427,110444
2028,25-29,71023,65192,136215
2028,30-34,80865,75358,156223
2028,35-39,82437,78938,161375
2028,40-44,83164,84521,167685
2028,45-49,98099,103992,202091
2028,50-54,87668,93119,180787
2028,55-59,78800,85342,164142
2028,60-64,74637,82640,157277
2028,65-69,67612,76716,144328
2028,70-74,53404,64119,117523
2028,75-79,36628,47633,84261
2028,80-84,15606,22283,37889
2028,85-89,8703,14489,23192
2028,90-94,3574,6592,10166
2028,95-99,1696,1817,3513
2028,100+,0,0,0
2029,0-4,43401,40419,83820
2029,5-9,45864,42654,88518
2029,10-14,60096,55621,115717
2029,15-19,57122,52967,110089
2029,20-24,56680,51585,108265
2029,25-29,68547,62656,131203
2029,30-34,78820,73405,152225
2029,35-39,82569,78312,160881
2029,40-44,81068,81204,162272
2029,45-49,96341,102202,198543
2029,50-54,90692,96427,187119
2029,55-59,78415,85430,163845
2029,60-64,74879,82868,157747
2029,65-69,68657,78077,146734
2029,70-74,55195,65860,121055
2029,75-79,38832,50794,89626
2029,80-84,17550,24975,42525
2029,85-89,9031,14912,23943
2029,90-94,3672,7056,10728
2029,95-99,1520,1922,3442
2029,100+,0,0,0
2030,0-4,42748,39833,82581
2030,5-9,45315,42150,87465
2030,10-14,57206,53011,110217
2030,15-19,59870,55606,115476
2030,20-24,54527,49625,104152
2030,25-29,64294,58681,122975
2030,30-34,78286,72480,150766
2030,35-39,81829,77375,159204
2030,40-44,80789,79744,160533
2030,45-49,93711,99027,192738
2030,50-54,93550,99835,193385
2030,55-59,77728,84947,162675
2030,60-64,75006,83128,158134
2030,65-69,69698,79703,149401
2030,70-74,56263,67105,123368
2030,75-79,41622,54228,95850
2030,80-84,19849,28225,48074
2030,85-89,8921,14750,23671
2030,90-94,3898,7509,11407
2030,95-99,1361,2082,3443
2030,100+,0,0,0
2031,0-4,41990,39140,81130
2031,5-9,44830,41713,86543
2031,10-14,53916,50050,103966
2031,15-19,61482,56936,118418
2031,20-24,53960,49522,103482
2031,25-29,61400,55832,117232
2031,30-34,75889,70250,146139
2031,35-39,82086,77187,159273
2031,40-44,81412,79571,160983
2031,45-49,88627,93198,181825
2031,50-54,94570,101431,196001
2031,55-59,79920,87120,167040
2031,60-64,75433,83565,158998
2031,65-69,70436,80435,150871
2031,70-74,57114,68266,125380
2031,75-79,43154,56158,99312
2031,80-84,22865,32837,55702
2031,85-89,9045,14864,23909
2031,90-94,4118,7905,12023
2031,95-99,1283,2242,3525
2031,100+,0,0,0
2032,0-4,41135,38363,79498
2032,5-9,44381,41303,85684
2032,10-14,50635,46906,97541
2032,15-19,61106,56519,117625
2032,20-24,55430,51429,106859
2032,25-29,59174,53572,112746
2032,30-34,72747,67013,139760
2032,35-39,82150,77435,159585
2032,40-44,82152,79367,161519
2032,45-49,84035,87404,171439
2032,50-54,95859,103210,199069
2032,55-59,81977,89109,171086
2032,60-64,75452,84013,159465
2032,65-69,70164,80490,150654
2032,70-74,59138,70519,129657
2032,75-79,43790,57141,100931
2032,80-84,25692,36928,62620
2032,85-89,9524,15486,25010
2032,90-94,4308,8237,12545
2032,95-99,1253,2419,3672
2032,100+,0,0,0
2033,0-4,40283,37581,77864
2033,5-9,43902,40870,84772
2033,10-14,48060,44549,92609
2033,15-19,60993,56475,117468
2033,20-24,55812,51911,107723
2033,25-29,57865,52364,110229
2033,30-34,70751,65072,135823
2033,35-39,80323,75145,155468
2033,40-44,81479,78613,160092
2033,45-49,81609,83990,165599
2033,50-54,95513,103014,198527
2033,55-59,84616,91886,176502
2033,60-64,75170,83739,158909
2033,65-69,69847,80224,150071
2033,70-74,60961,72879,133840
2033,75-79,45067,58453,103520
2033,80-84,27962,40432,68394
2033,85-89,10213,16601,26814
2033,90-94,4482,8556,13038
2033,95-99,1276,2604,3880
2033,100+,0,0,0
2034,0-4,39432,36799,76231
2034,5-9,43373,40393,83766
2034,10-14,45838,42629,88467
2034,15-19,60024,55588,115612
2034,20-24,57004,52918,109922
2034,25-29,56531,51523,108054
2034,30-34,68282,62539,130821
2034,35-39,78291,73196,151487
2034,40-44,81612,77990,159602
2034,45-49,79558,80695,160253
2034,50-54,93797,101236,195033
2034,55-59,87534,95150,182684
2034,60-64,74803,83825,158628
2034,65-69,70077,80446,150523
2034,70-74,61900,74169,136069
2034,75-79,46577,60043,106620
2034,80-84,29615,43081,72696
2034,85-89,11540,18694,30234
2034,90-94,4642,8794,13436
2034,95-99,1313,2781,4094
2034,100+,0,0,0
2035,0-4,38539,35973,74512
2035,5-9,42721,39809,82530
2035,10-14,45290,42127,87417
2035,15-19,57141,52979,110120
2035,20-24,59752,55557,115309
2035,25-29,54391,49567,103958
2035,30-34,64058,58575,122633
2035,35-39,77776,72280,150056
2035,40-44,80899,77064,157963
2035,45-49,79308,79259,158567
2035,50-54,91263,98111,189374
2035,55-59,90350,98550,188900
2035,60-64,74245,83407,157652
2035,65-69,70334,80797,151131
2035,70-74,62998,75854,138852
2035,75-79,47673,61368,109041
2035,80-84,31885,46157,78042
2035,85-89,13131,21270,34401
2035,90-94,4608,8788,13396
2035,95-99,1416,3029,4445
2035,100+,0,0,0
2036,0-4,37642,35149,72791
2036,5-9,41964,39117,81081
2036,10-14,44805,41694,86499
2036,15-19,53859,50021,103880
2036,20-24,61366,56886,118252
2036,25-29,53834,49466,103300
2036,30-34,61185,55733,116918
2036,35-39,75409,70061,145470
2036,40-44,81172,76883,158055
2036,45-49,79932,79096,159028
2036,50-54,86338,92351,178689
2036,55-59,91399,100162,191561
2036,60-64,76442,85597,162039
2036,65-69,70857,81304,152161
2036,70-74,63794,76670,140464
2036,75-79,48561,62617,111178
2036,80-84,33219,48014,81233
2036,85-89,15234,24922,40156
2036,90-94,4716,8967,13683
2036,95-99,1516,3248,4764
2036,100+,0,0,0
2037,0-4,36795,34365,71160
2037,5-9,41109,38340,79449
2037,10-14,44356,41289,85645
2037,15-19,50584,46880,97464
2037,20-24,61001,56469,117470
2037,25-29,55307,51375,106682
2037,30-34,58976,53479,112455
2037,35-39,72303,66837,139140
2037,40-44,81252,77138,158390
2037,45-49,80672,78899,159571
2037,50-54,81890,86627,168517
2037,55-59,92692,101950,194642
2037,60-64,78496,87599,166095
2037,65-69,70975,81809,152784
2037,70-74,63678,76832,140510
2037,75-79,50431,64836,115267
2037,80-84,33844,49019,82863
2037,85-89,17206,28159,45365
2037,90-94,5029,9486,14515
2037,95-99,1600,3440,5040
2037,100+,0,0,0
2038,0-4,36011,33640,69651
2038,5-9,40257,37558,77815
2038,10-14,43877,40861,84738
2038,15-19,48014,44524,92538
2038,20-24,60891,56428,117319
2038,25-29,55698,51858,107556
2038,30-34,57678,52275,109953
2038,35-39,70330,64904,135234
2038,40-44,79457,74861,154318
2038,45-49,80027,78158,158185
2038,50-54,79552,83258,162810
2038,55-59,92397,101780,194177
2038,60-64,81099,90373,171472
2038,65-69,70810,81607,152417
2038,70-74,63533,76689,140222
2038,75-79,52140,67161,119301
2038,80-84,34964,50307,85271
2038,85-89,18780,30931,49711
2038,90-94,5462,10337,15799
2038,95-99,1678,3629,5307
2038,100+,0,0,0
2039,0-4,35301,32983,68284
2039,5-9,39408,36778,76186
2039,10-14,43348,40387,83735
2039,15-19,45795,42606,88401
2039,20-24,59928,55544,115472
2039,25-29,56894,52864,109758
2039,30-34,56358,51439,107797
2039,35-39,67887,62381,130268
2039,40-44,77459,72924,150383
2039,45-49,80174,77545,157719
2039,50-54,77575,80007,157582
2039,55-59,90772,100047,190819
2039,60-64,83965,93625,177590
2039,65-69,70563,81751,152314
2039,70-74,63875,77002,140877
2039,75-79,53086,68488,121574
2039,80-84,36277,51845,88122
2039,85-89,19972,33087,53059
2039,90-94,6258,11824,18082
2039,95-99,1751,3780,5531
2039,100+,0,0,0
2040,0-4,34684,32412,67096
2040,5-9,38515,35954,74469
2040,10-14,42698,39803,82501
2040,15-19,45247,42105,87352
2040,20-24,57048,52938,109986
2040,25-29,59635,55501,115136
2040,30-34,54224,49485,103709
2040,35-39,63688,58425,122113
2040,40-44,76953,72011,148964
2040,45-49,79474,76626,156100
2040,50-54,77336,78584,155920
2040,55-59,88312,96955,185267
2040,60-64,86654,96966,183620
2040,65-69,70038,81345,151383
2040,70-74,64125,77351,141476
2040,75-79,54023,70038,124061
2040,80-84,37153,53000,90153
2040,85-89,21476,35388,56864
2040,90-94,7107,13433,20540
2040,95-99,1728,3752,5480
2040,100+,0,0,0
2041,0-4,34156,31920,66076
2041,5-9,37618,35133,72751
2041,10-14,41943,39111,81054
2041,15-19,44763,41672,86435
2041,20-24,53772,49983,103755
2041,25-29,61243,56829,118072
2041,30-34,53671,49385,103056
2041,35-39,60833,55592,116425
2041,40-44,74612,69800,144412
2041,45-49,79743,76445,156188
2041,50-54,77940,78423,156363
2041,55-59,83542,91258,174800
2041,60-64,87665,98553,186218
2041,65-69,72135,83494,155629
2041,70-74,64599,77836,142435
2041,75-79,54671,70771,125442
2041,80-84,37846,54100,91946
2041,85-89,22370,36818,59188
2041,90-94,8247,15747,23994
2041,95-99,1772,3828,5600
2041,100+,0,0,0
2042,0-4,33711,31503,65214
2042,5-9,36772,34352,71124
2042,10-14,41090,38334,79424
2042,15-19,44316,41267,85583
2042,20-24,50503,46846,97349
2042,25-29,60878,56412,117290
2042,30-34,55142,51292,106434
2042,35-39,58640,53343,111983
2042,40-44,71538,66587,138125
2042,45-49,79820,76698,156518
2042,50-54,78661,78228,156889
2042,55-59,79239,85602,164841
2042,60-64,88901,100310,189211
2042,65-69,74078,85453,159531
2042,70-74,64686,78309,142995
2042,75-79,54551,70902,125453
2042,80-84,39292,56005,95297
2042,85-89,22770,37549,60319
2042,90-94,9298,17745,27043
2042,95-99,1906,4081,5987
2042,100+,0,0,0
2043,0-4,33313,31132,64445
2043,5-9,35990,33630,69620
2043,10-14,40240,37552,77792
2043,15-19,43839,40839,84678
2043,20-24,47937,44493,92430
2043,25-29,60770,56370,117140
2043,30-34,55532,51774,107306
2043,35-39,57352,52144,109496
2043,40-44,69580,64661,134241
2043,45-49,78052,74433,152485
2043,50-54,78031,77494,155525
2043,55-59,76987,82276,159263
2043,60-64,88613,100137,188750
2043,65-69,76537,88157,164694
2043,70-74,64528,78109,142637
2043,75-79,54435,70777,125212
2043,80-84,40625,58014,98639
2043,85-89,23509,38516,62025
2043,90-94,10101,19414,29515
2043,95-99,2087,4497,6584
2043,100+,0,0,0
2044,0-4,32965,30807,63772
2044,5-9,35283,32973,68256
2044,10-14,39392,36774,76166
2044,15-19,43311,40365,83676
2044,20-24,45723,42578,88301
2044,25-29,59809,55486,115295
2044,30-34,56725,52779,109504
2044,35-39,56038,51309,107347
2044,40-44,67161,62147,129308
2044,45-49,76086,72506,148592
2044,50-54,78175,76885,155060
2044,55-59,75080,79069,154149
2044,60-64,87050,98427,185477
2044,65-69,79241,91329,170570
2044,70-74,64304,78247,142551
2044,75-79,54740,71067,125807
2044,80-84,41354,59152,100506
2044,85-89,24391,39699,64090
2044,90-94,10720,20720,31440
2044,95-99,2415,5205,7620
2044,100+,0,0,0
2045,0-4,32713,30574,63287
2045,5-9,34670,32402,67072
2045,10-14,38500,35953,74453
2045,15-19,42664,39781,82445
2045,20-24,45178,42079,87257
2045,25-29,56940,52883,109823
2045,30-34,59462,55413,114875
2045,35-39,53923,49363,103286
2045,40-44,63021,58210,121231
2045,45-49,75605,71606,147211
2045,50-54,77513,75985,153498
2045,55-59,74891,77686,152577
2045,60-64,84751,95420,180171
2045,65-69,81856,94644,176500
2045,70-74,63939,77957,141896
2045,75-79,55109,71544,126653
2045,80-84,42228,60662,102890
2045,85-89,25137,40824,65961
2045,90-94,11585,22312,33897
2045,95-99,2759,5989,8748
2045,100+,0,0,0
2046,0-4,32482,30360,62842
2046,5-9,34147,31911,66058
2046,10-14,37604,35133,72737
2046,15-19,41910,39090,81000
2046,20-24,44697,41647,86344
2046,25-29,53675,49932,103607
2046,30-34,61069,56739,117808
2046,35-39,53381,49266,102647
2046,40-44,60205,55390,115595
2046,45-49,73317,69412,142729
2046,50-54,77792,75817,153609
2046,55-59,75508,77541,153049
2046,60-64,80230,89843,170073
2046,65-69,82911,96257,179168
2046,70-74,66007,80124,146131
2046,75-79,55642,72116,127758
2046,80-84,42839,61435,104274
2046,85-89,25733,41903,67636
2046,90-94,12139,23426,35565
2046,95-99,3233,7129,10362
2046,100+,0,0,0
2047,0-4,32200,30099,62299
2047,5-9,33703,31496,65199
2047,10-14,36762,34352,71114
2047,15-19,41058,38315,79373
2047,20-24,44252,41242,85494
2047,25-29,50415,46800,97215
2047,30-34,60711,56325,117036
2047,35-39,54853,51170,106023
2047,40-44,58045,53154,111199
2047,45-49,70306,66221,136527
2047,50-54,77885,76078,153963
2047,55-59,76231,77362,153593
2047,60-64,76155,84302,160457
2047,65-69,84155,98023,182178
2047,70-74,67890,82089,149979
2047,75-79,55806,72655,128461
2047,80-84,42853,61676,104529
2047,85-89,26825,43547,70372
2047,90-94,12410,24037,36447
2047,95-99,3666,8100,11766
2047,100+,0,0,0
2048,0-4,31890,29808,61698
2048,5-9,33306,31128,64434
2048,10-14,35983,33630,69613
2048,15-19,40209,37535,77744
2048,20-24,43777,40814,84591
2048,25-29,47855,44450,92305
2048,30-34,60609,56285,116894
2048,35-39,55247,51653,106900
2048,40-44,56779,51963,108742
2048,45-49,68386,64309,132695
2048,50-54,76166,73836,150002
2048,55-59,75646,76652,152298
2048,60-64,74044,81055,155099
2048,65-69,83951,97891,181842
2048,70-74,70245,84758,155003
2048,75-79,55765,72561,128326
2048,80-84,42898,61720,104618
2048,85-89,27855,45280,73135
2048,90-94,12874,24811,37685
2048,95-99,3984,8907,12891
2048,100+,0,0,0
2049,0-4,31532,29474,61006
2049,5-9,32959,30806,63765
2049,10-14,35278,32973,68251
2049,15-19,39363,36760,76123
2049,20-24,43252,40340,83592
2049,25-29,45647,42539,88186
2049,30-34,59656,55404,115060
2049,35-39,56441,52658,109099
2049,40-44,55487,51134,106621
2049,45-49,66015,61812,127827
2049,50-54,74257,71929,146186
2049,55-59,75809,76060,151869
2049,60-64,72257,77922,150179
2049,65-69,82531,96256,178787
2049,70-74,72813,87875,160688
2049,75-79,55678,72786,128464
2049,80-84,43265,62106,105371
2049,85-89,28457,46312,74769
2049,90-94,13435,25741,39176
2049,95-99,4240,9570,13810
2049,100+,0,0,0
2050,0-4,31127,29095,60222
2050,5-9,32707,30573,63280
2050,10-14,34666,32402,67068
2050,15-19,38472,35940,74412
2050,20-24,42605,39756,82361
2050,25-29,45102,42041,87143
2050,30-34,56793,52803,109596
2050,35-39,59163,55286,114449
2050,40-44,53388,49193,102581
2050,45-49,61948,57899,119847
2050,50-54,73790,71038,144828
2050,55-59,75167,75173,150340
2050,60-64,72081,76565,148646
2050,65-69,80334,93305,173639
2050,70-74,75177,91048,166225
2050,75-79,55372,72525,127897
2050,80-84,43576,62551,106127
2050,85-89,29053,47480,76533
2050,90-94,13861,26483,40344
2050,95-99,4573,10257,14830
2050,100+,0,0,0
2051,0-4,30657,28655,59312
2051,5-9,32476,30359,62835
2051,10-14,34144,31911,66055
2051,15-19,37577,35121,72698
2051,20-24,41852,39065,80917
2051,25-29,44621,41610,86231
2051,30-34,53535,49856,103391
2051,35-39,60762,56608,117370
2051,40-44,52854,49097,101951
2051,45-49,59182,55094,114276
2051,50-54,71559,68862,140421
2051,55-59,75438,75006,150444
2051,60-64,72671,76420,149091
2051,65-69,76038,87841,163879
2051,70-74,76163,92605,168768
2051,75-79,57230,74580,131810
2051,80-84,43995,63048,107043
2051,85-89,29432,48045,77477
2051,90-94,14187,27208,41395
2051,95-99,4790,10772,15562
2051,100+,0,0,0
2052,0-4,30108,28141,58249
2052,5-9,32194,30098,62292
2052,10-14,33700,31496,65196
2052,15-19,36736,34341,71077
2052,20-24,41003,38290,79293
2052,25-29,44176,41206,85382
2052,30-34,50285,46728,97013
2052,35-39,60405,56195,116600
2052,40-44,54319,50996,105315
2052,45-49,57062,52871,109933
2052,50-54,68621,65697,134318
2052,55-59,75528,75264,150792
2052,60-64,73363,76241,149604
2052,65-69,72179,82426,154605
2052,70-74,77288,94295,171583
2052,75-79,58870,76424,135294
2052,80-84,44092,63497,107589
2052,85-89,29418,48197,77615
2052,90-94,14782,28256,43038
2052,95-99,4882,11012,15894
2052,100+,0,0,0
2053,0-4,29502,27575,57077
2053,5-9,31885,29807,61692
2053,10-14,33303,31128,64431
2053,15-19,35958,33620,69578
2053,20-24,40157,37510,77667
2053,25-29,43701,40779,84480
2053,30-34,47733,44382,92115
2053,35-39,60301,56154,116455
2053,40-44,54711,51477,106188
2053,45-49,55819,51685,107504
2053,50-54,66744,63798,130542
2053,55-59,73855,73043,146898
2053,60-64,72800,75542,148342
2053,65-69,70197,79258,149455
2053,70-74,77082,94148,171230
2053,75-79,60914,78903,139817
2053,80-84,44044,63395,107439
2053,85-89,29462,48246,77708
2053,90-94,15351,29384,44735
2053,95-99,5059,11348,16407
2053,100+,0,0,0
2054,0-4,28853,26969,55822
2054,5-9,31528,29473,61001
2054,10-14,32956,30806,63762
2054,15-19,35253,32963,68216
2054,20-24,39314,36735,76049
2054,25-29,43176,40305,83481
2054,30-34,45531,42474,88005
2054,35-39,59350,55274,114624
2054,40-44,55894,52479,108373
2054,45-49,54549,50860,105409
2054,50-54,64425,61318,125743
2054,55-59,72004,71156,143160
2054,60-64,72954,74961,147915
2054,65-69,68518,76203,144721
2054,70-74,75760,92564,168324
2054,75-79,63130,81805,144935
2054,80-84,43980,63593,107573
2054,85-89,29729,48551,78280
2054,90-94,15674,30038,45712
2054,95-99,5283,11782,17065
2054,100+,0,0,0
2055,0-4,28187,26347,54534
2055,5-9,31124,29094,60218
2055,10-14,32705,30573,63278
2055,15-19,34642,32393,67035
2055,20-24,38425,35915,74340
2055,25-29,42535,39722,82257
2055,30-34,44991,41979,86970
2055,35-39,56507,52681,109188
2055,40-44,58592,55098,113690
2055,45-49,52488,48932,101420
2055,50-54,60471,57443,117914
2055,55-59,71586,70292,141878
2055,60-64,72392,74114,146506
2055,65-69,68438,74933,143371
2055,70-74,73824,89802,163626
2055,75-79,65270,84872,150142
2055,80-84,43893,63553,107446
2055,85-89,30087,49142,79229
2055,90-94,16077,31002,47079
2055,95-99,5501,12284,17785
2055,100+,0,0,0
2056,0-4,27524,25725,53249
2056,5-9,30654,28654,59308
2056,10-14,32475,30359,62834
2056,15-19,34121,31903,66024
2056,20-24,37530,35096,72626
2056,25-29,41788,39032,80820
2056,30-34,44515,41550,86065
2056,35-39,53271,49743,103014
2056,40-44,60182,56417,116599
2056,45-49,51971,48841,100812
2056,50-54,57786,54667,112453
2056,55-59,69447,68153,137600
2056,60-64,72703,73974,146677
2056,65-69,69059,74830,143889
2056,70-74,69956,84605,154561
2056,75-79,66284,86465,152749
2056,80-84,45583,65577,111160
2056,85-89,30492,49715,80207
2056,90-94,16330,31527,47857
2056,95-99,5665,12779,18444
2056,100+,0,0,0
2057,0-4,26894,25134,52028
2057,5-9,30105,28140,58245
2057,10-14,32193,30098,62291
2057,15-19,33678,31489,65167
2057,20-24,36690,34316,71006
2057,25-29,40944,38258,79202
2057,30-34,44073,41148,85221
2057,35-39,50043,46625,96668
2057,40-44,59840,56010,115850
2057,45-49,53426,50736,104162
2057,50-54,55729,52468,108197
2057,55-59,66619,65031,131650
2057,60-64,72834,74250,147084
2057,65-69,69770,74686,144456
2057,70-74,66495,79457,145952
2057,75-79,67374,88152,155526
2057,80-84,47025,67366,114391
2057,85-89,30637,50214,80851
2057,90-94,16375,31771,48146
2057,95-99,5937,13389,19326
2057,100+,0,0,0
2058,0-4,26281,24562,50843
2058,5-9,29500,27574,57074
2058,10-14,31884,29807,61691
2058,15-19,33282,31123,64405
2058,20-24,35913,33595,69508
2058,25-29,40102,37480,77582
2058,30-34,43602,40723,84325
2058,35-39,47508,44284,91792
2058,40-44,59741,55972,115713
2058,45-49,53822,51219,105041
2058,50-54,54524,51297,105821
2058,55-59,64812,63160,127972
2058,60-64,71256,72076,143332
2058,65-69,69294,74035,143329
2058,70-74,64782,76475,141257
2058,75-79,67283,88090,155373
2058,80-84,48786,69687,118473
2058,85-89,30699,50264,80963
2058,90-94,16484,31989,48473
2058,95-99,6203,14050,20253
2058,100+,0,0,0
2059,0-4,25691,24010,49701
2059,5-9,28852,26968,55820
2059,10-14,31527,29473,61000
2059,15-19,32937,30802,63739
2059,20-24,35209,32939,68148
2059,25-29,39262,36706,75968
2059,30-34,43081,40250,83331
2059,35-39,45323,42382,87705
2059,40-44,58804,55096,113900
2059,45-49,54995,52219,107214
2059,50-54,53291,50483,103774
2059,55-59,62575,60712,123287
2059,60-64,69502,70228,139730
2059,65-69,69494,73494,142988
2059,70-74,63333,73595,136928
2059,75-79,66209,86684,152893
2059,80-84,50671,72386,123057
2059,85-89,30767,50571,81338
2059,90-94,16719,32349,49068
2059,95-99,6363,14460,20823
2059,100+,0,0,0
2060,0-4,25123,23478,48601
2060,5-9,28186,26346,54532
2060,10-14,31123,29094,60217
2060,15-19,32686,30570,63256
2060,20-24,34599,32369,66968
2060,25-29,38374,35887,74261
2060,30-34,42441,39667,82108
2060,35-39,44785,41888,86673
2060,40-44,55982,52510,108492
2060,45-49,57642,54823,112465
2060,50-54,51276,48567,99843
2060,55-59,58736,56878,115614
2060,60-64,69099,69376,138475
2060,65-69,68962,72667,141629
2060,70-74,63285,72388,135673
2060,75-79,64468,84066,148534
2060,80-84,52329,75055,127384
2060,85-89,30714,50557,81271
2060,90-94,16937,32783,49720
2060,95-99,6521,14907,21428
2060,100+,0,0,0
2061,0-4,24587,22977,47564
2061,5-9,27523,25724,53247
2061,10-14,30653,28654,59307
2061,15-19,32456,30356,62812
2061,20-24,34079,31880,65959
2061,25-29,37479,35068,72547
2061,30-34,41696,38978,80674
2061,35-39,44310,41460,85770
2061,40-44,52773,49582,102355
2061,45-49,59205,56134,115339
2061,50-54,50773,48477,99250
2061,55-59,56130,54131,110261
2061,60-64,67036,67264,134300
2061,65-69,69259,72529,141788
2061,70-74,63846,72284,136130
2061,75-79,61062,79169,140231
2061,80-84,53168,76478,129646
2061,85-89,31988,52249,84237
2061,90-94,17158,33157,50315
2061,95-99,6601,15117,21718
2061,100+,0,0,0
2062,0-4,24094,22516,46610
2062,5-9,26893,25133,52026
2062,10-14,30104,28140,58244
2062,15-19,32174,30095,62269
2062,20-24,33637,31467,65104
2062,25-29,36639,34289,70928
2062,30-34,40855,38205,79060
2062,35-39,43869,41059,84928
2062,40-44,49576,46474,96050
2062,45-49,58872,55731,114603
2062,50-54,52200,50361,102561
2062,55-59,54134,51953,106087
2062,60-64,64309,64184,128493
2062,65-69,69386,72800,142186
2062,70-74,64487,72135,136622
2062,75-79,58046,74353,132399
2062,80-84,54018,77946,131964
2062,85-89,33007,53697,86704
2062,90-94,17208,33455,50663
2062,95-99,6607,15199,21806
2062,100+,0,0,0
2063,0-4,23629,22080,45709
2063,5-9,26280,24561,50841
2063,10-14,29499,27574,57073
2063,15-19,31865,29804,61669
2063,20-24,33242,31101,64343
2063,25-29,35862,33569,69431
2063,30-34,40016,37428,77444
2063,35-39,43400,40635,84035
2063,40-44,47068,44143,91211
2063,45-49,58772,55695,114467
2063,50-54,52589,50840,103429
2063,55-59,52964,50794,103758
2063,60-64,62561,62336,124897
2063,65-69,67868,70662,138530
2063,70-74,64048,71511,135559
2063,75-79,56602,71585,128187
2063,80-84,53907,77832,131739
2063,85-89,34246,55537,89783
2063,90-94,17231,33457,50688
2063,95-99,6661,15317,21978
2063,100+,0,0,0
2064,0-4,23187,21668,44855
2064,5-9,25690,24009,49699
2064,10-14,28851,26968,55819
2064,15-19,31508,29470,60978
2064,20-24,32897,30780,63677
2064,25-29,35158,32913,68071
2064,30-34,39178,36656,75834
2064,35-39,42881,40163,83044
2064,40-44,44907,42248,87155
2064,45-49,57845,54822,112667
2064,50-54,53738,51833,105571
2064,55-59,51767,49988,101755
2064,60-64,60397,59918,120315
2064,65-69,66193,68844,135037
2064,70-74,64232,70985,135217
2064,75-79,55376,68925,124301
2064,80-84,53011,76550,129561
2064,85-89,35555,57691,93246
2064,90-94,17276,33663,50939
2064,95-99,6763,15496,22259
2064,100+,0,0,0
2065,0-4,22752,21263,44015
2065,5-9,25122,23477,48599
2065,10-14,28186,26346,54532
2065,15-19,31104,29092,60196
2065,20-24,32651,30548,63199
2065,25-29,34550,32344,66894
2065,30-34,38292,35840,74132
2065,35-39,42248,39583,81831
2065,40-44,44377,41757,86134
2065,45-49,55067,52250,107317
2065,50-54,56328,54421,110749
2065,55-59,49824,48096,97920
2065,60-64,56720,56149,112869
2065,65-69,65861,68038,133899
2065,70-74,63812,70242,134054
2065,75-79,55452,67907,123359
2065,80-84,51675,74322,125997
2065,85-89,36757,59948,96705
2065,90-94,17321,33860,51181
2065,95-99,6902,15887,22789
2065,100+,0,0,0
