year,age_range,male,female,total
2019,0-4,11195,10495,21690
2019,5-9,10815,10095,20910
2019,10-14,10572,9520,20092
2019,15-19,12241,11120,23361
2019,20-24,14200,13281,27481
2019,25-29,15342,14593,29935
2019,30-34,15597,15721,31318
2019,35-39,18700,19636,38336
2019,40-44,17780,18442,36222
2019,45-49,15621,16550,32171
2019,50-54,14703,15938,30641
2019,55-59,13799,15270,29069
2019,60-64,11648,13238,24886
2019,65-69,8967,11436,20403
2019,70-74,4824,6572,11396
2019,75-79,3241,4766,8007
2019,80-84,1947,2982,4929
2019,85-89,1960,1523,3483
2019,90-94,1264,673,1937
2019,95-99,200,149,349
2019,100+,35,29,64
2020,0-4,10727,10068,20795
2020,5-9,11396,10546,21942
2020,10-14,10185,9324,19509
2020,15-19,11609,10444,22053
2020,20-24,13943,12962,26905
2020,25-29,15098,14380,29478
2020,30-34,15472,15329,30801
2020,35-39,18245,19175,37420
2020,40-44,18432,19103,37535
2020,45-49,15476,16340,31816
2020,50-54,14810,16131,30941
2020,55-59,13964,15443,29407
2020,60-64,11894,13602,25496
2020,65-69,9678,11966,21644
2020,70-74,5430,7421,12851
2020,75-79,3186,4775,7961
2020,80-84,2045,3221,5266
2020,85-89,1618,1623,3241
2020,90-94,1354,690,2044
2020,95-99,243,179,422
2020,100+,0,0,0
2021,0-4,10283,9629,19912
2021,5-9,11688,10825,22513
2021,10-14,10039,9332,19371
2021,15-19,11166,10027,21193
2021,20-24,13561,12433,25994
2021,25-29,15024,14347,29371
2021,30-34,15506,15081,30587
2021,35-39,17345,18203,35548
2021,40-44,18574,19398,37972
2021,45-49,15911,16661,32572
2021,50-54,15000,16284,31284
2021,55-59,14096,15713,29809
2021,60-64,12015,13832,25847
2021,65-69,10222,12187,22409
2021,70-74,6162,8550,14712
2021,75-79,3237,4806,8043
2021,80-84,2142,3451,5593
2021,85-89,1419,1715,3134
2021,90-94,1360,763,2123
2021,95-99,278,194,472
2021,100+,0,0,0
2022,0-4,9928,9229,19157
2022,5-9,11542,10789,22331
2022,10-14,10364,9653,20017
2022,15-19,10919,9795,20714
2022,20-24,12969,11808,24777
2022,25-29,14966,14273,29239
2022,30-34,15521,14973,30494
2022,35-39,16490,17069,33559
2022,40-44,18814,19794,38608
2022,45-49,16268,17113,33381
2022,50-54,15162,16286,31448
2022,55-59,14053,15767,29820
2022,60-64,12475,14274,26749
2022,65-69,10355,12238,22593
2022,70-74,6928,9559,16487
2022,75-79,3387,5017,8404
2022,80-84,2238,3644,5882
2022,85-89,1285,1866,3151
2022,90-94,1277,792,2069
2022,95-99,326,205,531
2022,100+,0,0,0
2023,0-4,9673,8941,18614
2023,5-9,11452,10815,22267
2023,10-14,10502,9724,20226
2023,15-19,10796,9650,20446
2023,20-24,12639,11549,24188
2023,25-29,14617,13725,28342
2023,30-34,15250,14763,30013
2023,35-39,15996,16382,32378
2023,40-44,18764,19866,38630
2023,45-49,16812,17547,34359
2023,50-54,15199,16420,31619
2023,55-59,14048,15626,29674
2023,60-64,12867,14756,27623
2023,65-69,10566,12440,23006
2023,70-74,7590,10303,17893
2023,75-79,3582,5312,8894
2023,80-84,2333,3897,6230
2023,85-89,1235,2002,3237
2023,90-94,1143,818,1961
2023,95-99,388,236,624
2023,100+,0,0,0
2024,0-4,9508,8843,18351
2024,5-9,11193,10494,21687
2024,10-14,10815,10095,20910
2024,15-19,10557,9520,20077
2024,20-24,12214,11112,23326
2024,25-29,14154,13256,27410
2024,30-34,15274,14566,29840
2024,35-39,15483,15671,31154
2024,40-44,18471,19548,38019
2024,45-49,17437,18322,35759
2024,50-54,15195,16386,31581
2024,55-59,14163,15709,29872
2024,60-64,13119,14955,28074
2024,65-69,10843,12810,23653
2024,70-74,8031,10806,18837
2024,75-79,4046,5955,10001
2024,80-84,2432,3982,6414
2024,85-89,1240,2174,3414
2024,90-94,957,869,1826
2024,95-99,444,250,694
2024,100+,0,0,0
2025,0-4,9541,8874,18415
2025,5-9,10726,10068,20794
2025,10-14,11396,10546,21942
2025,15-19,10171,9324,19495
2025,20-24,11584,10440,22024
2025,25-29,13900,12937,26837
2025,30-34,15032,14355,29387
2025,35-39,15363,15282,30645
2025,40-44,18023,19089,37112
2025,45-49,18079,18980,37059
2025,50-54,15055,16180,31235
2025,55-59,14276,15905,30181
2025,60-64,13288,15132,28420
2025,65-69,11088,13174,24262
2025,70-74,8679,11318,19997
2025,75-79,4561,6737,11298
2025,80-84,2394,3996,6390
2025,85-89,1313,2360,3673
2025,90-94,795,932,1727
2025,95-99,478,261,739
2025,100+,0,0,0
2026,0-4,9517,8855,18372
2026,5-9,10282,9628,19910
2026,10-14,11688,10825,22513
2026,15-19,10027,9332,19359
2026,20-24,11141,10027,21168
2026,25-29,13522,12408,25930
2026,30-34,14962,14322,29284
2026,35-39,15397,15036,30433
2026,40-44,17135,18123,35258
2026,45-49,18221,19274,37495
2026,50-54,15483,16501,31984
2026,55-59,14464,16060,30524
2026,60-64,13423,15403,28826
2026,65-69,11217,13407,24624
2026,70-74,9181,11543,20724
2026,75-79,5188,7778,12966
2026,80-84,2444,4032,6476
2026,85-89,1384,2539,3923
2026,90-94,707,998,1705
2026,95-99,474,292,766
2026,100+,0,0,0
2027,0-4,9421,8767,18188
2027,5-9,9927,9228,19155
2027,10-14,11542,10789,22331
2027,15-19,10352,9653,20005
2027,20-24,10894,9795,20689
2027,25-29,12935,11787,24722
2027,30-34,14906,14247,29153
2027,35-39,15414,14930,30344
2027,40-44,16293,16996,33289
2027,45-49,18459,19669,38128
2027,50-54,15834,16950,32784
2027,55-59,14623,16065,30688
2027,60-64,13388,15459,28847
2027,65-69,11659,13845,25504
2027,70-74,9311,11604,20915
2027,75-79,5843,8706,14549
2027,80-84,2568,4226,6794
2027,85-89,1451,2691,4142
2027,90-94,647,1093,1740
2027,95-99,440,302,742
2027,100+,0,0,0
2028,0-4,9319,8677,17996
2028,5-9,9672,8940,18612
2028,10-14,11452,10815,22267
2028,15-19,10490,9724,20214
2028,20-24,10771,9650,20421
2028,25-29,12609,11531,24140
2028,30-34,14559,13700,28259
2028,35-39,15147,14721,29868
2028,40-44,15808,16313,32121
2028,45-49,18412,19740,38152
2028,50-54,16369,17382,33751
2028,55-59,14660,16200,30860
2028,60-64,13393,15327,28720
2028,65-69,12033,14320,26353
2028,70-74,9510,11807,21317
2028,75-79,6407,9391,15798
2028,80-84,2730,4499,7229
2028,85-89,1519,2888,4407
2028,90-94,633,1181,1814
2028,95-99,390,316,706
2028,100+,0,0,0
2029,0-4,9214,8581,17795
2029,5-9,9508,8843,18351
2029,10-14,11193,10494,21687
2029,15-19,10803,10095,20898
2029,20-24,10532,9520,20052
2029,25-29,12186,11097,23283
2029,30-34,14101,13231,27332
2029,35-39,15171,14525,29696
2029,40-44,15305,15606,30911
2029,45-49,18129,19425,37554
2029,50-54,16980,18151,35131
2029,55-59,14662,16167,30829
2029,60-64,13510,15412,28922
2029,65-69,12280,14521,26801
2029,70-74,9770,12171,21941
2029,75-79,6790,9858,16648
2029,80-84,3102,5066,8168
2029,85-89,1587,2957,4544
2029,90-94,638,1291,1929
2029,95-99,325,342,667
2029,100+,0,0,0
2030,0-4,9096,8475,17571
2030,5-9,9541,8874,18415
2030,10-14,10726,10068,20794
2030,15-19,11382,10546,21928
2030,20-24,10147,9324,19471
2030,25-29,11557,10428,21985
2030,30-34,13848,12912,26760
2030,35-39,14934,14314,29248
2030,40-44,15185,15219,30404
2030,45-49,17689,18969,36658
2030,50-54,17603,18803,36406
2030,55-59,14529,15964,30493
2030,60-64,13617,15606,29223
2030,65-69,12439,14690,27129
2030,70-74,9995,12519,22514
2030,75-79,7331,10319,17650
2030,80-84,3491,5731,9222
2030,85-89,1556,2960,4516
2030,90-94,676,1401,2077
2030,95-99,272,366,638
2030,100+,0,0,0
2031,0-4,8960,8352,17312
2031,5-9,9517,8855,18372
2031,10-14,10282,9628,19910
2031,15-19,11673,10825,22498
2031,20-24,10002,9332,19334
2031,25-29,11115,10017,21132
2031,30-34,13471,12383,25854
2031,35-39,14865,14281,29146
2031,40-44,15218,14975,30193
2031,45-49,16816,18008,34824
2031,50-54,17742,19095,36837
2031,55-59,14944,16282,31226
2031,60-64,13799,15760,29559
2031,65-69,12563,14951,27514
2031,70-74,10118,12740,22858
2031,75-79,7756,10525,18281
2031,80-84,3971,6615,10586
2031,85-89,1591,2985,4576
2031,90-94,715,1506,2221
2031,95-99,245,395,640
2031,100+,0,0,0
2032,0-4,8817,8223,17040
2032,5-9,9421,8767,18188
2032,10-14,9927,9228,19155
2032,15-19,11527,10789,22316
2032,20-24,10327,9653,19980
2032,25-29,10869,9787,20656
2032,30-34,12885,11762,24647
2032,35-39,14808,14207,29015
2032,40-44,15234,14869,30103
2032,45-49,15989,16886,32875
2032,50-54,17973,19486,37459
2032,55-59,15283,16725,32008
2032,60-64,13952,15765,29717
2032,65-69,12528,15006,27534
2032,70-74,10516,13154,23670
2032,75-79,7860,10581,18441
2032,80-84,4471,7397,11868
2032,85-89,1675,3135,4810
2032,90-94,746,1594,2340
2032,95-99,226,431,657
2032,100+,0,0,0
2033,0-4,8681,8099,16780
2033,5-9,9319,8677,17996
2033,10-14,9672,8940,18612
2033,15-19,11437,10815,22252
2033,20-24,10465,9724,20189
2033,25-29,10746,9644,20390
2033,30-34,12561,11506,24067
2033,35-39,14464,13661,28125
2033,40-44,14969,14663,29632
2033,45-49,15513,16209,31722
2033,50-54,17926,19553,37479
2033,55-59,15798,17152,32950
2033,60-64,13987,15896,29883
2033,65-69,12533,14880,27413
2033,70-74,10851,13602,24453
2033,75-79,8023,10766,18789
2033,80-84,4891,7967,12858
2033,85-89,1787,3354,5141
2033,90-94,782,1710,2492
2033,95-99,224,466,690
2033,100+,0,0,0
2034,0-4,8550,7981,16531
2034,5-9,9214,8581,17795
2034,10-14,9508,8843,18351
2034,15-19,11179,10494,21673
2034,20-24,10778,10095,20873
2034,25-29,10507,9514,20021
2034,30-34,12140,11073,23213
2034,35-39,14009,13194,27203
2034,40-44,14995,14467,29462
2034,45-49,15019,15507,30526
2034,50-54,17651,19242,36893
2034,55-59,16387,17911,34298
2034,60-64,13988,15863,29851
2034,65-69,12644,14960,27604
2034,70-74,11070,13793,24863
2034,75-79,8240,11099,19339
2034,80-84,5183,8355,13538
2034,85-89,2042,3789,5831
2034,90-94,816,1745,2561
2034,95-99,226,511,737
2034,100+,0,0,0
2035,0-4,8414,7857,16271
2035,5-9,9096,8475,17571
2035,10-14,9541,8874,18415
2035,15-19,10714,10068,20782
2035,20-24,11357,10546,21903
2035,25-29,10122,9319,19441
2035,30-34,11516,10404,21920
2035,35-39,13759,12878,26637
2035,40-44,14764,14258,29022
2035,45-49,14904,15126,30030
2035,50-54,17228,18793,36021
2035,55-59,17002,18560,35562
2035,60-64,13876,15674,29550
2035,65-69,12772,15167,27939
2035,70-74,11241,13979,25220
2035,75-79,8467,11452,19919
2035,80-84,5619,8776,14395
2035,85-89,2310,4316,6626
2035,90-94,804,1765,2569
2035,95-99,243,567,810
2035,100+,0,0,0
2036,0-4,8288,7742,16030
2036,5-9,8960,8352,17312
2036,10-14,9517,8855,18372
2036,15-19,10273,9628,19901
2036,20-24,11648,10825,22473
2036,25-29,9977,9328,19305
2036,30-34,11079,9993,21072
2036,35-39,13386,12353,25739
2036,40-44,14701,14226,28927
2036,45-49,14938,14885,29823
2036,50-54,16382,17844,34226
2036,55-59,17148,18856,36004
2036,60-64,14292,15996,30288
2036,65-69,12966,15335,28301
2036,70-74,11382,14250,25632
2036,75-79,8606,11687,20293
2036,80-84,5975,8992,14967
2036,85-89,2645,5017,7662
2036,90-94,831,1802,2633
2036,95-99,262,623,885
2036,100+,0,0,0
2037,0-4,8179,7642,15821
2037,5-9,8817,8223,17040
2037,10-14,9421,8767,18188
2037,15-19,9921,9228,19149
2037,20-24,11502,10789,22291
2037,25-29,10302,9651,19953
2037,30-34,10835,9763,20598
2037,35-39,12807,11736,24543
2037,40-44,14648,14153,28801
2037,45-49,14958,14782,29740
2037,50-54,15579,16735,32314
2037,55-59,17379,19248,36627
2037,60-64,14634,16438,31072
2037,65-69,13129,15352,28481
2037,70-74,11374,14325,25699
2037,75-79,8970,12095,21065
2037,80-84,6075,9076,15151
2037,85-89,2995,5637,8632
2037,90-94,885,1921,2806
2037,95-99,275,669,944
2037,100+,0,0,0
2038,0-4,8082,7553,15635
2038,5-9,8681,8099,16780
2038,10-14,9319,8677,17996
2038,15-19,9669,8940,18609
2038,20-24,11412,10815,22227
2038,25-29,10440,9723,20163
2038,30-34,10714,9621,20335
2038,35-39,12487,11479,23966
2038,40-44,14307,13611,27918
2038,45-49,14704,14579,29283
2038,50-54,15120,16067,31187
2038,55-59,17340,19319,36659
2038,60-64,15143,16869,32012
2038,65-69,13179,15490,28669
2038,70-74,11402,14224,25626
2038,75-79,9281,12533,21814
2038,80-84,6222,9266,15488
2038,85-89,3287,6090,9377
2038,90-94,955,2093,3048
2038,95-99,292,731,1023
2038,100+,0,0,0
2039,0-4,8001,7478,15479
2039,5-9,8550,7981,16531
2039,10-14,9214,8581,17795
2039,15-19,9505,8843,18348
2039,20-24,11156,10494,21650
2039,25-29,10753,10094,20847
2039,30-34,10476,9493,19969
2039,35-39,12071,11046,23117
2039,40-44,13860,13146,27006
2039,45-49,14732,14386,29118
2039,50-54,14642,15374,30016
2039,55-59,17081,19017,36098
2039,60-64,15720,17625,33345
2039,65-69,13197,15469,28666
2039,70-74,11528,14320,25848
2039,75-79,9492,12734,22226
2039,80-84,6414,9587,16001
2039,85-89,3501,6408,9909
2039,90-94,1109,2396,3505
2039,95-99,307,752,1059
2039,100+,0,0,0
2040,0-4,7938,7419,15357
2040,5-9,8414,7857,16271
2040,10-14,9096,8475,17571
2040,15-19,9538,8874,18412
2040,20-24,10692,10068,20760
2040,25-29,11332,10543,21875
2040,30-34,10091,9300,19391
2040,35-39,11450,10378,21828
2040,40-44,13613,12830,26443
2040,45-49,14506,14178,28684
2040,50-54,14531,14997,29528
2040,55-59,16671,18572,35243
2040,60-64,16307,18264,34571
2040,65-69,13090,15285,28375
2040,70-74,11644,14522,26166
2040,75-79,9639,12907,22546
2040,80-84,6597,9894,16491
2040,85-89,3789,6719,10508
2040,90-94,1249,2726,3975
2040,95-99,301,754,1055
2040,100+,0,0,0
2041,0-4,7886,7370,15256
2041,5-9,8288,7742,16030
2041,10-14,8960,8352,17312
2041,15-19,9514,8855,18369
2041,20-24,10251,9628,19879
2041,25-29,11623,10820,22443
2041,30-34,9947,9310,19257
2041,35-39,11016,9968,20984
2041,40-44,13245,12306,25551
2041,45-49,14442,14147,28589
2041,50-54,14567,14759,29326
2041,55-59,15853,17633,33486
2041,60-64,16448,18556,35004
2041,65-69,13487,15605,29092
2041,70-74,11824,14683,26507
2041,75-79,9758,13154,22912
2041,80-84,6711,10099,16810
2041,85-89,4029,6886,10915
2041,90-94,1429,3167,4596
2041,95-99,312,768,1080
2041,100+,0,0,0
2042,0-4,7840,7326,15166
2042,5-9,8179,7642,15821
2042,10-14,8817,8223,17040
2042,15-19,9418,8767,18185
2042,20-24,9899,9228,19127
2042,25-29,11477,10784,22261
2042,30-34,10273,9631,19904
2042,35-39,10773,9738,20511
2042,40-44,12672,11692,24364
2042,45-49,14391,14073,28464
2042,50-54,14586,14656,29242
2042,55-59,15075,16537,31612
2042,60-64,16668,18943,35611
2042,65-69,13812,16037,29849
2042,70-74,11967,14698,26665
2042,75-79,9748,13219,22967
2042,80-84,6992,10447,17439
2042,85-89,4089,6950,11039
2042,90-94,1616,3548,5164
2042,95-99,333,828,1161
2042,100+,0,0,0
2043,0-4,7796,7284,15080
2043,5-9,8082,7553,15635
2043,10-14,8681,8099,16780
2043,15-19,9316,8677,17993
2043,20-24,9647,8940,18587
2043,25-29,11387,10809,22196
2043,30-34,10411,9702,20113
2043,35-39,10653,9596,20249
2043,40-44,12354,11437,23791
2043,45-49,14055,13535,27590
2043,50-54,14336,14454,28790
2043,55-59,14632,15877,30509
2043,60-64,16630,19011,35641
2043,65-69,14292,16457,30749
2043,70-74,12009,14826,26835
2043,75-79,9769,13126,22895
2043,80-84,7231,10823,18054
2043,85-89,4180,7094,11274
2043,90-94,1768,3815,5583
2043,95-99,363,913,1276
2043,100+,0,0,0
2044,0-4,7756,7247,15003
2044,5-9,8001,7478,15479
2044,10-14,8550,7981,16531
2044,15-19,9211,8581,17792
2044,20-24,9483,8843,18326
2044,25-29,11131,10488,21619
2044,30-34,10723,10071,20794
2044,35-39,10417,9468,19885
2044,40-44,11941,11005,22946
2044,45-49,13616,13071,26687
2044,50-54,14363,14264,28627
2044,55-59,14170,15193,29363
2044,60-64,16380,18711,35091
2044,65-69,14836,17194,32030
2044,70-74,12026,14804,26830
2044,75-79,9881,13216,23097
2044,80-84,7391,10996,18387
2044,85-89,4307,7344,11651
2044,90-94,1881,4001,5882
2044,95-99,428,1056,1484
2044,100+,0,0,0
2045,0-4,7731,7224,14955
2045,5-9,7938,7419,15357
2045,10-14,8414,7857,16271
2045,15-19,9095,8475,17570
2045,20-24,9516,8874,18390
2045,25-29,10667,10063,20730
2045,30-34,11301,10519,21820
2045,35-39,10035,9275,19310
2045,40-44,11330,10341,21671
2045,45-49,13375,12758,26133
2045,50-54,14147,14061,28208
2045,55-59,14070,14824,28894
2045,60-64,15998,18280,34278
2045,65-69,15402,17828,33230
2045,70-74,11948,14648,26596
2045,75-79,10010,13430,23440
2045,80-84,7534,11178,18712
2045,85-89,4459,7628,12087
2045,90-94,2045,4226,6271
2045,95-99,483,1216,1699
2045,100+,0,0,0
2046,0-4,7710,7205,14915
2046,5-9,7886,7370,15256
2046,10-14,8288,7742,16030
2046,15-19,8960,8352,17312
2046,20-24,9493,8855,18348
2046,25-29,10226,9625,19851
2046,30-34,11593,10796,22389
2046,35-39,9891,9285,19176
2046,40-44,10903,9933,20836
2046,45-49,13014,12238,25252
2046,50-54,14089,14032,28121
2046,55-59,14111,14591,28702
2046,60-64,15223,17360,32583
2046,65-69,15553,18123,33676
2046,70-74,12340,14979,27319
2046,75-79,10188,13606,23794
2046,80-84,7648,11419,19067
2046,85-89,4567,7825,12392
2046,90-94,2189,4372,6561
2046,95-99,559,1432,1991
2046,100+,0,0,0
2047,0-4,7678,7176,14854
2047,5-9,7840,7326,15166
2047,10-14,8179,7642,15821
2047,15-19,8817,8223,17040
2047,20-24,9399,8767,18166
2047,25-29,9874,9227,19101
2047,30-34,11449,10760,22209
2047,35-39,10217,9606,19823
2047,40-44,10663,9706,20369
2047,45-49,12454,11628,24082
2047,50-54,14040,13960,28000
2047,55-59,14133,14494,28627
2047,60-64,14486,16285,30771
2047,65-69,15776,18511,34287
2047,70-74,12659,15409,28068
2047,75-79,10330,13637,23967
2047,80-84,7658,11500,19158
2047,85-89,4778,8124,12902
2047,90-94,2228,4449,6677
2047,95-99,636,1618,2254
2047,100+,0,0,0
2048,0-4,7641,7142,14783
2048,5-9,7796,7284,15080
2048,10-14,8082,7553,15635
2048,15-19,8681,8099,16780
2048,20-24,9299,8677,17976
2048,25-29,9622,8940,18562
2048,30-34,11358,10787,22145
2048,35-39,10357,9677,20034
2048,40-44,10544,9566,20110
2048,45-49,12144,11375,23519
2048,50-54,13713,13426,27139
2048,55-59,13896,14298,28194
2048,60-64,14068,15639,29707
2048,65-69,15754,18584,34338
2048,70-74,13116,15826,28942
2048,75-79,10380,13774,24154
2048,80-84,7697,11444,19141
2048,85-89,4956,8444,13400
2048,90-94,2286,4573,6859
2048,95-99,697,1747,2444
2048,100+,0,0,0
2049,0-4,7593,7098,14691
2049,5-9,7756,7247,15003
2049,10-14,8001,7478,15479
2049,15-19,8550,7981,16531
2049,20-24,9196,8581,17777
2049,25-29,9458,8843,18301
2049,30-34,11102,10469,21571
2049,35-39,10669,10046,20715
2049,40-44,10312,9438,19750
2049,45-49,11740,10946,22686
2049,50-54,13288,12968,26256
2049,55-59,13929,14112,28041
2049,60-64,13634,14971,28605
2049,65-69,15530,18299,33829
2049,70-74,13633,16548,30181
2049,75-79,10413,13769,24182
2049,80-84,7809,11548,19357
2049,85-89,5082,8605,13687
2049,90-94,2368,4767,7135
2049,95-99,746,1843,2589
2049,100+,0,0,0
2050,0-4,7537,7046,14583
2050,5-9,7731,7224,14955
2050,10-14,7938,7419,15357
2050,15-19,8414,7857,16271
2050,20-24,9081,8475,17556
2050,25-29,9491,8874,18365
2050,30-34,10638,10046,20684
2050,35-39,11244,10494,21738
2050,40-44,9933,9244,19177
2050,45-49,11138,10286,21424
2050,50-54,13054,12658,25712
2050,55-59,13720,13911,27631
2050,60-64,13542,14610,28152
2050,65-69,15164,17877,33041
2050,70-74,14147,17152,31299
2050,75-79,10345,13624,23969
2050,80-84,7916,11741,19657
2050,85-89,5180,8750,13930
2050,90-94,2456,4955,7411
2050,95-99,809,1937,2746
2050,100+,0,0,0
2051,0-4,7468,6981,14449
2051,5-9,7710,7205,14915
2051,10-14,7886,7370,15256
2051,15-19,8288,7742,16030
2051,20-24,8947,8352,17299
2051,25-29,9468,8855,18323
2051,30-34,10198,9609,19807
2051,35-39,11533,10771,22304
2051,40-44,9792,9255,19047
2051,45-49,10719,9880,20599
2051,50-54,12704,12143,24847
2051,55-59,13663,13882,27545
2051,60-64,13580,14381,27961
2051,65-69,14427,16974,31401
2051,70-74,14289,17439,31728
2051,75-79,10700,13944,24644
2051,80-84,8059,11900,19959
2051,85-89,5256,8933,14189
2051,90-94,2522,5082,7604
2051,95-99,865,2004,2869
2051,100+,0,0,0
2052,0-4,7384,6902,14286
2052,5-9,7678,7176,14854
2052,10-14,7840,7326,15166
2052,15-19,8179,7642,15821
2052,20-24,8805,8223,17028
2052,25-29,9374,8767,18141
2052,30-34,9846,9212,19058
2052,35-39,11390,10735,22125
2052,40-44,10117,9576,19693
2052,45-49,10483,9653,20136
2052,50-54,12157,11537,23694
2052,55-59,13616,13810,27426
2052,60-64,13602,14285,27887
2052,65-69,13728,15921,29649
2052,70-74,14489,17811,32300
2052,75-79,10978,14345,25323
2052,80-84,8167,11920,20087
2052,85-89,5257,8991,14248
2052,90-94,2636,5271,7907
2052,95-99,875,2038,2913
2052,100+,0,0,0
2053,0-4,7292,6815,14107
2053,5-9,7641,7142,14783
2053,10-14,7796,7284,15080
2053,15-19,8082,7553,15635
2053,20-24,8670,8099,16769
2053,25-29,9274,8677,17951
2053,30-34,9595,8925,18520
2053,35-39,11300,10762,22062
2053,40-44,10257,9647,19904
2053,45-49,10365,9514,19879
2053,50-54,11853,11284,23137
2053,55-59,13298,13282,26580
2053,60-64,13373,14092,27465
2053,65-69,13337,15291,28628
2053,70-74,14463,17877,32340
2053,75-79,11373,14732,26105
2053,80-84,8201,12031,20232
2053,85-89,5286,8946,14232
2053,90-94,2731,5476,8207
2053,95-99,895,2093,2988
2053,100+,0,0,0
2054,0-4,7193,6721,13914
2054,5-9,7593,7098,14691
2054,10-14,7756,7247,15003
2054,15-19,8001,7478,15479
2054,20-24,8540,7981,16521
2054,25-29,9171,8581,17752
2054,30-34,9432,8828,18260
2054,35-39,11045,10444,21489
2054,40-44,10566,10014,20580
2054,45-49,10137,9387,19524
2054,50-54,11458,10858,22316
2054,55-59,12885,12830,25715
2054,60-64,13405,13908,27313
2054,65-69,12928,14640,27568
2054,70-74,14255,17599,31854
2054,75-79,11824,15406,27230
2054,80-84,8225,12023,20248
2054,85-89,5368,9028,14396
2054,90-94,2796,5578,8374
2054,95-99,929,2186,3115
2054,100+,0,0,0
2055,0-4,7090,6625,13715
2055,5-9,7537,7046,14583
2055,10-14,7731,7224,14955
2055,15-19,7938,7419,15357
2055,20-24,8408,7857,16265
2055,25-29,9058,8475,17533
2055,30-34,9466,8860,18326
2055,35-39,10583,10021,20604
2055,40-44,11136,10460,21596
2055,45-49,9765,9196,18961
2055,50-54,10874,10205,21079
2055,55-59,12664,12525,25189
2055,60-64,13213,13715,26928
2055,65-69,12857,14298,27155
2055,70-74,13936,17206,31142
2055,75-79,12284,15989,28273
2055,80-84,8199,11933,20132
2055,85-89,5467,9224,14691
2055,90-94,2864,5713,8577
2055,95-99,974,2304,3278
2055,100+,0,0,0
2056,0-4,6986,6529,13515
2056,5-9,7468,6981,14449
2056,10-14,7710,7205,14915
2056,15-19,7886,7370,15256
2056,20-24,8285,7742,16027
2056,25-29,8927,8352,17279
2056,30-34,9443,8842,18285
2056,35-39,10147,9584,19731
2056,40-44,11423,10737,22160
2056,45-49,9628,9206,18834
2056,50-54,10468,9802,20270
2056,55-59,12328,12019,24347
2056,60-64,13167,13689,26856
2056,65-69,12906,14085,26991
2056,70-74,13274,16350,29624
2056,75-79,12437,16285,28722
2056,80-84,8522,12260,20782
2056,85-89,5591,9389,14980
2056,90-94,2918,5866,8784
2056,95-99,1009,2386,3395
2056,100+,0,0,0
2057,0-4,6886,6435,13321
2057,5-9,7384,6902,14286
2057,10-14,7678,7176,14854
2057,15-19,7840,7326,15166
2057,20-24,8178,7642,15820
2057,25-29,8790,8223,17013
2057,30-34,9349,8755,18104
2057,35-39,9800,9187,18987
2057,40-44,11282,10702,21984
2057,45-49,9950,9525,19475
2057,50-54,10239,9579,19818
2057,55-59,11801,11420,23221
2057,60-64,13131,13622,26753
2057,65-69,12935,13995,26930
2057,70-74,12648,15350,27998
2057,75-79,12630,16652,29282
2057,80-84,8772,12646,21418
2057,85-89,5682,9429,15111
2057,90-94,2930,5933,8863
2057,95-99,1061,2496,3557
2057,100+,0,0,0
2058,0-4,6786,6341,13127
2058,5-9,7292,6815,14107
2058,10-14,7641,7142,14783
2058,15-19,7796,7284,15080
2058,20-24,8082,7553,15635
2058,25-29,8661,8099,16760
2058,30-34,9249,8666,17915
2058,35-39,9552,8900,18452
2058,40-44,11194,10729,21923
2058,45-49,10089,9596,19685
2058,50-54,10127,9442,19569
2058,55-59,11508,11171,22679
2058,60-64,12830,13105,25935
2058,65-69,12728,13811,26539
2058,70-74,12306,14756,27062
2058,75-79,12622,16730,29352
2058,80-84,9111,13012,22123
2058,85-89,5718,9540,15258
2058,90-94,2957,5931,8888
2058,95-99,1105,2614,3719
2058,100+,0,0,0
2059,0-4,6689,6252,12941
2059,5-9,7193,6721,13914
2059,10-14,7593,7098,14691
2059,15-19,7756,7247,15003
2059,20-24,8001,7478,15479
2059,25-29,8537,7981,16518
2059,30-34,9147,8571,17718
2059,35-39,9390,8803,18193
2059,40-44,10942,10411,21353
2059,45-49,10397,9964,20361
2059,50-54,9904,9317,19221
2059,55-59,11127,10751,21878
2059,60-64,12438,12661,25099
2059,65-69,12769,13635,26404
2059,70-74,11948,14141,26089
2059,75-79,12459,16485,28944
2059,80-84,9494,13636,23130
2059,85-89,5755,9558,15313
2059,90-94,3019,6015,9034
2059,95-99,1135,2683,3818
2059,100+,0,0,0
2060,0-4,6594,6163,12757
2060,5-9,7090,6625,13715
2060,10-14,7537,7046,14583
2060,15-19,7731,7224,14955
2060,20-24,7938,7419,15357
2060,25-29,8405,7857,16262
2060,30-34,9035,8465,17500
2060,35-39,9423,8835,18258
2060,40-44,10485,9988,20473
2060,45-49,10955,10408,21363
2060,50-54,9540,9128,18668
2060,55-59,10562,10105,20667
2060,60-64,12225,12362,24587
2060,65-69,12586,13447,26033
2060,70-74,11889,13813,25702
2060,75-79,12173,16110,28283
2060,80-84,9851,14141,23992
2060,85-89,5735,9488,15223
2060,90-94,3077,6153,9230
2060,95-99,1162,2748,3910
2060,100+,0,0,0
2061,0-4,6504,6078,12582
2061,5-9,6986,6529,13515
2061,10-14,7468,6981,14449
2061,15-19,7710,7205,14915
2061,20-24,7886,7370,15256
2061,25-29,8282,7742,16024
2061,30-34,8905,8343,17248
2061,35-39,9400,8817,18217
2061,40-44,10052,9553,19605
2061,45-49,11237,10682,21919
2061,50-54,9406,9138,18544
2061,55-59,10169,9706,19875
2061,60-64,11902,11862,23764
2061,65-69,12545,13421,25966
2061,70-74,11932,13605,25537
2061,75-79,11589,15303,26892
2061,80-84,9977,14406,24383
2061,85-89,5981,9768,15749
2061,90-94,3149,6271,9420
2061,95-99,1182,2815,3997
2061,100+,0,0,0
2062,0-4,6420,6000,12420
2062,5-9,6886,6435,13321
2062,10-14,7384,6902,14286
2062,15-19,7678,7176,14854
2062,20-24,7840,7326,15166
2062,25-29,8175,7642,15817
2062,30-34,8768,8215,16983
2062,35-39,9306,8730,18036
2062,40-44,9710,9158,18868
2062,45-49,11099,10647,21746
2062,50-54,9722,9455,19177
2062,55-59,9948,9485,19433
2062,60-64,11392,11271,22663
2062,65-69,12510,13357,25867
2062,70-74,11955,13516,25471
2062,75-79,11041,14365,25406
2062,80-84,10125,14726,24851
2062,85-89,6157,10079,16236
2062,90-94,3196,6286,9482
2062,95-99,1184,2844,4028
2062,100+,0,0,0
2063,0-4,6340,5927,12267
2063,5-9,6786,6341,13127
2063,10-14,7292,6815,14107
2063,15-19,7641,7142,14783
2063,20-24,7796,7284,15080
2063,25-29,8079,7553,15632
2063,30-34,8639,8092,16731
2063,35-39,9206,8641,17847
2063,40-44,9464,8873,18337
2063,45-49,11013,10674,21687
2063,50-54,9859,9525,19384
2063,55-59,9839,9349,19188
2063,60-64,11106,11025,22131
2063,65-69,12222,12848,25070
2063,70-74,11760,13338,25098
2063,75-79,10748,13811,24559
2063,80-84,10110,14782,24892
2063,85-89,6395,10372,16767
2063,90-94,3211,6351,9562
2063,95-99,1196,2839,4035
2063,100+,0,0,0
2064,0-4,6265,5856,12121
2064,5-9,6689,6252,12941
2064,10-14,7193,6721,13914
2064,15-19,7593,7098,14691
2064,20-24,7756,7247,15003
2064,25-29,7999,7478,15477
2064,30-34,8515,7975,16490
2064,35-39,9105,8546,17651
2064,40-44,9305,8777,18082
2064,45-49,10763,10357,21120
2064,50-54,10159,9890,20049
2064,55-59,9622,9226,18848
2064,60-64,10739,10610,21349
2064,65-69,11847,12411,24258
2064,70-74,11798,13168,24966
2064,75-79,10443,13242,23685
2064,80-84,9976,14562,24538
2064,85-89,6662,10871,17533
2064,90-94,3231,6357,9588
2064,95-99,1223,2880,4103
2064,100+,0,0,0
2065,0-4,6191,5787,11978
2065,5-9,6594,6163,12757
2065,10-14,7090,6625,13715
2065,15-19,7537,7046,14583
2065,20-24,7731,7224,14955
2065,25-29,7938,7419,15357
2065,30-34,8383,7852,16235
2065,35-39,8995,8441,17436
2065,40-44,9338,8810,18148
2065,45-49,10313,9937,20250
2065,50-54,10707,10331,21038
2065,55-59,9268,9039,18307
2065,60-64,10200,9974,20174
2065,65-69,11651,12123,23774
2065,70-74,11645,12997,24642
2065,75-79,10416,12957,23373
2065,80-84,9760,14246,24006
2065,85-89,6919,11294,18213
2065,90-94,3230,6347,9577
2065,95-99,1256,2983,4239
2065,100+,0,0,0
