year,age_range,male,female,total
2019,0-4,704,644,1348
2019,5-9,858,747,1605
2019,10-14,1018,956,1974
2019,15-19,1335,1261,2596
2019,20-24,1583,1427,3010
2019,25-29,1497,1266,2763
2019,30-34,1260,1136,2396
2019,35-39,1436,1460,2896
2019,40-44,1431,1657,3088
2019,45-49,1527,1582,3109
2019,50-54,1575,1466,3041
2019,55-59,1628,1340,2968
2019,60-64,1238,1048,2286
2019,65-69,962,792,1754
2019,70-74,520,530,1050
2019,75-79,439,519,958
2019,80-84,305,418,723
2019,85-89,182,307,489
2019,90-94,54,114,168
2019,95-99,7,19,26
2019,100+,0,3,3
2020,0-4,689,634,1323
2020,5-9,856,749,1605
2020,10-14,962,880,1842
2020,15-19,1224,1195,2419
2020,20-24,1604,1420,3024
2020,25-29,1513,1290,2803
2020,30-34,1280,1166,2446
2020,35-39,1419,1384,2803
2020,40-44,1436,1678,3114
2020,45-49,1454,1560,3014
2020,50-54,1580,1502,3082
2020,55-59,1668,1338,3006
2020,60-64,1260,1108,2368
2020,65-69,1022,870,1892
2020,70-74,590,560,1150
2020,75-79,406,492,898
2020,80-84,315,419,734
2020,85-89,191,310,501
2020,90-94,65,133,198
2020,95-99,8,20,28
2020,100+,0,0,0
2021,0-4,698,641,1339
2021,5-9,818,728,1546
2021,10-14,927,820,1747
2021,15-19,1152,1148,2300
2021,20-24,1560,1379,2939
2021,25-29,1545,1359,2904
2021,30-34,1336,1166,2502
2021,35-39,1356,1295,2651
2021,40-44,1436,1624,3060
2021,45-49,1446,1613,3059
2021,50-54,1550,1506,3056
2021,55-59,1612,1395,3007
2021,60-64,1367,1146,2513
2021,65-69,1029,886,1915
2021,70-74,713,647,1360
2021,75-79,379,460,839
2021,80-84,315,430,745
2021,85-89,195,300,495
2021,90-94,75,154,229
2021,95-99,12,26,38
2021,100+,0,0,0
2022,0-4,704,655,1359
2022,5-9,758,684,1442
2022,10-14,929,798,1727
2022,15-19,1102,1095,2197
2022,20-24,1474,1307,2781
2022,25-29,1579,1411,2990
2022,30-34,1398,1200,2598
2022,35-39,1321,1223,2544
2022,40-44,1425,1599,3024
2022,45-49,1410,1615,3025
2022,50-54,1547,1538,3085
2022,55-59,1566,1404,2970
2022,60-64,1477,1230,2707
2022,65-69,1030,900,1930
2022,70-74,795,695,1490
2022,75-79,374,444,818
2022,80-84,324,446,770
2022,85-89,183,301,484
2022,90-94,85,155,240
2022,95-99,15,35,50
2022,100+,0,0,0
2023,0-4,728,668,1396
2023,5-9,701,650,1351
2023,10-14,900,766,1666
2023,15-19,1072,1056,2128
2023,20-24,1395,1276,2671
2023,25-29,1609,1417,3026
2023,30-34,1422,1229,2651
2023,35-39,1299,1173,2472
2023,40-44,1417,1516,2933
2023,45-49,1406,1654,3060
2023,50-54,1492,1544,3036
2023,55-59,1561,1439,3000
2023,60-64,1516,1270,2786
2023,65-69,1099,957,2056
2023,70-74,826,705,1531
2023,75-79,392,475,867
2023,80-84,338,447,785
2023,85-89,188,298,486
2023,90-94,90,167,257
2023,95-99,17,37,54
2023,100+,0,0,0
2024,0-4,736,682,1418
2024,5-9,704,644,1348
2024,10-14,858,747,1605
2024,15-19,1018,956,1974
2024,20-24,1335,1261,2596
2024,25-29,1583,1427,3010
2024,30-34,1497,1266,2763
2024,35-39,1258,1136,2394
2024,40-44,1412,1460,2872
2024,45-49,1406,1651,3057
2024,50-54,1484,1560,3044
2024,55-59,1517,1441,2958
2024,60-64,1548,1314,2862
2024,65-69,1152,1017,2169
2024,70-74,860,749,1609
2024,75-79,435,480,915
2024,80-84,329,433,762
2024,85-89,192,304,496
2024,90-94,91,176,267
2024,95-99,22,45,67
2024,100+,0,0,0
2025,0-4,744,691,1435
2025,5-9,689,634,1323
2025,10-14,856,749,1605
2025,15-19,962,880,1842
2025,20-24,1224,1195,2419
2025,25-29,1604,1420,3024
2025,30-34,1513,1290,2803
2025,35-39,1280,1166,2446
2025,40-44,1396,1384,2780
2025,45-49,1411,1670,3081
2025,50-54,1414,1539,2953
2025,55-59,1524,1477,3001
2025,60-64,1586,1313,2899
2025,65-69,1175,1076,2251
2025,70-74,915,822,1737
2025,75-79,494,508,1002
2025,80-84,305,412,717
2025,85-89,203,307,510
2025,90-94,96,179,275
2025,95-99,25,52,77
2025,100+,0,0,0
2026,0-4,752,700,1452
2026,5-9,698,641,1339
2026,10-14,818,728,1546
2026,15-19,927,820,1747
2026,20-24,1152,1148,2300
2026,25-29,1560,1379,2939
2026,30-34,1545,1359,2904
2026,35-39,1336,1166,2502
2026,40-44,1336,1295,2631
2026,45-49,1411,1618,3029
2026,50-54,1407,1590,2997
2026,55-59,1495,1481,2976
2026,60-64,1535,1370,2905
2026,65-69,1277,1113,2390
2026,70-74,924,838,1762
2026,75-79,599,589,1188
2026,80-84,284,385,669
2026,85-89,205,317,522
2026,90-94,99,173,272
2026,95-99,27,60,87
2026,100+,0,0,0
2027,0-4,759,707,1466
2027,5-9,704,655,1359
2027,10-14,758,684,1442
2027,15-19,929,798,1727
2027,20-24,1102,1095,2197
2027,25-29,1474,1307,2781
2027,30-34,1579,1411,2990
2027,35-39,1397,1200,2597
2027,40-44,1303,1223,2526
2027,45-49,1400,1595,2995
2027,50-54,1372,1592,2964
2027,55-59,1492,1513,3005
2027,60-64,1492,1379,2871
2027,65-69,1380,1193,2573
2027,70-74,927,853,1780
2027,75-79,669,633,1302
2027,80-84,282,374,656
2027,85-89,211,329,540
2027,90-94,93,173,266
2027,95-99,30,60,90
2027,100+,0,0,0
2028,0-4,767,715,1482
2028,5-9,728,668,1396
2028,10-14,701,650,1351
2028,15-19,900,766,1666
2028,20-24,1072,1056,2128
2028,25-29,1395,1276,2671
2028,30-34,1609,1417,3026
2028,35-39,1421,1229,2650
2028,40-44,1282,1173,2455
2028,45-49,1392,1514,2906
2028,50-54,1368,1629,2997
2028,55-59,1440,1519,2959
2028,60-64,1486,1414,2900
2028,65-69,1419,1233,2652
2028,70-74,991,908,1899
2028,75-79,696,643,1339
2028,80-84,298,402,700
2028,85-89,223,331,554
2028,90-94,97,171,268
2028,95-99,32,65,97
2028,100+,0,0,0
2029,0-4,773,721,1494
2029,5-9,736,682,1418
2029,10-14,704,644,1348
2029,15-19,858,747,1605
2029,20-24,1018,956,1974
2029,25-29,1335,1261,2596
2029,30-34,1583,1427,3010
2029,35-39,1494,1266,2760
2029,40-44,1242,1136,2378
2029,45-49,1387,1457,2844
2029,50-54,1369,1629,2998
2029,55-59,1431,1535,2966
2029,60-64,1446,1416,2862
2029,65-69,1450,1276,2726
2029,70-74,1039,966,2005
2029,75-79,727,684,1411
2029,80-84,332,408,740
2029,85-89,215,322,537
2029,90-94,100,177,277
2029,95-99,33,70,103
2029,100+,0,0,0
2030,0-4,773,720,1493
2030,5-9,744,691,1435
2030,10-14,689,634,1323
2030,15-19,856,749,1605
2030,20-24,962,880,1842
2030,25-29,1224,1195,2419
2030,30-34,1604,1420,3024
2030,35-39,1510,1290,2800
2030,40-44,1262,1166,2428
2030,45-49,1371,1382,2753
2030,50-54,1374,1649,3023
2030,55-59,1364,1514,2878
2030,60-64,1453,1451,2904
2030,65-69,1484,1276,2760
2030,70-74,1060,1022,2082
2030,75-79,772,751,1523
2030,80-84,377,431,808
2030,85-89,198,302,500
2030,90-94,105,180,285
2030,95-99,34,69,103
2030,100+,0,0,0
2031,0-4,770,717,1487
2031,5-9,752,700,1452
2031,10-14,698,641,1339
2031,15-19,818,728,1546
2031,20-24,927,820,1747
2031,25-29,1152,1148,2300
2031,30-34,1560,1379,2939
2031,35-39,1541,1359,2900
2031,40-44,1316,1166,2482
2031,45-49,1311,1294,2605
2031,50-54,1374,1597,2971
2031,55-59,1356,1565,2921
2031,60-64,1426,1456,2882
2031,65-69,1436,1331,2767
2031,70-74,1154,1057,2211
2031,75-79,781,766,1547
2031,80-84,458,499,957
2031,85-89,183,282,465
2031,90-94,106,187,293
2031,95-99,35,68,103
2031,100+,0,0,0
2032,0-4,763,712,1475
2032,5-9,759,707,1466
2032,10-14,704,655,1359
2032,15-19,758,684,1442
2032,20-24,929,798,1727
2032,25-29,1102,1095,2197
2032,30-34,1474,1307,2781
2032,35-39,1575,1411,2986
2032,40-44,1376,1200,2576
2032,45-49,1278,1223,2501
2032,50-54,1363,1574,2937
2032,55-59,1322,1567,2889
2032,60-64,1423,1487,2910
2032,65-69,1396,1340,2736
2032,70-74,1246,1133,2379
2032,75-79,782,778,1560
2032,80-84,510,536,1046
2032,85-89,181,276,457
2032,90-94,110,194,304
2032,95-99,34,66,100
2032,100+,0,0,0
2033,0-4,754,704,1458
2033,5-9,767,715,1482
2033,10-14,728,668,1396
2033,15-19,701,650,1351
2033,20-24,900,766,1666
2033,25-29,1072,1056,2128
2033,30-34,1395,1276,2671
2033,35-39,1604,1417,3021
2033,40-44,1399,1229,2628
2033,45-49,1257,1173,2430
2033,50-54,1357,1495,2852
2033,55-59,1318,1604,2922
2033,60-64,1374,1494,2868
2033,65-69,1391,1373,2764
2033,70-74,1281,1171,2452
2033,75-79,837,828,1665
2033,80-84,530,546,1076
2033,85-89,195,299,494
2033,90-94,115,193,308
2033,95-99,35,66,101
2033,100+,0,0,0
2034,0-4,742,692,1434
2034,5-9,773,721,1494
2034,10-14,736,682,1418
2034,15-19,704,644,1348
2034,20-24,858,747,1605
2034,25-29,1018,956,1974
2034,30-34,1335,1261,2596
2034,35-39,1578,1427,3005
2034,40-44,1471,1266,2737
2034,45-49,1217,1136,2353
2034,50-54,1352,1441,2793
2034,55-59,1319,1604,2923
2034,60-64,1366,1509,2875
2034,65-69,1353,1375,2728
2034,70-74,1308,1211,2519
2034,75-79,877,881,1758
2034,80-84,552,580,1132
2034,85-89,220,303,523
2034,90-94,110,188,298
2034,95-99,35,70,105
2034,100+,0,0,0
2035,0-4,726,678,1404
2035,5-9,773,720,1493
2035,10-14,744,691,1435
2035,15-19,689,634,1323
2035,20-24,856,749,1605
2035,25-29,962,880,1842
2035,30-34,1224,1195,2419
2035,35-39,1599,1420,3019
2035,40-44,1487,1290,2777
2035,45-49,1237,1166,2403
2035,50-54,1337,1369,2706
2035,55-59,1324,1624,2948
2035,60-64,1303,1489,2792
2035,65-69,1363,1411,2774
2035,70-74,1341,1213,2554
2035,75-79,899,935,1834
2035,80-84,589,639,1228
2035,85-89,250,323,573
2035,90-94,103,175,278
2035,95-99,39,75,114
2035,100+,0,0,0
2036,0-4,707,661,1368
2036,5-9,770,717,1487
2036,10-14,752,700,1452
2036,15-19,698,641,1339
2036,20-24,818,728,1546
2036,25-29,927,820,1747
2036,30-34,1152,1148,2300
2036,35-39,1556,1379,2935
2036,40-44,1518,1359,2877
2036,45-49,1291,1166,2457
2036,50-54,1279,1285,2564
2036,55-59,1324,1572,2896
2036,60-64,1299,1540,2839
2036,65-69,1339,1417,2756
2036,70-74,1301,1269,2570
2036,75-79,984,970,1954
2036,80-84,599,655,1254
2036,85-89,305,379,684
2036,90-94,95,164,259
2036,95-99,39,78,117
2036,100+,0,0,0
2037,0-4,686,641,1327
2037,5-9,763,712,1475
2037,10-14,759,707,1466
2037,15-19,704,655,1359
2037,20-24,758,684,1442
2037,25-29,929,798,1727
2037,30-34,1102,1095,2197
2037,35-39,1472,1307,2779
2037,40-44,1551,1411,2962
2037,45-49,1351,1200,2551
2037,50-54,1247,1217,2464
2037,55-59,1314,1549,2863
2037,60-64,1269,1542,2811
2037,65-69,1338,1450,2788
2037,70-74,1267,1279,2546
2037,75-79,1065,1041,2106
2037,80-84,603,668,1271
2037,85-89,341,407,748
2037,90-94,93,164,257
2037,95-99,40,81,121
2037,100+,0,0,0
2038,0-4,663,619,1282
2038,5-9,754,704,1458
2038,10-14,767,715,1482
2038,15-19,728,668,1396
2038,20-24,701,650,1351
2038,25-29,900,766,1666
2038,30-34,1072,1056,2128
2038,35-39,1393,1276,2669
2038,40-44,1581,1417,2998
2038,45-49,1374,1229,2603
2038,50-54,1228,1171,2399
2038,55-59,1307,1470,2777
2038,60-64,1267,1579,2846
2038,65-69,1294,1458,2752
2038,70-74,1266,1313,2579
2038,75-79,1096,1078,2174
2038,80-84,650,712,1362
2038,85-89,356,417,773
2038,90-94,105,183,288
2038,95-99,44,81,125
2038,100+,0,0,0
2039,0-4,639,598,1237
2039,5-9,742,692,1434
2039,10-14,773,721,1494
2039,15-19,736,682,1418
2039,20-24,704,644,1348
2039,25-29,858,747,1605
2039,30-34,1018,956,1974
2039,35-39,1333,1261,2594
2039,40-44,1557,1427,2984
2039,45-49,1446,1266,2712
2039,50-54,1190,1135,2325
2039,55-59,1303,1418,2721
2039,60-64,1267,1579,2846
2039,65-69,1288,1474,2762
2039,70-74,1233,1318,2551
2039,75-79,1121,1116,2237
2039,80-84,685,760,1445
2039,85-89,373,445,818
2039,90-94,120,189,309
2039,95-99,42,79,121
2039,100+,0,0,0
2040,0-4,617,577,1194
2040,5-9,726,678,1404
2040,10-14,773,720,1493
2040,15-19,744,691,1435
2040,20-24,689,634,1323
2040,25-29,856,749,1605
2040,30-34,962,880,1842
2040,35-39,1223,1195,2418
2040,40-44,1578,1420,2998
2040,45-49,1462,1290,2752
2040,50-54,1212,1165,2377
2040,55-59,1289,1348,2637
2040,60-64,1272,1598,2870
2040,65-69,1229,1454,2683
2040,70-74,1241,1351,2592
2040,75-79,1147,1119,2266
2040,80-84,702,809,1511
2040,85-89,397,490,887
2040,90-94,138,200,338
2040,95-99,38,73,111
2040,100+,0,0,0
2041,0-4,595,555,1150
2041,5-9,707,661,1368
2041,10-14,770,717,1487
2041,15-19,752,700,1452
2041,20-24,698,641,1339
2041,25-29,818,728,1546
2041,30-34,927,820,1747
2041,35-39,1152,1148,2300
2041,40-44,1536,1379,2915
2041,45-49,1493,1359,2852
2041,50-54,1266,1165,2431
2041,55-59,1235,1265,2500
2041,60-64,1273,1547,2820
2041,65-69,1225,1504,2729
2041,70-74,1220,1358,2578
2041,75-79,1114,1170,2284
2041,80-84,768,838,1606
2041,85-89,404,504,908
2041,90-94,168,238,406
2041,95-99,35,69,104
2041,100+,0,0,0
2042,0-4,573,535,1108
2042,5-9,686,641,1327
2042,10-14,763,712,1475
2042,15-19,759,707,1466
2042,20-24,704,655,1359
2042,25-29,758,684,1442
2042,30-34,929,798,1727
2042,35-39,1102,1095,2197
2042,40-44,1453,1307,2760
2042,45-49,1526,1411,2937
2042,50-54,1324,1199,2523
2042,55-59,1206,1198,2404
2042,60-64,1263,1524,2787
2042,65-69,1196,1506,2702
2042,70-74,1219,1388,2607
2042,75-79,1084,1181,2265
2042,80-84,830,899,1729
2042,85-89,406,513,919
2042,90-94,185,257,442
2042,95-99,34,71,105
2042,100+,0,0,0
2043,0-4,550,515,1065
2043,5-9,663,619,1282
2043,10-14,754,704,1458
2043,15-19,767,715,1482
2043,20-24,728,668,1396
2043,25-29,701,650,1351
2043,30-34,900,766,1666
2043,35-39,1072,1056,2128
2043,40-44,1377,1276,2653
2043,45-49,1556,1417,2973
2043,50-54,1345,1227,2572
2043,55-59,1188,1153,2341
2043,60-64,1256,1445,2701
2043,65-69,1195,1542,2737
2043,70-74,1178,1396,2574
2043,75-79,1085,1213,2298
2043,80-84,854,930,1784
2043,85-89,437,546,983
2043,90-94,193,263,456
2043,95-99,40,81,121
2043,100+,0,0,0
2044,0-4,529,494,1023
2044,5-9,639,598,1237
2044,10-14,742,692,1434
2044,15-19,773,721,1494
2044,20-24,736,682,1418
2044,25-29,704,644,1348
2044,30-34,858,747,1605
2044,35-39,1018,956,1974
2044,40-44,1319,1261,2580
2044,45-49,1532,1427,2959
2044,50-54,1413,1262,2675
2044,55-59,1152,1118,2270
2044,60-64,1251,1393,2644
2044,65-69,1196,1542,2738
2044,70-74,1172,1412,2584
2044,75-79,1056,1215,2271
2044,80-84,871,964,1835
2044,85-89,460,584,1044
2044,90-94,200,279,479
2044,95-99,46,83,129
2044,100+,0,0,0
2045,0-4,509,475,984
2045,5-9,617,577,1194
2045,10-14,726,678,1404
2045,15-19,773,720,1493
2045,20-24,744,691,1435
2045,25-29,689,634,1323
2045,30-34,856,749,1605
2045,35-39,962,880,1842
2045,40-44,1211,1195,2406
2045,45-49,1553,1420,2973
2045,50-54,1429,1289,2718
2045,55-59,1172,1147,2319
2045,60-64,1238,1323,2561
2045,65-69,1201,1562,2763
2045,70-74,1121,1395,2516
2045,75-79,1066,1248,2314
2045,80-84,894,968,1862
2045,85-89,475,625,1100
2045,90-94,213,309,522
2045,95-99,53,89,142
2045,100+,0,0,0
2046,0-4,491,459,950
2046,5-9,595,555,1150
2046,10-14,707,661,1368
2046,15-19,770,717,1487
2046,20-24,752,700,1452
2046,25-29,698,641,1339
2046,30-34,818,728,1546
2046,35-39,927,820,1747
2046,40-44,1142,1148,2290
2046,45-49,1510,1379,2889
2046,50-54,1458,1357,2815
2046,55-59,1222,1149,2371
2046,60-64,1185,1240,2425
2046,65-69,1204,1513,2717
2046,70-74,1119,1444,2563
2046,75-79,1049,1259,2308
2046,80-84,870,1016,1886
2046,85-89,524,651,1175
2046,90-94,219,322,541
2046,95-99,65,108,173
2046,100+,0,0,0
2047,0-4,475,444,919
2047,5-9,573,535,1108
2047,10-14,686,641,1327
2047,15-19,763,712,1475
2047,20-24,759,707,1466
2047,25-29,704,655,1359
2047,30-34,758,684,1442
2047,35-39,929,798,1727
2047,40-44,1094,1095,2189
2047,45-49,1428,1307,2735
2047,50-54,1489,1408,2897
2047,55-59,1277,1182,2459
2047,60-64,1156,1173,2329
2047,65-69,1195,1491,2686
2047,70-74,1096,1447,2543
2047,75-79,1051,1289,2340
2047,80-84,851,1027,1878
2047,85-89,567,701,1268
2047,90-94,221,330,551
2047,95-99,72,117,189
2047,100+,0,0,0
2048,0-4,461,431,892
2048,5-9,550,515,1065
2048,10-14,663,619,1282
2048,15-19,754,704,1458
2048,20-24,767,715,1482
2048,25-29,728,668,1396
2048,30-34,701,650,1351
2048,35-39,900,766,1666
2048,40-44,1065,1056,2121
2048,45-49,1352,1276,2628
2048,50-54,1517,1411,2928
2048,55-59,1299,1210,2509
2048,60-64,1138,1128,2266
2048,65-69,1189,1414,2603
2048,70-74,1096,1483,2579
2048,75-79,1018,1300,2318
2048,80-84,855,1057,1912
2048,85-89,585,727,1312
2048,90-94,241,354,595
2048,95-99,75,122,197
2048,100+,0,0,0
2049,0-4,449,421,870
2049,5-9,529,494,1023
2049,10-14,639,598,1237
2049,15-19,742,692,1434
2049,20-24,773,721,1494
2049,25-29,736,682,1418
2049,30-34,704,644,1348
2049,35-39,858,747,1605
2049,40-44,1013,956,1969
2049,45-49,1294,1261,2555
2049,50-54,1494,1419,2913
2049,55-59,1364,1245,2609
2049,60-64,1103,1094,2197
2049,65-69,1187,1362,2549
2049,70-74,1098,1482,2580
2049,75-79,1015,1316,2331
2049,80-84,834,1063,1897
2049,85-89,597,755,1352
2049,90-94,255,380,635
2049,95-99,78,129,207
2049,100+,0,0,0
2050,0-4,440,413,853
2050,5-9,509,475,984
2050,10-14,617,577,1194
2050,15-19,726,678,1404
2050,20-24,773,720,1493
2050,25-29,744,691,1435
2050,30-34,689,634,1323
2050,35-39,856,749,1605
2050,40-44,957,880,1837
2050,45-49,1187,1195,2382
2050,50-54,1515,1413,2928
2050,55-59,1379,1269,2648
2050,60-64,1122,1122,2244
2050,65-69,1174,1293,2467
2050,70-74,1102,1501,2603
2050,75-79,972,1299,2271
2050,80-84,843,1092,1935
2050,85-89,612,757,1369
2050,90-94,263,409,672
2050,95-99,84,143,227
2050,100+,0,0,0
2051,0-4,433,407,840
2051,5-9,491,459,950
2051,10-14,595,555,1150
2051,15-19,707,661,1368
2051,20-24,770,717,1487
2051,25-29,752,700,1452
2051,30-34,698,641,1339
2051,35-39,818,728,1546
2051,40-44,923,820,1743
2051,45-49,1118,1148,2266
2051,50-54,1475,1375,2850
2051,55-59,1408,1333,2741
2051,60-64,1172,1124,2296
2051,65-69,1123,1211,2334
2051,70-74,1105,1455,2560
2051,75-79,971,1344,2315
2051,80-84,829,1102,1931
2051,85-89,596,796,1392
2051,90-94,291,425,716
2051,95-99,88,150,238
2051,100+,0,0,0
2052,0-4,428,402,830
2052,5-9,475,444,919
2052,10-14,573,535,1108
2052,15-19,686,641,1327
2052,20-24,763,712,1475
2052,25-29,759,707,1466
2052,30-34,704,655,1359
2052,35-39,758,684,1442
2052,40-44,926,798,1724
2052,45-49,1071,1095,2166
2052,50-54,1395,1304,2699
2052,55-59,1439,1383,2822
2052,60-64,1227,1157,2384
2052,65-69,1095,1146,2241
2052,70-74,1097,1434,2531
2052,75-79,949,1346,2295
2052,80-84,831,1129,1960
2052,85-89,585,804,1389
2052,90-94,312,456,768
2052,95-99,88,152,240
2052,100+,0,0,0
2053,0-4,424,398,822
2053,5-9,461,431,892
2053,10-14,550,515,1065
2053,15-19,663,619,1282
2053,20-24,754,704,1458
2053,25-29,767,715,1482
2053,30-34,728,668,1396
2053,35-39,701,650,1351
2053,40-44,899,766,1665
2053,45-49,1042,1056,2098
2053,50-54,1321,1272,2593
2053,55-59,1467,1389,2856
2053,60-64,1249,1185,2434
2053,65-69,1080,1102,2182
2053,70-74,1092,1360,2452
2053,75-79,949,1380,2329
2053,80-84,807,1137,1944
2053,85-89,588,827,1415
2053,90-94,322,473,795
2053,95-99,95,164,259
2053,100+,0,0,0
2054,0-4,421,394,815
2054,5-9,449,421,870
2054,10-14,529,494,1023
2054,15-19,639,598,1237
2054,20-24,742,692,1434
2054,25-29,773,721,1494
2054,30-34,736,682,1418
2054,35-39,704,644,1348
2054,40-44,857,747,1604
2054,45-49,991,956,1947
2054,50-54,1264,1258,2522
2054,55-59,1446,1398,2844
2054,60-64,1314,1220,2534
2054,65-69,1047,1069,2116
2054,70-74,1091,1310,2401
2054,75-79,952,1380,2332
2054,80-84,801,1150,1951
2054,85-89,572,830,1402
2054,90-94,328,492,820
2054,95-99,100,175,275
2054,100+,0,0,0
2055,0-4,418,391,809
2055,5-9,440,413,853
2055,10-14,509,475,984
2055,15-19,617,577,1194
2055,20-24,726,678,1404
2055,25-29,773,720,1493
2055,30-34,744,691,1435
2055,35-39,689,634,1323
2055,40-44,854,749,1603
2055,45-49,937,880,1817
2055,50-54,1162,1195,2357
2055,55-59,1466,1391,2857
2055,60-64,1329,1244,2573
2055,65-69,1069,1097,2166
2055,70-74,1082,1245,2327
2055,75-79,958,1399,2357
2055,80-84,771,1137,1908
2055,85-89,582,858,1440
2055,90-94,338,495,833
2055,95-99,104,192,296
2055,100+,0,0,0
2056,0-4,416,389,805
2056,5-9,433,407,840
2056,10-14,491,459,950
2056,15-19,595,555,1150
2056,20-24,707,661,1368
2056,25-29,770,717,1487
2056,30-34,752,700,1452
2056,35-39,698,641,1339
2056,40-44,816,728,1544
2056,45-49,904,820,1724
2056,50-54,1093,1148,2241
2056,55-59,1429,1354,2783
2056,60-64,1358,1308,2666
2056,65-69,1118,1099,2217
2056,70-74,1035,1168,2203
2056,75-79,962,1358,2320
2056,80-84,772,1182,1954
2056,85-89,575,869,1444
2056,90-94,331,522,853
2056,95-99,118,201,319
2056,100+,0,0,0
2057,0-4,416,388,804
2057,5-9,428,402,830
2057,10-14,475,444,919
2057,15-19,573,535,1108
2057,20-24,686,641,1327
2057,25-29,763,712,1475
2057,30-34,759,707,1466
2057,35-39,704,655,1359
2057,40-44,757,684,1441
2057,45-49,906,798,1704
2057,50-54,1046,1095,2141
2057,55-59,1353,1287,2640
2057,60-64,1389,1358,2747
2057,65-69,1170,1132,2302
2057,70-74,1010,1107,2117
2057,75-79,958,1340,2298
2057,80-84,757,1185,1942
2057,85-89,578,894,1472
2057,90-94,326,530,856
2057,95-99,127,216,343
2057,100+,0,0,0
2058,0-4,417,389,806
2058,5-9,424,398,822
2058,10-14,461,431,892
2058,15-19,550,515,1065
2058,20-24,663,619,1282
2058,25-29,754,704,1458
2058,30-34,767,715,1482
2058,35-39,728,668,1396
2058,40-44,701,650,1351
2058,45-49,879,766,1645
2058,50-54,1017,1056,2073
2058,55-59,1283,1259,2542
2058,60-64,1417,1364,2781
2058,65-69,1191,1160,2351
2058,70-74,997,1065,2062
2058,75-79,955,1273,2228
2058,80-84,759,1217,1976
2058,85-89,562,904,1466
2058,90-94,331,549,880
2058,95-99,130,224,354
2058,100+,0,0,0
2059,0-4,419,391,810
2059,5-9,421,394,815
2059,10-14,449,421,870
2059,15-19,529,494,1023
2059,20-24,639,598,1237
2059,25-29,742,692,1434
2059,30-34,773,721,1494
2059,35-39,736,682,1418
2059,40-44,704,644,1348
2059,45-49,839,747,1586
2059,50-54,966,956,1922
2059,55-59,1230,1248,2478
2059,60-64,1396,1373,2769
2059,65-69,1253,1195,2448
2059,70-74,967,1034,2001
2059,75-79,955,1227,2182
2059,80-84,763,1219,1982
2059,85-89,559,915,1474
2059,90-94,322,555,877
2059,95-99,133,235,368
2059,100+,0,0,0
2060,0-4,420,392,812
2060,5-9,418,391,809
2060,10-14,440,413,853
2060,15-19,509,475,984
2060,20-24,617,577,1194
2060,25-29,726,678,1404
2060,30-34,773,720,1493
2060,35-39,744,691,1435
2060,40-44,689,634,1323
2060,45-49,839,749,1588
2060,50-54,912,880,1792
2060,55-59,1131,1187,2318
2060,60-64,1416,1366,2782
2060,65-69,1267,1219,2486
2060,70-74,987,1061,2048
2060,75-79,945,1165,2110
2060,80-84,769,1235,2004
2060,85-89,537,904,1441
2060,90-94,329,572,901
2060,95-99,136,236,372
2060,100+,0,0,0
2061,0-4,420,391,811
2061,5-9,416,389,805
2061,10-14,433,407,840
2061,15-19,491,459,950
2061,20-24,595,555,1150
2061,25-29,707,661,1368
2061,30-34,770,717,1487
2061,35-39,752,700,1452
2061,40-44,698,641,1339
2061,45-49,803,728,1531
2061,50-54,879,820,1699
2061,55-59,1066,1142,2208
2061,60-64,1378,1329,2707
2061,65-69,1295,1283,2578
2061,70-74,1033,1063,2096
2061,75-79,904,1092,1996
2061,80-84,772,1201,1973
2061,85-89,537,943,1480
2061,90-94,323,580,903
2061,95-99,133,251,384
2061,100+,0,0,0
2062,0-4,417,389,806
2062,5-9,416,388,804
2062,10-14,428,402,830
2062,15-19,475,444,919
2062,20-24,573,535,1108
2062,25-29,686,641,1327
2062,30-34,763,712,1475
2062,35-39,759,707,1466
2062,40-44,704,655,1359
2062,45-49,747,684,1431
2062,50-54,881,798,1679
2062,55-59,1021,1090,2111
2062,60-64,1305,1263,2568
2062,65-69,1324,1333,2657
2062,70-74,1082,1095,2177
2062,75-79,882,1035,1917
2062,80-84,767,1184,1951
2062,85-89,528,945,1473
2062,90-94,323,596,919
2062,95-99,131,254,385
2062,100+,0,0,0
2063,0-4,412,384,796
2063,5-9,417,389,806
2063,10-14,424,398,822
2063,15-19,461,431,892
2063,20-24,550,515,1065
2063,25-29,663,619,1282
2063,30-34,754,704,1458
2063,35-39,767,715,1482
2063,40-44,728,668,1396
2063,45-49,692,650,1342
2063,50-54,854,766,1620
2063,55-59,992,1052,2044
2063,60-64,1238,1236,2474
2063,65-69,1350,1339,2689
2063,70-74,1102,1122,2224
2063,75-79,871,996,1867
2063,80-84,764,1126,1890
2063,85-89,532,971,1503
2063,90-94,313,604,917
2063,95-99,134,263,397
2063,100+,0,0,0
2064,0-4,405,377,782
2064,5-9,419,391,810
2064,10-14,421,394,815
2064,15-19,449,421,870
2064,20-24,529,494,1023
2064,25-29,639,598,1237
2064,30-34,742,692,1434
2064,35-39,773,721,1494
2064,40-44,736,682,1418
2064,45-49,695,644,1339
2064,50-54,815,747,1562
2064,55-59,941,955,1896
2064,60-64,1187,1224,2411
2064,65-69,1331,1347,2678
2064,70-74,1158,1155,2313
2064,75-79,845,967,1812
2064,80-84,764,1084,1848
2064,85-89,536,970,1506
2064,90-94,311,611,922
2064,95-99,129,266,395
2064,100+,0,0,0
2065,0-4,397,370,767
2065,5-9,420,392,812
2065,10-14,418,391,809
2065,15-19,440,413,853
2065,20-24,509,475,984
2065,25-29,617,577,1194
2065,30-34,726,678,1404
2065,35-39,773,720,1493
2065,40-44,744,691,1435
2065,45-49,683,634,1317
2065,50-54,814,749,1563
2065,55-59,887,880,1767
2065,60-64,1093,1165,2258
2065,65-69,1351,1340,2691
2065,70-74,1172,1179,2351
2065,75-79,864,994,1858
2065,80-84,758,1032,1790
2065,85-89,539,983,1522
2065,90-94,301,605,906
2065,95-99,134,277,411
2065,100+,0,0,0
