year,age_range,male,female,total
2019,0-4,2518,2276,4794
2019,5-9,2487,2393,4880
2019,10-14,2483,2450,4933
2019,15-19,3137,2822,5959
2019,20-24,3862,3411,7273
2019,25-29,3905,3687,7592
2019,30-34,3677,3507,7184
2019,35-39,4099,4342,8441
2019,40-44,3957,4013,7970
2019,45-49,3388,3545,6933
2019,50-54,3460,3824,7284
2019,55-59,3385,3724,7109
2019,60-64,2805,2941,5746
2019,65-69,2030,2236,4266
2019,70-74,944,1112,2056
2019,75-79,652,817,1469
2019,80-84,393,602,995
2019,85-89,281,285,566
2019,90-94,169,111,280
2019,95-99,19,15,34
2019,100+,4,3,7
2020,0-4,2348,2146,4494
2020,5-9,2638,2527,5165
2020,10-14,2416,2328,4744
2020,15-19,2918,2667,5585
2020,20-24,3757,3324,7081
2020,25-29,3934,3639,7573
2020,30-34,3677,3504,7181
2020,35-39,3993,4224,8217
2020,40-44,4122,4193,8315
2020,45-49,3343,3464,6807
2020,50-54,3414,3802,7216
2020,55-59,3436,3810,7246
2020,60-64,2909,3069,5978
2020,65-69,2213,2407,4620
2020,70-74,1102,1305,2407
2020,75-79,637,828,1465
2020,80-84,401,600,1001
2020,85-89,279,321,600
2020,90-94,166,116,282
2020,95-99,31,20,51
2020,100+,0,0,0
2021,0-4,2178,2011,4189
2021,5-9,2700,2581,5281
2021,10-14,2393,2261,4654
2021,15-19,2749,2561,5310
2021,20-24,3654,3205,6859
2021,25-29,3967,3660,7627
2021,30-34,3717,3523,7240
2021,35-39,3853,3999,7852
2021,40-44,4184,4322,8506
2021,45-49,3429,3556,6985
2021,50-54,3403,3705,7108
2021,55-59,3412,3853,7265
2021,60-64,3003,3224,6227
2021,65-69,2297,2504,4801
2021,70-74,1327,1518,2845
2021,75-79,632,836,1468
2021,80-84,418,639,1057
2021,85-89,260,350,610
2021,90-94,172,125,297
2021,95-99,41,27,68
2021,100+,0,0,0
2022,0-4,2042,1875,3917
2022,5-9,2673,2495,5168
2022,10-14,2446,2320,4766
2022,15-19,2612,2524,5136
2022,20-24,3443,3058,6501
2022,25-29,4004,3592,7596
2022,30-34,3830,3653,7483
2022,35-39,3717,3731,7448
2022,40-44,4165,4406,8571
2022,45-49,3582,3671,7253
2022,50-54,3366,3657,7023
2022,55-59,3370,3846,7216
2022,60-64,3100,3365,6465
2022,65-69,2410,2648,5058
2022,70-74,1502,1711,3213
2022,75-79,654,850,1504
2022,80-84,450,657,1107
2022,85-89,252,382,634
2022,90-94,160,132,292
2022,95-99,51,33,84
2022,100+,0,0,0
2023,0-4,1933,1800,3733
2023,5-9,2654,2413,5067
2023,10-14,2438,2363,4801
2023,15-19,2571,2480,5051
2023,20-24,3308,2924,6232
2023,25-29,3927,3525,7452
2023,30-34,3794,3674,7468
2023,35-39,3727,3582,7309
2023,40-44,4141,4394,8535
2023,45-49,3684,3803,7487
2023,50-54,3307,3598,6905
2023,55-59,3367,3817,7184
2023,60-64,3173,3486,6659
2023,65-69,2540,2792,5332
2023,70-74,1648,1916,3564
2023,75-79,698,906,1604
2023,80-84,488,670,1158
2023,85-89,241,407,648
2023,90-94,151,146,297
2023,95-99,59,37,96
2023,100+,0,0,0
2024,0-4,1903,1769,3672
2024,5-9,2518,2276,4794
2024,10-14,2487,2393,4880
2024,15-19,2483,2450,4933
2024,20-24,3137,2822,5959
2024,25-29,3853,3411,7264
2024,30-34,3881,3687,7568
2024,35-39,3650,3502,7152
2024,40-44,4048,4317,8365
2024,45-49,3881,3988,7869
2024,50-54,3296,3511,6807
2024,55-59,3331,3769,7100
2024,60-64,3218,3647,6865
2024,65-69,2612,2848,5460
2024,70-74,1819,2113,3932
2024,75-79,792,1009,1801
2024,80-84,489,685,1174
2024,85-89,250,438,688
2024,90-94,138,164,302
2024,95-99,58,42,100
2024,100+,0,0,0
2025,0-4,1850,1720,3570
2025,5-9,2348,2146,4494
2025,10-14,2638,2527,5165
2025,15-19,2416,2328,4744
2025,20-24,2918,2667,5585
2025,25-29,3751,3324,7075
2025,30-34,3909,3639,7548
2025,35-39,3652,3502,7154
2025,40-44,3943,4199,8142
2025,45-49,4043,4168,8211
2025,50-54,3252,3432,6684
2025,55-59,3290,3749,7039
2025,60-64,3269,3734,7003
2025,65-69,2714,2975,5689
2025,70-74,1984,2277,4261
2025,75-79,926,1187,2113
2025,80-84,479,694,1173
2025,85-89,257,437,694
2025,90-94,139,186,325
2025,95-99,57,45,102
2025,100+,0,0,0
2026,0-4,1802,1676,3478
2026,5-9,2178,2011,4189
2026,10-14,2700,2581,5281
2026,15-19,2393,2261,4654
2026,20-24,2749,2561,5310
2026,25-29,3650,3205,6855
2026,30-34,3943,3660,7603
2026,35-39,3692,3523,7215
2026,40-44,3806,3976,7782
2026,45-49,4105,4297,8402
2026,50-54,3336,3525,6861
2026,55-59,3281,3655,6936
2026,60-64,3248,3777,7025
2026,65-69,2805,3127,5932
2026,70-74,2062,2371,4433
2026,75-79,1118,1383,2501
2026,80-84,477,704,1181
2026,85-89,268,469,737
2026,90-94,132,202,334
2026,95-99,60,49,109
2026,100+,0,0,0
2027,0-4,1755,1633,3388
2027,5-9,2042,1875,3917
2027,10-14,2673,2495,5168
2027,15-19,2446,2320,4766
2027,20-24,2612,2524,5136
2027,25-29,3443,3058,6501
2027,30-34,3980,3592,7572
2027,35-39,3804,3651,7455
2027,40-44,3673,3711,7384
2027,45-49,4087,4381,8468
2027,50-54,3486,3638,7124
2027,55-59,3246,3607,6853
2027,60-64,3209,3771,6980
2027,65-69,2899,3266,6165
2027,70-74,2167,2511,4678
2027,75-79,1268,1558,2826
2027,80-84,494,719,1213
2027,85-89,291,485,776
2027,90-94,129,220,349
2027,95-99,57,52,109
2027,100+,0,0,0
2028,0-4,1709,1590,3299
2028,5-9,1933,1800,3733
2028,10-14,2654,2413,5067
2028,15-19,2438,2363,4801
2028,20-24,2571,2480,5051
2028,25-29,3308,2924,6232
2028,30-34,3907,3525,7432
2028,35-39,3769,3671,7440
2028,40-44,3684,3563,7247
2028,45-49,4063,4369,8432
2028,50-54,3586,3769,7355
2028,55-59,3189,3547,6736
2028,60-64,3210,3744,6954
2028,65-69,2969,3384,6353
2028,70-74,2287,2651,4938
2028,75-79,1392,1745,3137
2028,80-84,532,768,1300
2028,85-89,316,495,811
2028,90-94,123,238,361
2028,95-99,54,58,112
2028,100+,0,0,0
2029,0-4,1663,1549,3212
2029,5-9,1903,1769,3672
2029,10-14,2518,2276,4794
2029,15-19,2487,2393,4880
2029,20-24,2483,2450,4933
2029,25-29,3137,2822,5959
2029,30-34,3836,3411,7247
2029,35-39,3855,3684,7539
2029,40-44,3608,3484,7092
2029,45-49,3973,4291,8264
2029,50-54,3779,3951,7730
2029,55-59,3180,3462,6642
2029,60-64,3177,3697,6874
2029,65-69,3012,3542,6554
2029,70-74,2355,2706,5061
2029,75-79,1539,1927,3466
2029,80-84,607,858,1465
2029,85-89,316,509,825
2029,90-94,129,258,387
2029,95-99,48,65,113
2029,100+,0,0,0
2030,0-4,1621,1511,3132
2030,5-9,1850,1720,3570
2030,10-14,2348,2146,4494
2030,15-19,2638,2527,5165
2030,20-24,2416,2328,4744
2030,25-29,2918,2667,5585
2030,30-34,3735,3324,7059
2030,35-39,3883,3637,7520
2030,40-44,3610,3482,7092
2030,45-49,3870,4173,8043
2030,50-54,3938,4128,8066
2030,55-59,3138,3384,6522
2030,60-64,3138,3678,6816
2030,65-69,3058,3626,6684
2030,70-74,2448,2826,5274
2030,75-79,1678,2078,3756
2030,80-84,711,1009,1720
2030,85-89,309,514,823
2030,90-94,133,256,389
2030,95-99,49,73,122
2030,100+,0,0,0
2031,0-4,1576,1469,3045
2031,5-9,1802,1676,3478
2031,10-14,2178,2011,4189
2031,15-19,2700,2581,5281
2031,20-24,2393,2261,4654
2031,25-29,2749,2561,5310
2031,30-34,3635,3205,6840
2031,35-39,3917,3658,7575
2031,40-44,3649,3502,7151
2031,45-49,3735,3950,7685
2031,50-54,3998,4255,8253
2031,55-59,3221,3475,6696
2031,60-64,3130,3587,6717
2031,65-69,3040,3667,6707
2031,70-74,2528,2972,5500
2031,75-79,1745,2163,3908
2031,80-84,859,1179,2038
2031,85-89,309,523,832
2031,90-94,139,276,415
2031,95-99,47,80,127
2031,100+,0,0,0
2032,0-4,1530,1426,2956
2032,5-9,1755,1633,3388
2032,10-14,2042,1875,3917
2032,15-19,2673,2495,5168
2032,20-24,2446,2320,4766
2032,25-29,2612,2524,5136
2032,30-34,3429,3058,6487
2032,35-39,3954,3591,7545
2032,40-44,3760,3630,7390
2032,45-49,3604,3686,7290
2032,50-54,3980,4338,8318
2032,55-59,3366,3588,6954
2032,60-64,3096,3540,6636
2032,65-69,3003,3661,6664
2032,70-74,2614,3103,5717
2032,75-79,1833,2290,4123
2032,80-84,970,1322,2292
2032,85-89,323,534,857
2032,90-94,151,285,436
2032,95-99,46,87,133
2032,100+,0,0,0
2033,0-4,1483,1383,2866
2033,5-9,1709,1590,3299
2033,10-14,1933,1800,3733
2033,15-19,2654,2413,5067
2033,20-24,2438,2363,4801
2033,25-29,2571,2480,5051
2033,30-34,3295,2924,6219
2033,35-39,3881,3523,7404
2033,40-44,3725,3651,7376
2033,45-49,3616,3538,7154
2033,50-54,3955,4326,8281
2033,55-59,3463,3719,7182
2033,60-64,3042,3480,6522
2033,65-69,3004,3635,6639
2033,70-74,2676,3215,5891
2033,75-79,1933,2417,4350
2033,80-84,1064,1479,2543
2033,85-89,349,573,922
2033,90-94,164,290,454
2033,95-99,44,93,137
2033,100+,0,0,0
2034,0-4,1437,1340,2777
2034,5-9,1663,1549,3212
2034,10-14,1903,1769,3672
2034,15-19,2518,2276,4794
2034,20-24,2487,2393,4880
2034,25-29,2483,2450,4933
2034,30-34,3126,2822,5948
2034,35-39,3810,3408,7218
2034,40-44,3810,3664,7474
2034,45-49,3542,3459,7001
2034,50-54,3868,4250,8118
2034,55-59,3647,3901,7548
2034,60-64,3033,3397,6430
2034,65-69,2972,3589,6561
2034,70-74,2713,3364,6077
2034,75-79,1989,2469,4458
2034,80-84,1175,1633,2808
2034,85-89,399,642,1041
2034,90-94,162,301,463
2034,95-99,47,101,148
2034,100+,0,0,0
2035,0-4,1390,1296,2686
2035,5-9,1621,1511,3132
2035,10-14,1850,1720,3570
2035,15-19,2348,2146,4494
2035,20-24,2638,2527,5165
2035,25-29,2416,2328,4744
2035,30-34,2910,2667,5577
2035,35-39,3710,3323,7033
2035,40-44,3839,3617,7456
2035,45-49,3544,3457,7001
2035,50-54,3769,4135,7904
2035,55-59,3803,4078,7881
2035,60-64,2997,3324,6321
2035,65-69,2943,3574,6517
2035,70-74,2764,3450,6214
2035,75-79,2076,2588,4664
2035,80-84,1288,1768,3056
2035,85-89,470,762,1232
2035,90-94,160,305,465
2035,95-99,49,103,152
2035,100+,0,0,0
2036,0-4,1342,1252,2594
2036,5-9,1576,1469,3045
2036,10-14,1802,1676,3478
2036,15-19,2178,2011,4189
2036,20-24,2700,2581,5281
2036,25-29,2393,2261,4654
2036,30-34,2745,2561,5306
2036,35-39,3609,3205,6814
2036,40-44,3873,3638,7511
2036,45-49,3583,3477,7060
2036,50-54,3640,3916,7556
2036,55-59,3863,4205,8068
2036,60-64,3080,3417,6497
2036,65-69,2939,3488,6427
2036,70-74,2751,3495,6246
2036,75-79,2151,2728,4879
2036,80-84,1345,1849,3194
2036,85-89,573,896,1469
2036,90-94,160,316,476
2036,95-99,52,114,166
2036,100+,0,0,0
2037,0-4,1298,1212,2510
2037,5-9,1530,1426,2956
2037,10-14,1755,1633,3388
2037,15-19,2042,1875,3917
2037,20-24,2673,2495,5168
2037,25-29,2446,2320,4766
2037,30-34,2611,2524,5135
2037,35-39,3404,3058,6462
2037,40-44,3911,3572,7483
2037,45-49,3692,3605,7297
2037,50-54,3514,3655,7169
2037,55-59,3848,4288,8136
2037,60-64,3222,3530,6752
2037,65-69,2912,3445,6357
2037,70-74,2724,3493,6217
2037,75-79,2230,2854,5084
2037,80-84,1418,1964,3382
2037,85-89,652,1008,1660
2037,90-94,170,326,496
2037,95-99,56,120,176
2037,100+,0,0,0
2038,0-4,1261,1177,2438
2038,5-9,1483,1383,2866
2038,10-14,1709,1590,3299
2038,15-19,1933,1800,3733
2038,20-24,2654,2413,5067
2038,25-29,2438,2363,4801
2038,30-34,2570,2480,5050
2038,35-39,3273,2924,6197
2038,40-44,3839,3507,7346
2038,45-49,3658,3626,7284
2038,50-54,3526,3510,7036
2038,55-59,3826,4276,8102
2038,60-64,3319,3660,6979
2038,65-69,2864,3390,6254
2038,70-74,2732,3473,6205
2038,75-79,2287,2963,5250
2038,80-84,1500,2080,3580
2038,85-89,717,1131,1848
2038,90-94,188,355,543
2038,95-99,60,124,184
2038,100+,0,0,0
2039,0-4,1226,1144,2370
2039,5-9,1437,1340,2777
2039,10-14,1663,1549,3212
2039,15-19,1903,1769,3672
2039,20-24,2518,2276,4794
2039,25-29,2487,2393,4880
2039,30-34,2483,2450,4933
2039,35-39,3106,2822,5928
2039,40-44,3769,3395,7164
2039,45-49,3742,3639,7381
2039,50-54,3455,3432,6887
2039,55-59,3744,4201,7945
2039,60-64,3498,3839,7337
2039,65-69,2860,3311,6171
2039,70-74,2707,3435,6142
2039,75-79,2324,3105,5429
2039,80-84,1548,2132,3680
2039,85-89,795,1255,2050
2039,90-94,217,405,622
2039,95-99,60,130,190
2039,100+,0,0,0
2040,0-4,1195,1117,2312
2040,5-9,1390,1296,2686
2040,10-14,1621,1511,3132
2040,15-19,1850,1720,3570
2040,20-24,2348,2146,4494
2040,25-29,2638,2527,5165
2040,30-34,2415,2328,4743
2040,35-39,2892,2667,5559
2040,40-44,3671,3312,6983
2040,45-49,3771,3592,7363
2040,50-54,3456,3432,6888
2040,55-59,3648,4087,7735
2040,60-64,3647,4013,7660
2040,65-69,2827,3241,6068
2040,70-74,2681,3422,6103
2040,75-79,2371,3184,5555
2040,80-84,1617,2237,3854
2040,85-89,869,1358,2227
2040,90-94,256,480,736
2040,95-99,60,129,189
2040,100+,0,0,0
2041,0-4,1171,1094,2265
2041,5-9,1342,1252,2594
2041,10-14,1576,1469,3045
2041,15-19,1802,1676,3478
2041,20-24,2178,2011,4189
2041,25-29,2700,2581,5281
2041,30-34,2393,2261,4654
2041,35-39,2727,2561,5288
2041,40-44,3571,3195,6766
2041,45-49,3805,3613,7418
2041,50-54,3494,3452,6946
2041,55-59,3523,3870,7393
2041,60-64,3704,4138,7842
2041,65-69,2905,3331,6236
2041,70-74,2677,3339,6016
2041,75-79,2356,3225,5581
2041,80-84,1677,2359,4036
2041,85-89,907,1418,2325
2041,90-94,312,567,879
2041,95-99,61,134,195
2041,100+,0,0,0
2042,0-4,1148,1073,2221
2042,5-9,1298,1212,2510
2042,10-14,1530,1426,2956
2042,15-19,1755,1633,3388
2042,20-24,2042,1875,3917
2042,25-29,2673,2495,5168
2042,30-34,2446,2320,4766
2042,35-39,2594,2524,5118
2042,40-44,3368,3050,6418
2042,45-49,3843,3547,7390
2042,50-54,3600,3580,7180
2042,55-59,3401,3613,7014
2042,60-64,3690,4220,7910
2042,65-69,3041,3443,6484
2042,70-74,2649,3297,5946
2042,75-79,2331,3223,5554
2042,80-84,1739,2467,4206
2042,85-89,956,1503,2459
2042,90-94,352,634,986
2042,95-99,64,139,203
2042,100+,0,0,0
2043,0-4,1127,1054,2181
2043,5-9,1261,1177,2438
2043,10-14,1483,1383,2866
2043,15-19,1709,1590,3299
2043,20-24,1933,1800,3733
2043,25-29,2654,2413,5067
2043,30-34,2438,2363,4801
2043,35-39,2554,2480,5034
2043,40-44,3238,2917,6155
2043,45-49,3772,3482,7254
2043,50-54,3567,3599,7166
2043,55-59,3413,3470,6883
2043,60-64,3668,4207,7875
2043,65-69,3131,3572,6703
2043,70-74,2607,3244,5851
2043,75-79,2338,3206,5544
2043,80-84,1784,2561,4345
2043,85-89,1009,1595,2604
2043,90-94,385,710,1095
2043,95-99,71,154,225
2043,100+,0,0,0
2044,0-4,1108,1036,2144
2044,5-9,1226,1144,2370
2044,10-14,1437,1340,2777
2044,15-19,1663,1549,3212
2044,20-24,1903,1769,3672
2044,25-29,2518,2276,4794
2044,30-34,2487,2393,4880
2044,35-39,2467,2450,4917
2044,40-44,3073,2816,5889
2044,45-49,3703,3371,7074
2044,50-54,3650,3612,7262
2044,55-59,3343,3392,6735
2044,60-64,3590,4133,7723
2044,65-69,3301,3746,7047
2044,70-74,2604,3169,5773
2044,75-79,2314,3173,5487
2044,80-84,1811,2682,4493
2044,85-89,1039,1635,2674
2044,90-94,427,787,1214
2044,95-99,83,179,262
2044,100+,0,0,0
2045,0-4,1095,1022,2117
2045,5-9,1195,1117,2312
2045,10-14,1390,1296,2686
2045,15-19,1621,1511,3132
2045,20-24,1850,1720,3570
2045,25-29,2348,2146,4494
2045,30-34,2638,2527,5165
2045,35-39,2401,2328,4729
2045,40-44,2861,2664,5525
2045,45-49,3606,3287,6893
2045,50-54,3678,3567,7245
2045,55-59,3348,3390,6738
2045,60-64,3501,4023,7524
2045,65-69,3446,3918,7364
2045,70-74,2581,3108,5689
2045,75-79,2301,3166,5467
2045,80-84,1853,2760,4613
2045,85-89,1092,1726,2818
2045,90-94,471,859,1330
2045,95-99,100,217,317
2045,100+,0,0,0
2046,0-4,1082,1010,2092
2046,5-9,1171,1094,2265
2046,10-14,1342,1252,2594
2046,15-19,1576,1469,3045
2046,20-24,1802,1676,3478
2046,25-29,2178,2011,4189
2046,30-34,2700,2581,5281
2046,35-39,2381,2261,4642
2046,40-44,2699,2560,5259
2046,45-49,3508,3171,6679
2046,50-54,3712,3587,7299
2046,55-59,3387,3410,6797
2046,60-64,3382,3811,7193
2046,65-69,3504,4042,7546
2046,70-74,2660,3197,5857
2046,75-79,2302,3094,5396
2046,80-84,1845,2800,4645
2046,85-89,1139,1829,2968
2046,90-94,494,904,1398
2046,95-99,124,260,384
2046,100+,0,0,0
2047,0-4,1067,995,2062
2047,5-9,1148,1073,2221
2047,10-14,1298,1212,2510
2047,15-19,1530,1426,2956
2047,20-24,1755,1633,3388
2047,25-29,2042,1875,3917
2047,30-34,2673,2495,5168
2047,35-39,2434,2320,4754
2047,40-44,2567,2524,5091
2047,45-49,3309,3028,6337
2047,50-54,3749,3522,7271
2047,55-59,3491,3536,7027
2047,60-64,3267,3557,6824
2047,65-69,3493,4124,7617
2047,70-74,2788,3309,6097
2047,75-79,2284,3057,5341
2047,80-84,1831,2804,4635
2047,85-89,1186,1918,3104
2047,90-94,523,964,1487
2047,95-99,140,289,429
2047,100+,0,0,0
2048,0-4,1050,978,2028
2048,5-9,1127,1054,2181
2048,10-14,1261,1177,2438
2048,15-19,1483,1383,2866
2048,20-24,1709,1590,3299
2048,25-29,1933,1800,3733
2048,30-34,2654,2413,5067
2048,35-39,2427,2363,4790
2048,40-44,2527,2480,5007
2048,45-49,3182,2898,6080
2048,50-54,3680,3457,7137
2048,55-59,3459,3558,7017
2048,60-64,3281,3417,6698
2048,65-69,3473,4112,7585
2048,70-74,2876,3436,6312
2048,75-79,2252,3012,5264
2048,80-84,1844,2795,4639
2048,85-89,1221,2000,3221
2048,90-94,554,1027,1581
2048,95-99,153,325,478
2048,100+,0,0,0
2049,0-4,1030,961,1991
2049,5-9,1108,1036,2144
2049,10-14,1226,1144,2370
2049,15-19,1437,1340,2777
2049,20-24,1663,1549,3212
2049,25-29,1903,1769,3672
2049,30-34,2518,2276,4794
2049,35-39,2476,2393,4869
2049,40-44,2442,2450,4892
2049,45-49,3021,2799,5820
2049,50-54,3614,3346,6960
2049,55-59,3540,3572,7112
2049,60-64,3218,3340,6558
2049,65-69,3403,4041,7444
2049,70-74,3036,3604,6640
2049,75-79,2253,2945,5198
2049,80-84,1826,2772,4598
2049,85-89,1243,2100,3343
2049,90-94,573,1058,1631
2049,95-99,171,365,536
2049,100+,0,0,0
2050,0-4,1006,940,1946
2050,5-9,1095,1022,2117
2050,10-14,1195,1117,2312
2050,15-19,1390,1296,2686
2050,20-24,1621,1511,3132
2050,25-29,1850,1720,3570
2050,30-34,2348,2146,4494
2050,35-39,2625,2527,5152
2050,40-44,2376,2328,4704
2050,45-49,2813,2648,5461
2050,50-54,3520,3262,6782
2050,55-59,3567,3527,7094
2050,60-64,3222,3339,6561
2050,65-69,3320,3933,7253
2050,70-74,3165,3769,6934
2050,75-79,2234,2889,5123
2050,80-84,1821,2768,4589
2050,85-89,1275,2160,3435
2050,90-94,605,1121,1726
2050,95-99,189,398,587
2050,100+,0,0,0
2051,0-4,980,916,1896
2051,5-9,1082,1010,2092
2051,10-14,1171,1094,2265
2051,15-19,1342,1252,2594
2051,20-24,1576,1469,3045
2051,25-29,1802,1676,3478
2051,30-34,2178,2011,4189
2051,35-39,2686,2581,5267
2051,40-44,2356,2261,4617
2051,45-49,2653,2545,5198
2051,50-54,3425,3146,6571
2051,55-59,3600,3548,7148
2051,60-64,3260,3360,6620
2051,65-69,3207,3724,6931
2051,70-74,3217,3888,7105
2051,75-79,2306,2972,5278
2051,80-84,1819,2704,4523
2051,85-89,1268,2190,3458
2051,90-94,629,1188,1817
2051,95-99,199,418,617
2051,100+,0,0,0
2052,0-4,951,889,1840
2052,5-9,1067,995,2062
2052,10-14,1148,1073,2221
2052,15-19,1298,1212,2510
2052,20-24,1530,1426,2956
2052,25-29,1755,1633,3388
2052,30-34,2042,1875,3917
2052,35-39,2659,2495,5154
2052,40-44,2408,2320,4728
2052,45-49,2525,2509,5034
2052,50-54,3230,3003,6233
2052,55-59,3636,3484,7120
2052,60-64,3360,3485,6845
2052,65-69,3097,3477,6574
2052,70-74,3206,3966,7172
2052,75-79,2418,3079,5497
2052,80-84,1804,2668,4472
2052,85-89,1257,2191,3448
2052,90-94,654,1244,1898
2052,95-99,209,442,651
2052,100+,0,0,0
2053,0-4,920,860,1780
2053,5-9,1050,978,2028
2053,10-14,1127,1054,2181
2053,15-19,1261,1177,2438
2053,20-24,1483,1383,2866
2053,25-29,1709,1590,3299
2053,30-34,1933,1800,3733
2053,35-39,2640,2413,5053
2053,40-44,2402,2363,4765
2053,45-49,2484,2466,4950
2053,50-54,3106,2873,5979
2053,55-59,3568,3419,6987
2053,60-64,3329,3506,6835
2053,65-69,3110,3341,6451
2053,70-74,3189,3953,7142
2053,75-79,2493,3199,5692
2053,80-84,1779,2627,4406
2053,85-89,1267,2184,3451
2053,90-94,672,1301,1973
2053,95-99,219,471,690
2053,100+,0,0,0
2054,0-4,889,831,1720
2054,5-9,1030,961,1991
2054,10-14,1108,1036,2144
2054,15-19,1226,1144,2370
2054,20-24,1437,1340,2777
2054,25-29,1663,1549,3212
2054,30-34,1903,1769,3672
2054,35-39,2505,2276,4781
2054,40-44,2451,2393,4844
2054,45-49,2400,2437,4837
2054,50-54,2948,2774,5722
2054,55-59,3503,3310,6813
2054,60-64,3407,3520,6927
2054,65-69,3051,3266,6317
2054,70-74,3124,3885,7009
2054,75-79,2632,3354,5986
2054,80-84,1777,2571,4348
2054,85-89,1253,2167,3420
2054,90-94,683,1363,2046
2054,95-99,226,485,711
2054,100+,0,0,0
2055,0-4,859,803,1662
2055,5-9,1006,940,1946
2055,10-14,1095,1022,2117
2055,15-19,1195,1117,2312
2055,20-24,1390,1296,2686
2055,25-29,1621,1511,3132
2055,30-34,1850,1720,3570
2055,35-39,2337,2146,4483
2055,40-44,2600,2527,5127
2055,45-49,2336,2316,4652
2055,50-54,2745,2623,5368
2055,55-59,3412,3229,6641
2055,60-64,3435,3477,6912
2055,65-69,3060,3268,6328
2055,70-74,3053,3786,6839
2055,75-79,2750,3512,6262
2055,80-84,1772,2532,4304
2055,85-89,1257,2174,3431
2055,90-94,706,1412,2118
2055,95-99,240,522,762
2055,100+,0,0,0
2056,0-4,831,777,1608
2056,5-9,980,916,1896
2056,10-14,1082,1010,2092
2056,15-19,1171,1094,2265
2056,20-24,1342,1252,2594
2056,25-29,1576,1469,3045
2056,30-34,1802,1676,3478
2056,35-39,2170,2011,4181
2056,40-44,2660,2580,5240
2056,45-49,2317,2251,4568
2056,50-54,2590,2520,5110
2056,55-59,3322,3117,6439
2056,60-64,3470,3497,6967
2056,65-69,3097,3290,6387
2056,70-74,2951,3590,6541
2056,75-79,2798,3629,6427
2056,80-84,1838,2613,4451
2056,85-89,1261,2130,3391
2056,90-94,703,1438,2141
2056,95-99,250,561,811
2056,100+,0,0,0
2057,0-4,806,754,1560
2057,5-9,951,889,1840
2057,10-14,1067,995,2062
2057,15-19,1148,1073,2221
2057,20-24,1298,1212,2510
2057,25-29,1530,1426,2956
2057,30-34,1755,1633,3388
2057,35-39,2037,1875,3912
2057,40-44,2634,2495,5129
2057,45-49,2369,2311,4680
2057,50-54,2465,2484,4949
2057,55-59,3136,2978,6114
2057,60-64,3508,3434,6942
2057,65-69,3196,3415,6611
2057,70-74,2852,3354,6206
2057,75-79,2794,3708,6502
2057,80-84,1933,2714,4647
2057,85-89,1253,2107,3360
2057,90-94,700,1444,2144
2057,95-99,262,591,853
2057,100+,0,0,0
2058,0-4,782,733,1515
2058,5-9,920,860,1780
2058,10-14,1050,978,2028
2058,15-19,1127,1054,2181
2058,20-24,1261,1177,2438
2058,25-29,1483,1383,2866
2058,30-34,1709,1590,3299
2058,35-39,1930,1800,3730
2058,40-44,2614,2413,5027
2058,45-49,2363,2355,4718
2058,50-54,2429,2441,4870
2058,55-59,3015,2848,5863
2058,60-64,3444,3373,6817
2058,65-69,3171,3437,6608
2058,70-74,2868,3225,6093
2058,75-79,2781,3700,6481
2058,80-84,1998,2827,4825
2058,85-89,1241,2081,3322
2058,90-94,708,1445,2153
2058,95-99,271,623,894
2058,100+,0,0,0
2059,0-4,760,711,1471
2059,5-9,889,831,1720
2059,10-14,1030,961,1991
2059,15-19,1108,1036,2144
2059,20-24,1226,1144,2370
2059,25-29,1437,1340,2777
2059,30-34,1663,1549,3212
2059,35-39,1900,1769,3669
2059,40-44,2481,2276,4757
2059,45-49,2411,2385,4796
2059,50-54,2348,2412,4760
2059,55-59,2861,2748,5609
2059,60-64,3383,3267,6650
2059,65-69,3245,3451,6696
2059,70-74,2819,3155,5974
2059,75-79,2729,3640,6369
2059,80-84,2113,2968,5081
2059,85-89,1244,2043,3287
2059,90-94,701,1441,2142
2059,95-99,277,655,932
2059,100+,0,0,0
2060,0-4,737,689,1426
2060,5-9,859,803,1662
2060,10-14,1006,940,1946
2060,15-19,1095,1022,2117
2060,20-24,1195,1117,2312
2060,25-29,1390,1296,2686
2060,30-34,1621,1511,3132
2060,35-39,1847,1720,3567
2060,40-44,2314,2146,4460
2060,45-49,2557,2516,5073
2060,50-54,2285,2294,4579
2060,55-59,2665,2598,5263
2060,60-64,3295,3187,6482
2060,65-69,3273,3408,6681
2060,70-74,2828,3159,5987
2060,75-79,2668,3544,6212
2060,80-84,2206,3108,5314
2060,85-89,1241,2015,3256
2060,90-94,707,1448,2155
2060,95-99,287,680,967
2060,100+,0,0,0
2061,0-4,714,667,1381
2061,5-9,831,777,1608
2061,10-14,980,916,1896
2061,15-19,1082,1010,2092
2061,20-24,1171,1094,2265
2061,25-29,1342,1252,2594
2061,30-34,1576,1469,3045
2061,35-39,1800,1676,3476
2061,40-44,2148,2011,4159
2061,45-49,2617,2569,5186
2061,50-54,2265,2229,4494
2061,55-59,2515,2495,5010
2061,60-64,3209,3076,6285
2061,65-69,3305,3430,6735
2061,70-74,2863,3180,6043
2061,75-79,2577,3358,5935
2061,80-84,2244,3211,5455
2061,85-89,1290,2082,3372
2061,90-94,708,1416,2124
2061,95-99,284,691,975
2061,100+,0,0,0
2062,0-4,691,646,1337
2062,5-9,806,754,1560
2062,10-14,951,889,1840
2062,15-19,1067,995,2062
2062,20-24,1148,1073,2221
2062,25-29,1298,1212,2510
2062,30-34,1530,1426,2956
2062,35-39,1754,1633,3387
2062,40-44,2015,1875,3890
2062,45-49,2591,2485,5076
2062,50-54,2317,2287,4604
2062,55-59,2395,2459,4854
2062,60-64,3028,2938,5966
2062,65-69,3341,3367,6708
2062,70-74,2952,3300,6252
2062,75-79,2490,3138,5628
2062,80-84,2239,3277,5516
2062,85-89,1359,2165,3524
2062,90-94,702,1400,2102
2062,95-99,281,689,970
2062,100+,0,0,0
2063,0-4,670,625,1295
2063,5-9,782,733,1515
2063,10-14,920,860,1780
2063,15-19,1050,978,2028
2063,20-24,1127,1054,2181
2063,25-29,1261,1177,2438
2063,30-34,1483,1383,2866
2063,35-39,1708,1590,3298
2063,40-44,1909,1800,3709
2063,45-49,2572,2403,4975
2063,50-54,2311,2330,4641
2063,55-59,2358,2416,4774
2063,60-64,2911,2810,5721
2063,65-69,3280,3306,6586
2063,70-74,2929,3321,6250
2063,75-79,2506,3016,5522
2063,80-84,2226,3270,5496
2063,85-89,1403,2254,3657
2063,90-94,695,1382,2077
2063,95-99,286,690,976
2063,100+,0,0,0
2064,0-4,650,606,1256
2064,5-9,760,711,1471
2064,10-14,889,831,1720
2064,15-19,1030,961,1991
2064,20-24,1108,1036,2144
2064,25-29,1226,1144,2370
2064,30-34,1437,1340,2777
2064,35-39,1662,1549,3211
2064,40-44,1880,1769,3649
2064,45-49,2441,2267,4708
2064,50-54,2359,2360,4719
2064,55-59,2278,2387,4665
2064,60-64,2764,2713,5477
2064,65-69,3222,3201,6423
2064,70-74,3000,3334,6334
2064,75-79,2463,2952,5415
2064,80-84,2183,3213,5396
2064,85-89,1484,2365,3849
2064,90-94,696,1355,2051
2064,95-99,283,687,970
2064,100+,0,0,0
2065,0-4,632,589,1221
2065,5-9,737,689,1426
2065,10-14,859,803,1662
2065,15-19,1006,940,1946
2065,20-24,1095,1022,2117
2065,25-29,1195,1117,2312
2065,30-34,1390,1296,2686
2065,35-39,1620,1511,3131
2065,40-44,1828,1720,3548
2065,45-49,2277,2139,4416
2065,50-54,2502,2491,4993
2065,55-59,2217,2269,4486
2065,60-64,2574,2566,5140
2065,65-69,3143,3124,6267
2065,70-74,3031,3295,6326
2065,75-79,2476,2963,5439
2065,80-84,2138,3134,5272
2065,85-89,1553,2484,4037
2065,90-94,700,1349,2049
2065,95-99,286,699,985
2065,100+,0,0,0
