year,age_range,male,female,total
2019,0-4,2325,2200,4525
2019,5-9,2215,2049,4264
2019,10-14,2252,1997,4249
2019,15-19,2876,2644,5520
2019,20-24,3531,3195,6726
2019,25-29,3733,3357,7090
2019,30-34,3455,3312,6767
2019,35-39,4099,3848,7947
2019,40-44,3777,3654,7431
2019,45-49,3516,3363,6879
2019,50-54,3716,3424,7140
2019,55-59,3575,3527,7102
2019,60-64,3188,3175,6363
2019,65-69,2386,2658,5044
2019,70-74,1281,1516,2797
2019,75-79,960,1193,2153
2019,80-84,684,962,1646
2019,85-89,531,538,1069
2019,90-94,295,261,556
2019,95-99,45,55,100
2019,100+,8,12,20
2020,0-4,2259,2113,4372
2020,5-9,2265,2153,4418
2020,10-14,2188,1911,4099
2020,15-19,2687,2443,5130
2020,20-24,3481,3162,6643
2020,25-29,3674,3307,6981
2020,30-34,3515,3321,6836
2020,35-39,3998,3758,7756
2020,40-44,3873,3758,7631
2020,45-49,3461,3373,6834
2020,50-54,3654,3354,7008
2020,55-59,3603,3574,7177
2020,60-64,3236,3192,6428
2020,65-69,2578,2828,5406
2020,70-74,1442,1710,3152
2020,75-79,934,1160,2094
2020,80-84,682,949,1631
2020,85-89,493,602,1095
2020,90-94,314,271,585
2020,95-99,52,67,119
2020,100+,0,0,0
2021,0-4,2158,2000,4158
2021,5-9,2318,2212,4530
2021,10-14,2168,1931,4099
2021,15-19,2543,2258,4801
2021,20-24,3335,3065,6400
2021,25-29,3660,3321,6981
2021,30-34,3603,3373,6976
2021,35-39,3822,3620,7442
2021,40-44,3901,3722,7623
2021,45-49,3470,3480,6950
2021,50-54,3717,3334,7051
2021,55-59,3563,3561,7124
2021,60-64,3328,3202,6530
2021,65-69,2628,2930,5558
2021,70-74,1665,1964,3629
2021,75-79,913,1154,2067
2021,80-84,698,972,1670
2021,85-89,443,611,1054
2021,90-94,323,282,605
2021,95-99,70,75,145
2021,100+,0,0,0
2022,0-4,2050,1891,3941
2022,5-9,2293,2204,4497
2022,10-14,2238,2005,4243
2022,15-19,2410,2144,4554
2022,20-24,3148,2940,6088
2022,25-29,3659,3285,6944
2022,30-34,3710,3405,7115
2022,35-39,3621,3471,7092
2022,40-44,3981,3774,7755
2022,45-49,3545,3544,7089
2022,50-54,3647,3289,6936
2022,55-59,3543,3515,7058
2022,60-64,3407,3330,6737
2022,65-69,2662,2939,5601
2022,70-74,1894,2197,4091
2022,75-79,939,1185,2124
2022,80-84,686,986,1672
2022,85-89,433,641,1074
2022,90-94,315,286,601
2022,95-99,80,86,166
2022,100+,0,0,0
2023,0-4,1960,1822,3782
2023,5-9,2326,2203,4529
2023,10-14,2229,2039,4268
2023,15-19,2309,2056,4365
2023,20-24,3023,2812,5835
2023,25-29,3592,3171,6763
2023,30-34,3736,3401,7137
2023,35-39,3484,3423,6907
2023,40-44,4001,3815,7816
2023,45-49,3669,3567,7236
2023,50-54,3547,3345,6892
2023,55-59,3524,3383,6907
2023,60-64,3412,3454,6866
2023,65-69,2839,2986,5825
2023,70-74,2016,2379,4395
2023,75-79,988,1255,2243
2023,80-84,708,988,1696
2023,85-89,438,679,1117
2023,90-94,289,288,577
2023,95-99,87,90,177
2023,100+,0,0,0
2024,0-4,1897,1762,3659
2024,5-9,2325,2200,4525
2024,10-14,2215,2049,4264
2024,15-19,2252,1997,4249
2024,20-24,2876,2644,5520
2024,25-29,3529,3195,6724
2024,30-34,3711,3357,7068
2024,35-39,3429,3310,6739
2024,40-44,4049,3824,7873
2024,45-49,3705,3629,7334
2024,50-54,3420,3332,6752
2024,55-59,3578,3374,6952
2024,60-64,3397,3454,6851
2024,65-69,2969,3072,6041
2024,70-74,2135,2511,4646
2024,75-79,1075,1374,2449
2024,80-84,721,997,1718
2024,85-89,435,695,1130
2024,90-94,260,309,569
2024,95-99,103,97,200
2024,100+,0,0,0
2025,0-4,1887,1754,3641
2025,5-9,2259,2113,4372
2025,10-14,2265,2153,4418
2025,15-19,2188,1911,4099
2025,20-24,2687,2443,5130
2025,25-29,3480,3162,6642
2025,30-34,3653,3307,6960
2025,35-39,3490,3321,6811
2025,40-44,3949,3735,7684
2025,45-49,3798,3733,7531
2025,50-54,3367,3343,6710
2025,55-59,3521,3305,6826
2025,60-64,3426,3502,6928
2025,65-69,3017,3090,6107
2025,70-74,2310,2674,4984
2025,75-79,1211,1553,2764
2025,80-84,700,974,1674
2025,85-89,436,693,1129
2025,90-94,244,349,593
2025,95-99,110,101,211
2025,100+,0,0,0
2026,0-4,1878,1745,3623
2026,5-9,2158,2000,4158
2026,10-14,2318,2212,4530
2026,15-19,2168,1931,4099
2026,20-24,2543,2258,4801
2026,25-29,3335,3065,6400
2026,30-34,3640,3321,6961
2026,35-39,3578,3373,6951
2026,40-44,3775,3601,7376
2026,45-49,3827,3697,7524
2026,50-54,3376,3451,6827
2026,55-59,3584,3285,6869
2026,60-64,3391,3490,6881
2026,65-69,3106,3103,6209
2026,70-74,2357,2774,5131
2026,75-79,1402,1786,3188
2026,80-84,687,970,1657
2026,85-89,449,714,1163
2026,90-94,223,355,578
2026,95-99,115,108,223
2026,100+,0,0,0
2027,0-4,1868,1736,3604
2027,5-9,2050,1891,3941
2027,10-14,2293,2204,4497
2027,15-19,2238,2005,4243
2027,20-24,2410,2144,4554
2027,25-29,3148,2940,6088
2027,30-34,3641,3285,6926
2027,35-39,3685,3404,7089
2027,40-44,3578,3454,7032
2027,45-49,3906,3749,7655
2027,50-54,3450,3515,6965
2027,55-59,3518,3240,6758
2027,60-64,3375,3446,6821
2027,65-69,3180,3231,6411
2027,70-74,2394,2784,5178
2027,75-79,1596,2001,3597
2027,80-84,708,1000,1708
2027,85-89,444,727,1171
2027,90-94,220,375,595
2027,95-99,110,110,220
2027,100+,0,0,0
2028,0-4,1853,1723,3576
2028,5-9,1960,1822,3782
2028,10-14,2326,2203,4529
2028,15-19,2229,2039,4268
2028,20-24,2309,2056,4365
2028,25-29,3023,2812,5835
2028,30-34,3576,3171,6747
2028,35-39,3711,3401,7112
2028,40-44,3443,3407,6850
2028,45-49,3926,3790,7716
2028,50-54,3572,3537,7109
2028,55-59,3421,3297,6718
2028,60-64,3359,3319,6678
2028,65-69,3188,3351,6539
2028,70-74,2559,2832,5391
2028,75-79,1701,2168,3869
2028,80-84,752,1064,1816
2028,85-89,459,732,1191
2028,90-94,223,396,619
2028,95-99,99,111,210
2028,100+,0,0,0
2029,0-4,1836,1709,3545
2029,5-9,1897,1762,3659
2029,10-14,2325,2200,4525
2029,15-19,2215,2049,4264
2029,20-24,2252,1997,4249
2029,25-29,2876,2644,5520
2029,30-34,3516,3195,6711
2029,35-39,3685,3356,7041
2029,40-44,3390,3295,6685
2029,45-49,3973,3799,7772
2029,50-54,3607,3598,7205
2029,55-59,3300,3285,6585
2029,60-64,3413,3312,6725
2029,65-69,3178,3352,6530
2029,70-74,2678,2917,5595
2029,75-79,1803,2291,4094
2029,80-84,823,1170,1993
2029,85-89,469,740,1209
2029,90-94,223,407,630
2029,95-99,90,122,212
2029,100+,0,0,0
2030,0-4,1812,1687,3499
2030,5-9,1887,1754,3641
2030,10-14,2259,2113,4372
2030,15-19,2265,2153,4418
2030,20-24,2188,1911,4099
2030,25-29,2687,2443,5130
2030,30-34,3468,3162,6630
2030,35-39,3627,3307,6934
2030,40-44,3450,3305,6755
2030,45-49,3874,3710,7584
2030,50-54,3697,3700,7397
2030,55-59,3249,3296,6545
2030,60-64,3361,3245,6606
2030,65-69,3207,3398,6605
2030,70-74,2719,2935,5654
2030,75-79,1952,2440,4392
2030,80-84,926,1321,2247
2030,85-89,454,721,1175
2030,90-94,224,410,634
2030,95-99,84,138,222
2030,100+,0,0,0
2031,0-4,1780,1659,3439
2031,5-9,1878,1745,3623
2031,10-14,2158,2000,4158
2031,15-19,2318,2212,4530
2031,20-24,2168,1931,4099
2031,25-29,2543,2258,4801
2031,30-34,3324,3065,6389
2031,35-39,3614,3320,6934
2031,40-44,3537,3356,6893
2031,45-49,3704,3576,7280
2031,50-54,3726,3664,7390
2031,55-59,3257,3402,6659
2031,60-64,3420,3225,6645
2031,65-69,3173,3387,6560
2031,70-74,2797,2947,5744
2031,75-79,1991,2533,4524
2031,80-84,1073,1517,2590
2031,85-89,444,717,1161
2031,90-94,230,420,650
2031,95-99,78,138,216
2031,100+,0,0,0
2032,0-4,1740,1623,3363
2032,5-9,1868,1736,3604
2032,10-14,2050,1891,3941
2032,15-19,2293,2204,4497
2032,20-24,2238,2005,4243
2032,25-29,2410,2144,4554
2032,30-34,3139,2940,6079
2032,35-39,3616,3284,6900
2032,40-44,3642,3387,7029
2032,45-49,3510,3429,6939
2032,50-54,3804,3716,7520
2032,55-59,3329,3466,6795
2032,60-64,3354,3181,6535
2032,65-69,3156,3346,6502
2032,70-74,2865,3068,5933
2032,75-79,2021,2540,4561
2032,80-84,1221,1700,2921
2032,85-89,458,743,1201
2032,90-94,227,429,656
2032,95-99,77,146,223
2032,100+,0,0,0
2033,0-4,1699,1586,3285
2033,5-9,1853,1723,3576
2033,10-14,1960,1822,3782
2033,15-19,2326,2203,4529
2033,20-24,2229,2039,4268
2033,25-29,2309,2056,4365
2033,30-34,3015,2812,5827
2033,35-39,3551,3171,6722
2033,40-44,3668,3383,7051
2033,45-49,3378,3382,6760
2033,50-54,3823,3756,7579
2033,55-59,3447,3488,6935
2033,60-64,3263,3236,6499
2033,65-69,3143,3223,6366
2033,70-74,2874,3182,6056
2033,75-79,2160,2580,4740
2033,80-84,1298,1839,3137
2033,85-89,491,792,1283
2033,90-94,236,431,667
2033,95-99,79,155,234
2033,100+,0,0,0
2034,0-4,1655,1546,3201
2034,5-9,1836,1709,3545
2034,10-14,1897,1762,3659
2034,15-19,2325,2200,4525
2034,20-24,2215,2049,4264
2034,25-29,2252,1997,4249
2034,30-34,2869,2644,5513
2034,35-39,3491,3195,6686
2034,40-44,3642,3340,6982
2034,45-49,3327,3270,6597
2034,50-54,3868,3765,7633
2034,55-59,3479,3548,7027
2034,60-64,3148,3224,6372
2034,65-69,3194,3216,6410
2034,70-74,2866,3182,6048
2034,75-79,2257,2655,4912
2034,80-84,1374,1941,3315
2034,85-89,541,876,1417
2034,90-94,241,435,676
2034,95-99,80,159,239
2034,100+,0,0,0
2035,0-4,1607,1502,3109
2035,5-9,1812,1687,3499
2035,10-14,1887,1754,3641
2035,15-19,2259,2113,4372
2035,20-24,2265,2153,4418
2035,25-29,2188,1911,4099
2035,30-34,2683,2443,5126
2035,35-39,3443,3162,6605
2035,40-44,3587,3293,6880
2035,45-49,3386,3280,6666
2035,50-54,3773,3678,7451
2035,55-59,3570,3650,7220
2035,60-64,3102,3237,6339
2035,65-69,3151,3153,6304
2035,70-74,2900,3234,6134
2035,75-79,2304,2680,4984
2035,80-84,1494,2075,3569
2035,85-89,613,998,1611
2035,90-94,234,427,661
2035,95-99,81,164,245
2035,100+,0,0,0
2036,0-4,1559,1457,3016
2036,5-9,1780,1659,3439
2036,10-14,1878,1745,3623
2036,15-19,2158,2000,4158
2036,20-24,2318,2212,4530
2036,25-29,2168,1931,4099
2036,30-34,2541,2258,4799
2036,35-39,3300,3065,6365
2036,40-44,3575,3308,6883
2036,45-49,3472,3331,6803
2036,50-54,3607,3545,7152
2036,55-59,3601,3615,7216
2036,60-64,3114,3345,6459
2036,65-69,3211,3137,6348
2036,70-74,2874,3228,6102
2036,75-79,2377,2701,5078
2036,80-84,1531,2163,3694
2036,85-89,714,1152,1866
2036,90-94,232,431,663
2036,95-99,84,170,254
2036,100+,0,0,0
2037,0-4,1514,1416,2930
2037,5-9,1740,1623,3363
2037,10-14,1868,1736,3604
2037,15-19,2050,1891,3941
2037,20-24,2293,2204,4497
2037,25-29,2238,2005,4243
2037,30-34,2409,2144,4553
2037,35-39,3116,2940,6056
2037,40-44,3577,3274,6851
2037,45-49,3576,3362,6938
2037,50-54,3420,3400,6820
2037,55-59,3676,3666,7342
2037,60-64,3186,3410,6596
2037,65-69,3154,3097,6251
2037,70-74,2864,3194,6058
2037,75-79,2441,2820,5261
2037,80-84,1561,2176,3737
2037,85-89,818,1297,2115
2037,90-94,242,454,696
2037,95-99,84,177,261
2037,100+,0,0,0
2038,0-4,1472,1376,2848
2038,5-9,1699,1586,3285
2038,10-14,1853,1723,3576
2038,15-19,1960,1822,3782
2038,20-24,2326,2203,4529
2038,25-29,2229,2039,4268
2038,30-34,2309,2056,4365
2038,35-39,2994,2812,5806
2038,40-44,3513,3162,6675
2038,45-49,3602,3358,6960
2038,50-54,3294,3355,6649
2038,55-59,3698,3707,7405
2038,60-64,3303,3433,6736
2038,65-69,3072,3153,6225
2038,70-74,2859,3080,5939
2038,75-79,2456,2935,5391
2038,80-84,1677,2218,3895
2038,85-89,873,1406,2279
2038,90-94,264,493,757
2038,95-99,88,182,270
2038,100+,0,0,0
2039,0-4,1432,1338,2770
2039,5-9,1655,1546,3201
2039,10-14,1836,1709,3545
2039,15-19,1897,1762,3659
2039,20-24,2325,2200,4525
2039,25-29,2215,2049,4264
2039,30-34,2252,1997,4249
2039,35-39,2851,2644,5495
2039,40-44,3454,3186,6640
2039,45-49,3578,3316,6894
2039,50-54,3245,3244,6489
2039,55-59,3743,3718,7461
2039,60-64,3338,3492,6830
2039,65-69,2968,3144,6112
2039,70-74,2912,3077,5989
2039,75-79,2457,2941,5398
2039,80-84,1760,2292,4052
2039,85-89,927,1490,2417
2039,90-94,295,553,848
2039,95-99,91,185,276
2039,100+,0,0,0
2040,0-4,1397,1306,2703
2040,5-9,1607,1502,3109
2040,10-14,1812,1687,3499
2040,15-19,1887,1754,3641
2040,20-24,2259,2113,4372
2040,25-29,2265,2153,4418
2040,30-34,2188,1911,4099
2040,35-39,2666,2443,5109
2040,40-44,3406,3154,6560
2040,45-49,3524,3268,6792
2040,50-54,3303,3255,6558
2040,55-59,3649,3632,7281
2040,60-64,3424,3593,7017
2040,65-69,2925,3157,6082
2040,70-74,2874,3018,5892
2040,75-79,2486,2986,5472
2040,80-84,1796,2313,4109
2040,85-89,1008,1591,2599
2040,90-94,332,629,961
2040,95-99,88,182,270
2040,100+,0,0,0
2041,0-4,1367,1278,2645
2041,5-9,1559,1457,3016
2041,10-14,1780,1659,3439
2041,15-19,1878,1745,3623
2041,20-24,2158,2000,4158
2041,25-29,2318,2212,4530
2041,30-34,2168,1931,4099
2041,35-39,2526,2258,4784
2041,40-44,3264,3058,6322
2041,45-49,3511,3283,6794
2041,50-54,3386,3306,6692
2041,55-59,3490,3502,6992
2041,60-64,3453,3558,7011
2041,65-69,2939,3262,6201
2041,70-74,2928,3001,5929
2041,75-79,2462,2978,5440
2041,80-84,1852,2333,4185
2041,85-89,1031,1658,2689
2041,90-94,387,727,1114
2041,95-99,86,184,270
2041,100+,0,0,0
2042,0-4,1341,1253,2594
2042,5-9,1514,1416,2930
2042,10-14,1740,1623,3363
2042,15-19,1868,1736,3604
2042,20-24,2050,1891,3941
2042,25-29,2293,2204,4497
2042,30-34,2238,2005,4243
2042,35-39,2396,2144,4540
2042,40-44,3082,2934,6016
2042,45-49,3514,3249,6763
2042,50-54,3486,3336,6822
2042,55-59,3309,3361,6670
2042,60-64,3527,3609,7136
2042,65-69,3007,3326,6333
2042,70-74,2874,2964,5838
2042,75-79,2453,2946,5399
2042,80-84,1900,2437,4337
2042,85-89,1052,1667,2719
2042,90-94,443,815,1258
2042,95-99,90,196,286
2042,100+,0,0,0
2043,0-4,1319,1233,2552
2043,5-9,1472,1376,2848
2043,10-14,1699,1586,3285
2043,15-19,1853,1723,3576
2043,20-24,1960,1822,3782
2043,25-29,2326,2203,4529
2043,30-34,2229,2039,4268
2043,35-39,2297,2056,4353
2043,40-44,2961,2807,5768
2043,45-49,3451,3138,6589
2043,50-54,3511,3333,6844
2043,55-59,3187,3316,6503
2043,60-64,3547,3649,7196
2043,65-69,3118,3349,6467
2043,70-74,2798,3019,5817
2043,75-79,2451,2840,5291
2043,80-84,1912,2535,4447
2043,85-89,1131,1697,2828
2043,90-94,469,880,1349
2043,95-99,100,215,315
2043,100+,0,0,0
2044,0-4,1301,1217,2518
2044,5-9,1432,1338,2770
2044,10-14,1655,1546,3201
2044,15-19,1836,1709,3545
2044,20-24,1897,1762,3659
2044,25-29,2325,2200,4525
2044,30-34,2215,2049,4264
2044,35-39,2240,1997,4237
2044,40-44,2820,2640,5460
2044,45-49,3392,3162,6554
2044,50-54,3488,3290,6778
2044,55-59,3141,3207,6348
2044,60-64,3591,3659,7250
2044,65-69,3149,3406,6555
2044,70-74,2703,3012,5715
2044,75-79,2497,2839,5336
2044,80-84,1912,2538,4450
2044,85-89,1187,1754,2941
2044,90-94,496,930,1426
2044,95-99,113,243,356
2044,100+,0,0,0
2045,0-4,1289,1205,2494
2045,5-9,1397,1306,2703
2045,10-14,1607,1502,3109
2045,15-19,1812,1687,3499
2045,20-24,1887,1754,3641
2045,25-29,2259,2113,4372
2045,30-34,2265,2153,4418
2045,35-39,2177,1911,4088
2045,40-44,2637,2441,5078
2045,45-49,3345,3130,6475
2045,50-54,3436,3243,6679
2045,55-59,3202,3219,6421
2045,60-64,3503,3575,7078
2045,65-69,3234,3506,6740
2045,70-74,2669,3028,5697
2045,75-79,2470,2791,5261
2045,80-84,1941,2585,4526
2045,85-89,1218,1779,2997
2045,90-94,544,1002,1546
2045,95-99,129,280,409
2045,100+,0,0,0
2046,0-4,1279,1196,2475
2046,5-9,1367,1278,2645
2046,10-14,1559,1457,3016
2046,15-19,1780,1659,3439
2046,20-24,1878,1745,3623
2046,25-29,2158,2000,4158
2046,30-34,2318,2212,4530
2046,35-39,2158,1931,4089
2046,40-44,2499,2258,4757
2046,45-49,3206,3035,6241
2046,50-54,3426,3258,6684
2046,55-59,3285,3269,6554
2046,60-64,3352,3447,6799
2046,65-69,3266,3474,6740
2046,70-74,2687,3132,5819
2046,75-79,2521,2779,5300
2046,80-84,1927,2583,4510
2046,85-89,1259,1805,3064
2046,90-94,559,1053,1612
2046,95-99,151,327,478
2046,100+,0,0,0
2047,0-4,1269,1186,2455
2047,5-9,1341,1253,2594
2047,10-14,1514,1416,2930
2047,15-19,1740,1623,3363
2047,20-24,1868,1736,3604
2047,25-29,2050,1891,3941
2047,30-34,2293,2204,4497
2047,35-39,2228,2005,4233
2047,40-44,2370,2144,4514
2047,45-49,3027,2914,5941
2047,50-54,3429,3224,6653
2047,55-59,3382,3301,6683
2047,60-64,3181,3307,6488
2047,65-69,3338,3526,6864
2047,70-74,2754,3194,5948
2047,75-79,2476,2751,5227
2047,80-84,1928,2561,4489
2047,85-89,1295,1895,3190
2047,90-94,575,1066,1641
2047,95-99,174,372,546
2047,100+,0,0,0
2048,0-4,1258,1176,2434
2048,5-9,1319,1233,2552
2048,10-14,1472,1376,2848
2048,15-19,1699,1586,3285
2048,20-24,1853,1723,3576
2048,25-29,1960,1822,3782
2048,30-34,2326,2203,4529
2048,35-39,2219,2039,4258
2048,40-44,2271,2056,4327
2048,45-49,2910,2790,5700
2048,50-54,3367,3113,6480
2048,55-59,3404,3299,6703
2048,60-64,3066,3264,6330
2048,65-69,3361,3566,6927
2048,70-74,2860,3218,6078
2048,75-79,2413,2806,5219
2048,80-84,1934,2473,4407
2048,85-89,1312,1979,3291
2048,90-94,622,1090,1712
2048,95-99,185,403,588
2048,100+,0,0,0
2049,0-4,1248,1166,2414
2049,5-9,1301,1217,2518
2049,10-14,1432,1338,2770
2049,15-19,1655,1546,3201
2049,20-24,1836,1709,3545
2049,25-29,1897,1762,3659
2049,30-34,2325,2200,4525
2049,35-39,2207,2049,4256
2049,40-44,2215,1997,4212
2049,45-49,2772,2626,5398
2049,50-54,3309,3137,6446
2049,55-59,3382,3256,6638
2049,60-64,3023,3157,6180
2049,65-69,3404,3578,6982
2049,70-74,2891,3276,6167
2049,75-79,2338,2804,5142
2049,80-84,1977,2479,4456
2049,85-89,1317,1986,3303
2049,90-94,655,1134,1789
2049,95-99,197,428,625
2049,100+,0,0,0
2050,0-4,1237,1157,2394
2050,5-9,1289,1205,2494
2050,10-14,1397,1306,2703
2050,15-19,1607,1502,3109
2050,20-24,1812,1687,3499
2050,25-29,1887,1754,3641
2050,30-34,2259,2113,4372
2050,35-39,2257,2153,4410
2050,40-44,2153,1911,4064
2050,45-49,2593,2429,5022
2050,50-54,3263,3105,6368
2050,55-59,3330,3210,6540
2050,60-64,3082,3169,6251
2050,65-69,3320,3496,6816
2050,70-74,2967,3373,6340
2050,75-79,2308,2818,5126
2050,80-84,1957,2438,4395
2050,85-89,1336,2022,3358
2050,90-94,674,1151,1825
2050,95-99,217,460,677
2050,100+,0,0,0
2051,0-4,1224,1145,2369
2051,5-9,1279,1196,2475
2051,10-14,1367,1278,2645
2051,15-19,1559,1457,3016
2051,20-24,1780,1659,3439
2051,25-29,1878,1745,3623
2051,30-34,2158,2000,4158
2051,35-39,2309,2212,4521
2051,40-44,2134,1931,4065
2051,45-49,2457,2248,4705
2051,50-54,3129,3010,6139
2051,55-59,3320,3226,6546
2051,60-64,3162,3220,6382
2051,65-69,3177,3371,6548
2051,70-74,2999,3342,6341
2051,75-79,2327,2917,5244
2051,80-84,1994,2429,4423
2051,85-89,1324,2017,3341
2051,90-94,695,1172,1867
2051,95-99,221,483,704
2051,100+,0,0,0
2052,0-4,1208,1131,2339
2052,5-9,1269,1186,2455
2052,10-14,1341,1253,2594
2052,15-19,1514,1416,2930
2052,20-24,1740,1623,3363
2052,25-29,1868,1736,3604
2052,30-34,2050,1891,3941
2052,35-39,2285,2204,4489
2052,40-44,2203,2005,4208
2052,45-49,2331,2136,4467
2052,50-54,2956,2889,5845
2052,55-59,3325,3193,6518
2052,60-64,3254,3251,6505
2052,65-69,3015,3235,6250
2052,70-74,3065,3391,6456
2052,75-79,2388,2974,5362
2052,80-84,1954,2406,4360
2052,85-89,1323,1999,3322
2052,90-94,713,1230,1943
2052,95-99,227,486,713
2052,100+,0,0,0
2053,0-4,1191,1115,2306
2053,5-9,1258,1176,2434
2053,10-14,1319,1233,2552
2053,15-19,1472,1376,2848
2053,20-24,1699,1586,3285
2053,25-29,1853,1723,3576
2053,30-34,1960,1822,3782
2053,35-39,2317,2203,4520
2053,40-44,2195,2039,4234
2053,45-49,2234,2050,4284
2053,50-54,2841,2765,5606
2053,55-59,3266,3084,6350
2053,60-64,3275,3249,6524
2053,65-69,2907,3193,6100
2053,70-74,3088,3431,6519
2053,75-79,2481,2998,5479
2053,80-84,1901,2451,4352
2053,85-89,1329,1931,3260
2053,90-94,722,1283,2005
2053,95-99,246,496,742
2053,100+,0,0,0
2054,0-4,1172,1097,2269
2054,5-9,1248,1166,2414
2054,10-14,1301,1217,2518
2054,15-19,1432,1338,2770
2054,20-24,1655,1546,3201
2054,25-29,1836,1709,3545
2054,30-34,1897,1762,3659
2054,35-39,2315,2200,4515
2054,40-44,2183,2049,4232
2054,45-49,2179,1992,4171
2054,50-54,2705,2601,5306
2054,55-59,3209,3107,6316
2054,60-64,3253,3208,6461
2054,65-69,2869,3090,5959
2054,70-74,3126,3442,6568
2054,75-79,2504,3050,5554
2054,80-84,1846,2450,4296
2054,85-89,1360,1936,3296
2054,90-94,724,1285,2009
2054,95-99,259,517,776
2054,100+,0,0,0
2055,0-4,1151,1077,2228
2055,5-9,1237,1157,2394
2055,10-14,1289,1205,2494
2055,15-19,1397,1306,2703
2055,20-24,1607,1502,3109
2055,25-29,1812,1687,3499
2055,30-34,1887,1754,3641
2055,35-39,2250,2113,4363
2055,40-44,2232,2153,4385
2055,45-49,2118,1907,4025
2055,50-54,2530,2405,4935
2055,55-59,3166,3077,6243
2055,60-64,3206,3163,6369
2055,65-69,2928,3103,6031
2055,70-74,3052,3368,6420
2055,75-79,2572,3143,5715
2055,80-84,1829,2470,4299
2055,85-89,1351,1913,3264
2055,90-94,738,1316,2054
2055,95-99,269,533,802
2055,100+,0,0,0
2056,0-4,1130,1056,2186
2056,5-9,1224,1145,2369
2056,10-14,1279,1196,2475
2056,15-19,1367,1278,2645
2056,20-24,1559,1457,3016
2056,25-29,1780,1659,3439
2056,30-34,1878,1745,3623
2056,35-39,2150,2000,4150
2056,40-44,2284,2212,4496
2056,45-49,2100,1928,4028
2056,50-54,2398,2225,4623
2056,55-59,3035,2985,6020
2056,60-64,3199,3178,6377
2056,65-69,3004,3152,6156
2056,70-74,2923,3248,6171
2056,75-79,2608,3121,5729
2056,80-84,1854,2564,4418
2056,85-89,1381,1913,3294
2056,90-94,732,1320,2052
2056,95-99,278,549,827
2056,100+,0,0,0
2057,0-4,1109,1036,2145
2057,5-9,1208,1131,2339
2057,10-14,1269,1186,2455
2057,15-19,1341,1253,2594
2057,20-24,1514,1416,2930
2057,25-29,1740,1623,3363
2057,30-34,1868,1736,3604
2057,35-39,2044,1891,3935
2057,40-44,2260,2204,4464
2057,45-49,2168,2003,4171
2057,50-54,2275,2113,4388
2057,55-59,2868,2864,5732
2057,60-64,3204,3147,6351
2057,65-69,3094,3185,6279
2057,70-74,2777,3119,5896
2057,75-79,2672,3170,5842
2057,80-84,1906,2621,4527
2057,85-89,1356,1904,3260
2057,90-94,734,1317,2051
2057,95-99,286,583,869
2057,100+,0,0,0
2058,0-4,1088,1017,2105
2058,5-9,1191,1115,2306
2058,10-14,1258,1176,2434
2058,15-19,1319,1233,2552
2058,20-24,1472,1376,2848
2058,25-29,1699,1586,3285
2058,30-34,1853,1723,3576
2058,35-39,1956,1822,3778
2058,40-44,2292,2203,4495
2058,45-49,2160,2036,4196
2058,50-54,2182,2028,4210
2058,55-59,2757,2740,5497
2058,60-64,3150,3042,6192
2058,65-69,3116,3184,6300
2058,70-74,2682,3084,5766
2058,75-79,2697,3209,5906
2058,80-84,1987,2648,4635
2058,85-89,1322,1945,3267
2058,90-94,744,1278,2022
2058,95-99,291,614,905
2058,100+,0,0,0
2059,0-4,1068,998,2066
2059,5-9,1172,1097,2269
2059,10-14,1248,1166,2414
2059,15-19,1301,1217,2518
2059,20-24,1432,1338,2770
2059,25-29,1655,1546,3201
2059,30-34,1836,1709,3545
2059,35-39,1894,1762,3656
2059,40-44,2291,2200,4491
2059,45-49,2148,2046,4194
2059,50-54,2129,1971,4100
2059,55-59,2627,2576,5203
2059,60-64,3098,3067,6165
2059,65-69,3097,3145,6242
2059,70-74,2653,2985,5638
2059,75-79,2730,3224,5954
2059,80-84,2008,2699,4707
2059,85-89,1291,1951,3242
2059,90-94,766,1287,2053
2059,95-99,292,619,911
2059,100+,0,0,0
2060,0-4,1048,979,2027
2060,5-9,1151,1077,2228
2060,10-14,1237,1157,2394
2060,15-19,1289,1205,2494
2060,20-24,1397,1306,2703
2060,25-29,1607,1502,3109
2060,30-34,1812,1687,3499
2060,35-39,1884,1754,3638
2060,40-44,2227,2113,4340
2060,45-49,2196,2148,4344
2060,50-54,2069,1888,3957
2060,55-59,2459,2380,4839
2060,60-64,3054,3038,6092
2060,65-69,3054,3102,6156
2060,70-74,2706,2998,5704
2060,75-79,2665,3153,5818
2060,80-84,2059,2779,4838
2060,85-89,1278,1965,3243
2060,90-94,761,1273,2034
2060,95-99,297,631,928
2060,100+,0,0,0
2061,0-4,1027,961,1988
2061,5-9,1130,1056,2186
2061,10-14,1224,1145,2369
2061,15-19,1279,1196,2475
2061,20-24,1367,1278,2645
2061,25-29,1559,1457,3016
2061,30-34,1780,1659,3439
2061,35-39,1875,1745,3620
2061,40-44,2128,2000,4128
2061,45-49,2247,2207,4454
2061,50-54,2050,1908,3958
2061,55-59,2331,2200,4531
2061,60-64,2929,2947,5876
2061,65-69,3046,3116,6162
2061,70-74,2777,3046,5823
2061,75-79,2551,3038,5589
2061,80-84,2089,2761,4850
2061,85-89,1300,2041,3341
2061,90-94,778,1274,2052
2061,95-99,294,628,922
2061,100+,0,0,0
2062,0-4,1007,942,1949
2062,5-9,1109,1036,2145
2062,10-14,1208,1131,2339
2062,15-19,1269,1186,2455
2062,20-24,1341,1253,2594
2062,25-29,1514,1416,2930
2062,30-34,1740,1623,3363
2062,35-39,1865,1736,3601
2062,40-44,2022,1891,3913
2062,45-49,2223,2199,4422
2062,50-54,2118,1981,4099
2062,55-59,2212,2088,4300
2062,60-64,2768,2827,5595
2062,65-69,3054,3085,6139
2062,70-74,2862,3076,5938
2062,75-79,2422,2917,5339
2062,80-84,2141,2806,4947
2062,85-89,1337,2087,3424
2062,90-94,761,1269,2030
2062,95-99,296,628,924
2062,100+,0,0,0
2063,0-4,987,922,1909
2063,5-9,1088,1017,2105
2063,10-14,1191,1115,2306
2063,15-19,1258,1176,2434
2063,20-24,1319,1233,2552
2063,25-29,1472,1376,2848
2063,30-34,1699,1586,3285
2063,35-39,1850,1723,3573
2063,40-44,1934,1822,3756
2063,45-49,2255,2196,4451
2063,50-54,2110,2014,4124
2063,55-59,2122,2003,4125
2063,60-64,2661,2704,5365
2063,65-69,3002,2983,5985
2063,70-74,2883,3076,5959
2063,75-79,2340,2887,5227
2063,80-84,2163,2839,5002
2063,85-89,1395,2109,3504
2063,90-94,739,1295,2034
2063,95-99,303,610,913
2063,100+,0,0,0
2064,0-4,966,902,1868
2064,5-9,1068,998,2066
2064,10-14,1172,1097,2269
2064,15-19,1248,1166,2414
2064,20-24,1301,1217,2518
2064,25-29,1432,1338,2770
2064,30-34,1655,1546,3201
2064,35-39,1833,1709,3542
2064,40-44,1872,1762,3634
2064,45-49,2254,2192,4446
2064,50-54,2098,2024,4122
2064,55-59,2071,1946,4017
2064,60-64,2536,2543,5079
2064,65-69,2951,3007,5958
2064,70-74,2866,3037,5903
2064,75-79,2318,2797,5115
2064,80-84,2187,2850,5037
2064,85-89,1406,2150,3556
2064,90-94,722,1299,2021
2064,95-99,314,616,930
2064,100+,0,0,0
2065,0-4,944,882,1826
2065,5-9,1048,979,2027
2065,10-14,1151,1077,2228
2065,15-19,1237,1157,2394
2065,20-24,1289,1205,2494
2065,25-29,1397,1306,2703
2065,30-34,1607,1502,3109
2065,35-39,1810,1687,3497
2065,40-44,1862,1754,3616
2065,45-49,2191,2106,4297
2065,50-54,2146,2125,4271
2065,55-59,2013,1863,3876
2065,60-64,2374,2351,4725
2065,65-69,2912,2981,5893
2065,70-74,2827,2997,5824
2065,75-79,2372,2815,5187
2065,80-84,2134,2791,4925
2065,85-89,1445,2220,3665
2065,90-94,718,1318,2036
2065,95-99,312,616,928
2065,100+,0,0,0
