year,age_range,male,female,total
2019,0-4,4767,4387,9154
2019,5-9,4904,4620,9524
2019,10-14,4453,4187,8640
2019,15-19,5373,4831,10204
2019,20-24,6389,5974,12363
2019,25-29,7247,6630,13877
2019,30-34,7712,7451,15163
2019,35-39,9731,9475,19206
2019,40-44,9238,8730,17968
2019,45-49,7045,6882,13927
2019,50-54,6975,7107,14082
2019,55-59,7181,7577,14758
2019,60-64,6522,6733,13255
2019,65-69,4778,4872,9650
2019,70-74,2355,2410,4765
2019,75-79,1577,1833,3410
2019,80-84,893,1463,2356
2019,85-89,440,827,1267
2019,90-94,146,290,436
2019,95-99,26,65,91
2019,100+,3,12,15
2020,0-4,4522,4177,8699
2020,5-9,5202,4900,10102
2020,10-14,4320,4123,8443
2020,15-19,5045,4468,9513
2020,20-24,6302,5838,12140
2020,25-29,7046,6537,13583
2020,30-34,7538,7150,14688
2020,35-39,9486,9310,18796
2020,40-44,9541,9109,18650
2020,45-49,7315,6973,14288
2020,50-54,6891,6944,13835
2020,55-59,7104,7559,14663
2020,60-64,6591,6906,13497
2020,65-69,5217,5406,10623
2020,70-74,2637,2761,5398
2020,75-79,1572,1761,3333
2020,80-84,961,1502,2463
2020,85-89,453,875,1328
2020,90-94,184,333,517
2020,95-99,29,72,101
2020,100+,0,0,0
2021,0-4,4403,4066,8469
2021,5-9,5256,4992,10248
2021,10-14,4345,4118,8463
2021,15-19,4875,4303,9178
2021,20-24,6045,5524,11569
2021,25-29,6952,6516,13468
2021,30-34,7465,7037,14502
2021,35-39,8948,8772,17720
2021,40-44,9716,9323,19039
2021,45-49,7734,7431,15165
2021,50-54,6852,6796,13648
2021,55-59,7007,7443,14450
2021,60-64,6574,7031,13605
2021,65-69,5425,5652,11077
2021,70-74,3284,3451,6735
2021,75-79,1538,1695,3233
2021,80-84,1031,1511,2542
2021,85-89,473,946,1419
2021,90-94,199,365,564
2021,95-99,29,81,110
2021,100+,0,0,0
2022,0-4,4316,3967,8283
2022,5-9,5061,4858,9919
2022,10-14,4706,4376,9082
2022,15-19,4669,4196,8865
2022,20-24,5719,5164,10883
2022,25-29,6880,6505,13385
2022,30-34,7422,6873,14295
2022,35-39,8388,8222,16610
2022,40-44,9877,9581,19458
2022,45-49,8181,7766,15947
2022,50-54,6782,6855,13637
2022,55-59,6841,7237,14078
2022,60-64,6734,7247,13981
2022,65-69,5623,5861,11484
2022,70-74,3731,3927,7658
2022,75-79,1563,1784,3347
2022,80-84,1079,1513,2592
2022,85-89,509,975,1484
2022,90-94,207,401,608
2022,95-99,43,88,131
2022,100+,0,0,0
2023,0-4,4298,3975,8273
2023,5-9,5009,4708,9717
2023,10-14,4763,4467,9230
2023,15-19,4526,4218,8744
2023,20-24,5567,4986,10553
2023,25-29,6622,6242,12864
2023,30-34,7301,6691,13992
2023,35-39,8006,7814,15820
2023,40-44,9838,9630,19468
2023,45-49,8625,8155,16780
2023,50-54,6823,6821,13644
2023,55-59,6695,7146,13841
2023,60-64,6883,7358,14241
2023,65-69,5805,6182,11987
2023,70-74,4046,4278,8324
2023,75-79,1714,1954,3668
2023,80-84,1135,1512,2647
2023,85-89,547,1027,1574
2023,90-94,211,433,644
2023,95-99,49,103,152
2023,100+,0,0,0
2024,0-4,4403,4094,8497
2024,5-9,4767,4387,9154
2024,10-14,4904,4620,9524
2024,15-19,4453,4187,8640
2024,20-24,5358,4831,10189
2024,25-29,6364,5974,12338
2024,30-34,7217,6615,13832
2024,35-39,7655,7426,15081
2024,40-44,9612,9433,19045
2024,45-49,9061,8674,17735
2024,50-54,6856,6813,13669
2024,55-59,6717,7005,13722
2024,60-64,6827,7420,14247
2024,65-69,6071,6513,12584
2024,70-74,4279,4603,8882
2024,75-79,1978,2187,4165
2024,80-84,1182,1533,2715
2024,85-89,570,1065,1635
2024,90-94,220,473,693
2024,95-99,52,108,160
2024,100+,0,0,0
2025,0-4,4396,4088,8484
2025,5-9,4522,4177,8699
2025,10-14,5202,4900,10102
2025,15-19,4320,4123,8443
2025,20-24,5034,4468,9502
2025,25-29,6277,5838,12115
2025,30-34,7018,6523,13541
2025,35-39,7483,7125,14608
2025,40-44,9370,9270,18640
2025,45-49,9361,9050,18411
2025,50-54,7120,6904,14024
2025,55-59,6639,6846,13485
2025,60-64,6758,7406,14164
2025,65-69,6143,6686,12829
2025,70-74,4676,5116,9792
2025,75-79,2219,2508,4727
2025,80-84,1182,1474,2656
2025,85-89,618,1098,1716
2025,90-94,230,507,737
2025,95-99,66,126,192
2025,100+,0,0,0
2026,0-4,4362,4058,8420
2026,5-9,4403,4066,8469
2026,10-14,5256,4992,10248
2026,15-19,4345,4118,8463
2026,20-24,4867,4303,9170
2026,25-29,6020,5524,11544
2026,30-34,6925,6503,13428
2026,35-39,7411,7012,14423
2026,40-44,8840,8735,17575
2026,45-49,9533,9264,18797
2026,50-54,7529,7360,14889
2026,55-59,6605,6702,13307
2026,60-64,6669,7295,13964
2026,65-69,6136,6815,12951
2026,70-74,4876,5357,10233
2026,75-79,2771,3141,5912
2026,80-84,1157,1422,2579
2026,85-89,665,1111,1776
2026,90-94,242,554,796
2026,95-99,69,140,209
2026,100+,0,0,0
2027,0-4,4298,3998,8296
2027,5-9,4316,3967,8283
2027,10-14,5061,4858,9919
2027,15-19,4706,4376,9082
2027,20-24,4665,4196,8861
2027,25-29,5694,5164,10858
2027,30-34,6853,6493,13346
2027,35-39,7371,6848,14219
2027,40-44,8286,8187,16473
2027,45-49,9692,9521,19213
2027,50-54,7968,7692,15660
2027,55-59,6540,6762,13302
2027,60-64,6516,7096,13612
2027,65-69,6291,7030,13321
2027,70-74,5059,5559,10618
2027,75-79,3148,3579,6727
2027,80-84,1181,1503,2684
2027,85-89,700,1112,1812
2027,90-94,262,573,835
2027,95-99,73,155,228
2027,100+,0,0,0
2028,0-4,4232,3939,8171
2028,5-9,4298,3975,8273
2028,10-14,5009,4708,9717
2028,15-19,4763,4467,9230
2028,20-24,4526,4218,8744
2028,25-29,5543,4986,10529
2028,30-34,6596,6231,12827
2028,35-39,7252,6666,13918
2028,40-44,7910,7782,15692
2028,45-49,9653,9570,19223
2028,50-54,8400,8078,16478
2028,55-59,6584,6730,13314
2028,60-64,6383,7010,13393
2028,65-69,6434,7143,13577
2028,70-74,5226,5868,11094
2028,75-79,3416,3901,7317
2028,80-84,1304,1657,2961
2028,85-89,740,1117,1857
2028,90-94,281,606,887
2028,95-99,75,170,245
2028,100+,0,0,0
2029,0-4,4167,3881,8048
2029,5-9,4403,4094,8497
2029,10-14,4767,4387,9154
2029,15-19,4904,4620,9524
2029,20-24,4453,4187,8640
2029,25-29,5339,4831,10170
2029,30-34,6338,5965,12303
2029,35-39,7169,6590,13759
2029,40-44,7565,7397,14962
2029,45-49,9431,9375,18806
2029,50-54,8826,8592,17418
2029,55-59,6619,6723,13342
2029,60-64,6409,6874,13283
2029,65-69,6388,7206,13594
2029,70-74,5472,6188,11660
2029,75-79,3615,4200,7815
2029,80-84,1518,1865,3383
2029,85-89,769,1139,1908
2029,90-94,294,631,925
2029,95-99,78,186,264
2029,100+,0,0,0
2030,0-4,4095,3817,7912
2030,5-9,4396,4088,8484
2030,10-14,4522,4177,8699
2030,15-19,5202,4900,10102
2030,20-24,4320,4123,8443
2030,25-29,5019,4468,9487
2030,30-34,6251,5831,12082
2030,35-39,6970,6498,13468
2030,40-44,7397,7097,14494
2030,45-49,9194,9213,18407
2030,50-54,9115,8966,18081
2030,55-59,6874,6814,13688
2030,60-64,6336,6716,13052
2030,65-69,6323,7192,13515
2030,70-74,5537,6354,11891
2030,75-79,3945,4665,8610
2030,80-84,1703,2136,3839
2030,85-89,769,1092,1861
2030,90-94,320,650,970
2030,95-99,83,202,285
2030,100+,0,0,0
2031,0-4,4017,3746,7763
2031,5-9,4362,4058,8420
2031,10-14,4403,4066,8469
2031,15-19,5256,4992,10248
2031,20-24,4345,4118,8463
2031,25-29,4855,4303,9158
2031,30-34,5994,5520,11514
2031,35-39,6878,6478,13356
2031,40-44,7325,6984,14309
2031,45-49,8672,8680,17352
2031,50-54,9281,9178,18459
2031,55-59,7269,7263,14532
2031,60-64,6303,6574,12877
2031,65-69,6239,7082,13321
2031,70-74,5533,6478,12011
2031,75-79,4121,4891,9012
2031,80-84,2130,2674,4804
2031,85-89,749,1051,1800
2031,90-94,343,658,1001
2031,95-99,87,222,309
2031,100+,0,0,0
2032,0-4,3936,3673,7609
2032,5-9,4298,3998,8296
2032,10-14,4316,3967,8283
2032,15-19,5061,4858,9919
2032,20-24,4705,4376,9081
2032,25-29,4656,4196,8852
2032,30-34,5669,5161,10830
2032,35-39,6806,6468,13274
2032,40-44,7284,6821,14105
2032,45-49,8131,8135,16266
2032,50-54,9435,9433,18868
2032,55-59,7691,7591,15282
2032,60-64,6241,6633,12874
2032,65-69,6097,6886,12983
2032,70-74,5672,6679,12351
2032,75-79,4274,5074,9348
2032,80-84,2410,3043,5453
2032,85-89,767,1113,1880
2032,90-94,361,654,1015
2032,95-99,95,227,322
2032,100+,0,0,0
2033,0-4,3864,3607,7471
2033,5-9,4232,3939,8171
2033,10-14,4298,3975,8273
2033,15-19,5009,4708,9717
2033,20-24,4761,4467,9228
2033,25-29,4520,4218,8738
2033,30-34,5518,4982,10500
2033,35-39,6551,6209,12760
2033,40-44,7166,6640,13806
2033,45-49,7762,7731,15493
2033,50-54,9397,9482,18879
2033,55-59,8106,7970,16076
2033,60-64,6282,6604,12886
2033,65-69,5973,6801,12774
2033,70-74,5801,6784,12585
2033,75-79,4410,5354,9764
2033,80-84,2610,3313,5923
2033,85-89,856,1236,2092
2033,90-94,381,658,1039
2033,95-99,101,239,340
2033,100+,0,0,0
2034,0-4,3798,3547,7345
2034,5-9,4167,3881,8048
2034,10-14,4403,4094,8497
2034,15-19,4767,4387,9154
2034,20-24,4901,4620,9521
2034,25-29,4448,4187,8635
2034,30-34,5315,4828,10143
2034,35-39,6296,5944,12240
2034,40-44,7084,6564,13648
2034,45-49,7425,7349,14774
2034,50-54,9183,9288,18471
2034,55-59,8517,8479,16996
2034,60-64,6315,6598,12913
2034,65-69,6001,6670,12671
2034,70-74,5757,6843,12600
2034,75-79,4618,5644,10262
2034,80-84,2758,3564,6322
2034,85-89,1002,1400,2402
2034,90-94,394,673,1067
2034,95-99,105,247,352
2034,100+,0,0,0
2035,0-4,3734,3487,7221
2035,5-9,4095,3817,7912
2035,10-14,4396,4088,8484
2035,15-19,4522,4177,8699
2035,20-24,5199,4900,10099
2035,25-29,4319,4123,8442
2035,30-34,4994,4468,9462
2035,35-39,6213,5809,12022
2035,40-44,6889,6473,13362
2035,45-49,7262,7052,14314
2035,50-54,8956,9128,18084
2035,55-59,8801,8851,17652
2035,60-64,6565,6692,13257
2035,65-69,5943,6525,12468
2035,70-74,5709,6842,12551
2035,75-79,4689,5813,10502
2035,80-84,3022,3973,6995
2035,85-89,1131,1613,2744
2035,90-94,397,651,1048
2035,95-99,117,259,376
2035,100+,0,0,0
2036,0-4,3673,3431,7104
2036,5-9,4017,3746,7763
2036,10-14,4362,4058,8420
2036,15-19,4403,4066,8469
2036,20-24,5253,4992,10245
2036,25-29,4345,4118,8463
2036,30-34,4833,4303,9136
2036,35-39,5958,5499,11457
2036,40-44,6801,6453,13254
2036,45-49,7191,6942,14133
2036,50-54,8449,8603,17052
2036,55-59,8969,9063,18032
2036,60-64,6952,7138,14090
2036,65-69,5921,6396,12317
2036,70-74,5646,6749,12395
2036,75-79,4704,5944,10648
2036,80-84,3181,4190,7371
2036,85-89,1424,2035,3459
2036,90-94,389,633,1022
2036,95-99,126,269,395
2036,100+,0,0,0
2037,0-4,3626,3387,7013
2037,5-9,3936,3673,7609
2037,10-14,4298,3998,8296
2037,15-19,4316,3967,8283
2037,20-24,5061,4858,9919
2037,25-29,4703,4376,9079
2037,30-34,4638,4196,8834
2037,35-39,5635,5144,10779
2037,40-44,6732,6443,13175
2037,45-49,7153,6781,13934
2037,50-54,7923,8064,15987
2037,55-59,9122,9318,18440
2037,60-64,7363,7464,14827
2037,65-69,5870,6459,12329
2037,70-74,5529,6571,12100
2037,75-79,4839,6142,10981
2037,80-84,3309,4360,7669
2037,85-89,1614,2323,3937
2037,90-94,403,681,1084
2037,95-99,134,270,404
2037,100+,0,0,0
2038,0-4,3586,3350,6936
2038,5-9,3864,3607,7471
2038,10-14,4232,3939,8171
2038,15-19,4298,3975,8273
2038,20-24,5009,4708,9717
2038,25-29,4760,4467,9227
2038,30-34,4504,4218,8722
2038,35-39,5486,4969,10455
2038,40-44,6482,6184,12666
2038,45-49,7038,6602,13640
2038,50-54,7567,7666,15233
2038,55-59,9091,9368,18459
2038,60-64,7769,7840,15609
2038,65-69,5918,6436,12354
2038,70-74,5432,6501,11933
2038,75-79,4961,6249,11210
2038,80-84,3425,4614,8039
2038,85-89,1753,2536,4289
2038,90-94,460,771,1231
2038,95-99,144,277,421
2038,100+,0,0,0
2039,0-4,3549,3316,6865
2039,5-9,3798,3547,7345
2039,10-14,4167,3881,8048
2039,15-19,4403,4094,8497
2039,20-24,4767,4387,9154
2039,25-29,4901,4620,9521
2039,30-34,4434,4187,8621
2039,35-39,5284,4818,10102
2039,40-44,6231,5919,12150
2039,45-49,6959,6528,13487
2039,50-54,7240,7287,14527
2039,55-59,8887,9179,18066
2039,60-64,8168,8343,16511
2039,65-69,5960,6436,12396
2039,70-74,5473,6387,11860
2039,75-79,4935,6315,11250
2039,80-84,3599,4877,8476
2039,85-89,1859,2737,4596
2039,90-94,547,890,1437
2039,95-99,151,291,442
2039,100+,0,0,0
2040,0-4,3522,3292,6814
2040,5-9,3734,3487,7221
2040,10-14,4095,3817,7912
2040,15-19,4396,4088,8484
2040,20-24,4522,4177,8699
2040,25-29,5198,4900,10098
2040,30-34,4306,4123,8429
2040,35-39,4965,4461,9426
2040,40-44,6147,5784,11931
2040,45-49,6768,6438,13206
2040,50-54,7082,6993,14075
2040,55-59,8666,9020,17686
2040,60-64,8438,8710,17148
2040,65-69,6195,6527,12722
2040,70-74,5417,6248,11665
2040,75-79,4891,6314,11205
2040,80-84,3651,5023,8674
2040,85-89,2033,3047,5080
2040,90-94,616,1021,1637
2040,95-99,151,279,430
2040,100+,0,0,0
2041,0-4,3503,3275,6778
2041,5-9,3673,3431,7104
2041,10-14,4017,3746,7763
2041,15-19,4362,4058,8420
2041,20-24,4403,4066,8469
2041,25-29,5251,4992,10243
2041,30-34,4332,4118,8450
2041,35-39,4805,4298,9103
2041,40-44,5895,5474,11369
2041,45-49,6681,6418,13099
2041,50-54,7013,6884,13897
2041,55-59,8175,8500,16675
2041,60-64,8600,8918,17518
2041,65-69,6562,6963,13525
2041,70-74,5397,6122,11519
2041,75-79,4835,6227,11062
2041,80-84,3666,5137,8803
2041,85-89,2149,3223,5372
2041,90-94,776,1291,2067
2041,95-99,146,270,416
2041,100+,0,0,0
2042,0-4,3486,3260,6746
2042,5-9,3626,3387,7013
2042,10-14,3936,3673,7609
2042,15-19,4298,3998,8296
2042,20-24,4316,3967,8283
2042,25-29,5061,4858,9919
2042,30-34,4687,4376,9063
2042,35-39,4611,4192,8803
2042,40-44,5576,5120,10696
2042,45-49,6614,6408,13022
2042,50-54,6974,6724,13698
2042,55-59,7666,7968,15634
2042,60-64,8748,9167,17915
2042,65-69,6949,7281,14230
2042,70-74,5348,6181,11529
2042,75-79,4737,6061,10798
2042,80-84,3770,5303,9073
2042,85-89,2231,3349,5580
2042,90-94,872,1466,2338
2042,95-99,153,293,446
2042,100+,0,0,0
2043,0-4,3470,3244,6714
2043,5-9,3586,3350,6936
2043,10-14,3864,3607,7471
2043,15-19,4232,3939,8171
2043,20-24,4298,3975,8273
2043,25-29,5008,4708,9716
2043,30-34,4744,4467,9211
2043,35-39,4477,4215,8692
2043,40-44,5428,4946,10374
2043,45-49,6368,6149,12517
2043,50-54,6863,6546,13409
2043,55-59,7322,7574,14896
2043,60-64,8719,9216,17935
2043,65-69,7332,7649,14981
2043,70-74,5393,6160,11553
2043,75-79,4654,5996,10650
2043,80-84,3863,5394,9257
2043,85-89,2304,3539,5843
2043,90-94,940,1593,2533
2043,95-99,177,338,515
2043,100+,0,0,0
2044,0-4,3453,3227,6680
2044,5-9,3549,3316,6865
2044,10-14,3798,3547,7345
2044,15-19,4167,3881,8048
2044,20-24,4403,4094,8497
2044,25-29,4766,4387,9153
2044,30-34,4884,4620,9504
2044,35-39,4407,4185,8592
2044,40-44,5228,4795,10023
2044,45-49,6121,5885,12006
2044,50-54,6786,6473,13259
2044,55-59,7007,7200,14207
2044,60-64,8522,9029,17551
2044,65-69,7707,8140,15847
2044,70-74,5435,6161,11596
2044,75-79,4693,5894,10587
2044,80-84,3841,5450,9291
2044,85-89,2419,3735,6154
2044,90-94,995,1714,2709
2044,95-99,213,395,608
2044,100+,0,0,0
2045,0-4,3442,3217,6659
2045,5-9,3522,3292,6814
2045,10-14,3734,3487,7221
2045,15-19,4095,3817,7912
2045,20-24,4396,4088,8484
2045,25-29,4522,4177,8699
2045,30-34,5180,4900,10080
2045,35-39,4280,4121,8401
2045,40-44,4914,4439,9353
2045,45-49,6039,5752,11791
2045,50-54,6602,6385,12987
2045,55-59,6857,6911,13768
2045,60-64,8317,8876,17193
2045,65-69,7971,8500,16471
2045,70-74,5661,6258,11919
2045,75-79,4654,5778,10432
2045,80-84,3817,5465,9282
2045,85-89,2464,3871,6335
2045,90-94,1095,1923,3018
2045,95-99,239,457,696
2045,100+,0,0,0
2046,0-4,3434,3209,6643
2046,5-9,3503,3275,6778
2046,10-14,3673,3431,7104
2046,15-19,4017,3746,7763
2046,20-24,4362,4058,8420
2046,25-29,4403,4066,8469
2046,30-34,5235,4992,10227
2046,35-39,4307,4116,8423
2046,40-44,4756,4277,9033
2046,45-49,5792,5445,11237
2046,50-54,6519,6367,12886
2046,55-59,6794,6804,13598
2046,60-64,7850,8367,16217
2046,65-69,8134,8708,16842
2046,70-74,6008,6685,12693
2046,75-79,4645,5670,10315
2046,80-84,3784,5405,9189
2046,85-89,2488,3981,6469
2046,90-94,1172,2059,3231
2046,95-99,305,589,894
2046,100+,0,0,0
2047,0-4,3419,3194,6613
2047,5-9,3486,3260,6746
2047,10-14,3626,3387,7013
2047,15-19,3936,3673,7609
2047,20-24,4298,3998,8296
2047,25-29,4316,3967,8283
2047,30-34,5046,4858,9904
2047,35-39,4661,4373,9034
2047,40-44,4564,4172,8736
2047,45-49,5479,5094,10573
2047,50-54,6454,6357,12811
2047,55-59,6759,6649,13408
2047,60-64,7367,7845,15212
2047,65-69,8280,8959,17239
2047,70-74,6369,6996,13365
2047,75-79,4615,5731,10346
2047,80-84,3718,5270,8988
2047,85-89,2572,4122,6694
2047,90-94,1218,2151,3369
2047,95-99,343,672,1015
2047,100+,0,0,0
2048,0-4,3399,3177,6576
2048,5-9,3470,3244,6714
2048,10-14,3586,3350,6936
2048,15-19,3864,3607,7471
2048,20-24,4232,3939,8171
2048,25-29,4298,3975,8273
2048,30-34,4995,4708,9703
2048,35-39,4719,4464,9183
2048,40-44,4431,4194,8625
2048,45-49,5336,4919,10255
2048,50-54,6213,6101,12314
2048,55-59,6654,6475,13129
2048,60-64,7041,7460,14501
2048,65-69,8260,9010,17270
2048,70-74,6730,7356,14086
2048,75-79,4663,5724,10387
2048,80-84,3667,5225,8892
2048,85-89,2645,4205,6850
2048,90-94,1261,2285,3546
2048,95-99,371,733,1104
2048,100+,0,0,0
2049,0-4,3376,3156,6532
2049,5-9,3453,3227,6680
2049,10-14,3549,3316,6865
2049,15-19,3798,3547,7345
2049,20-24,4167,3881,8048
2049,25-29,4403,4094,8497
2049,30-34,4755,4387,9142
2049,35-39,4859,4617,9476
2049,40-44,4363,4165,8528
2049,45-49,5138,4768,9906
2049,50-54,5973,5839,11812
2049,55-59,6580,6403,12983
2049,60-64,6742,7094,13836
2049,65-69,8080,8833,16913
2049,70-74,7084,7833,14917
2049,75-79,4714,5733,10447
2049,80-84,3713,5150,8863
2049,85-89,2639,4263,6902
2049,90-94,1330,2422,3752
2049,95-99,394,792,1186
2049,100+,0,0,0
2050,0-4,3346,3128,6474
2050,5-9,3442,3217,6659
2050,10-14,3522,3292,6814
2050,15-19,3734,3487,7221
2050,20-24,4095,3817,7912
2050,25-29,4396,4088,8484
2050,30-34,4513,4177,8690
2050,35-39,5153,4894,10047
2050,40-44,4238,4103,8341
2050,45-49,4830,4414,9244
2050,50-54,5893,5706,11599
2050,55-59,6402,6316,12718
2050,60-64,6600,6810,13410
2050,65-69,7886,8681,16567
2050,70-74,7321,8178,15499
2050,75-79,4910,5824,10734
2050,80-84,3680,5047,8727
2050,85-89,2618,4274,6892
2050,90-94,1352,2514,3866
2050,95-99,433,887,1320
2050,100+,0,0,0
2051,0-4,3313,3097,6410
2051,5-9,3434,3209,6643
2051,10-14,3503,3275,6778
2051,15-19,3673,3431,7104
2051,20-24,4017,3746,7763
2051,25-29,4362,4058,8420
2051,30-34,4396,4066,8462
2051,35-39,5208,4984,10192
2051,40-44,4265,4099,8364
2051,45-49,4676,4252,8928
2051,50-54,5652,5400,11052
2051,55-59,6320,6298,12618
2051,60-64,6538,6706,13244
2051,65-69,7443,8182,15625
2051,70-74,7471,8378,15849
2051,75-79,5215,6224,11439
2051,80-84,3672,4952,8624
2051,85-89,2592,4222,6814
2051,90-94,1369,2589,3958
2051,95-99,466,955,1421
2051,100+,0,0,0
2052,0-4,3273,3060,6333
2052,5-9,3419,3194,6613
2052,10-14,3486,3260,6746
2052,15-19,3626,3387,7013
2052,20-24,3936,3673,7609
2052,25-29,4298,3998,8296
2052,30-34,4310,3967,8277
2052,35-39,5020,4852,9872
2052,40-44,4617,4353,8970
2052,45-49,4487,4147,8634
2052,50-54,5347,5052,10399
2052,55-59,6257,6288,12545
2052,60-64,6504,6553,13057
2052,65-69,6984,7670,14654
2052,70-74,7603,8619,16222
2052,75-79,5528,6516,12044
2052,80-84,3644,5004,8648
2052,85-89,2548,4111,6659
2052,90-94,1417,2673,4090
2052,95-99,481,992,1473
2052,100+,0,0,0
2053,0-4,3233,3021,6254
2053,5-9,3399,3177,6576
2053,10-14,3470,3244,6714
2053,15-19,3586,3350,6936
2053,20-24,3864,3607,7471
2053,25-29,4232,3939,8171
2053,30-34,4292,3975,8267
2053,35-39,4968,4703,9671
2053,40-44,4673,4443,9116
2053,45-49,4357,4169,8526
2053,50-54,5206,4880,10086
2053,55-59,6024,6034,12058
2053,60-64,6403,6381,12784
2053,65-69,6677,7294,13971
2053,70-74,7584,8669,16253
2053,75-79,5839,6849,12688
2053,80-84,3684,5002,8686
2053,85-89,2518,4078,6596
2053,90-94,1455,2723,4178
2053,95-99,495,1049,1544
2053,100+,0,0,0
2054,0-4,3196,2986,6182
2054,5-9,3376,3156,6532
2054,10-14,3453,3227,6680
2054,15-19,3549,3316,6865
2054,20-24,3798,3547,7345
2054,25-29,4167,3881,8048
2054,30-34,4396,4094,8490
2054,35-39,4730,4383,9113
2054,40-44,4811,4594,9405
2054,45-49,4290,4140,8430
2054,50-54,5014,4732,9746
2054,55-59,5791,5775,11566
2054,60-64,6332,6310,12642
2054,65-69,6395,6937,13332
2054,70-74,7418,8497,15915
2054,75-79,6146,7295,13441
2054,80-84,3732,5011,8743
2054,85-89,2553,4023,6576
2054,90-94,1451,2760,4211
2054,95-99,522,1110,1632
2054,100+,0,0,0
2055,0-4,3156,2947,6103
2055,5-9,3346,3128,6474
2055,10-14,3442,3217,6659
2055,15-19,3522,3292,6814
2055,20-24,3734,3487,7221
2055,25-29,4095,3817,7912
2055,30-34,4390,4088,8478
2055,35-39,4489,4175,8664
2055,40-44,5103,4870,9973
2055,45-49,4168,4078,8246
2055,50-54,4715,4381,9096
2055,55-59,5717,5646,11363
2055,60-64,6165,6227,12392
2055,65-69,6266,6663,12929
2055,70-74,7248,8358,15606
2055,75-79,6359,7625,13984
2055,80-84,3901,5105,9006
2055,85-89,2538,3960,6498
2055,90-94,1443,2786,4229
2055,95-99,534,1168,1702
2055,100+,0,0,0
2056,0-4,3112,2906,6018
2056,5-9,3313,3097,6410
2056,10-14,3434,3209,6643
2056,15-19,3503,3275,6778
2056,20-24,3673,3431,7104
2056,25-29,4017,3746,7763
2056,30-34,4357,4058,8415
2056,35-39,4371,4065,8436
2056,40-44,5159,4961,10120
2056,45-49,4194,4074,8268
2056,50-54,4567,4223,8790
2056,55-59,5485,5345,10830
2056,60-64,6091,6212,12303
2056,65-69,6211,6564,12775
2056,70-74,6848,7881,14729
2056,75-79,6501,7826,14327
2056,80-84,4161,5475,9636
2056,85-89,2540,3899,6439
2056,90-94,1434,2766,4200
2056,95-99,547,1218,1765
2056,100+,0,0,0
2057,0-4,3070,2867,5937
2057,5-9,3273,3060,6333
2057,10-14,3419,3194,6613
2057,15-19,3486,3260,6746
2057,20-24,3626,3387,7013
2057,25-29,3936,3673,7609
2057,30-34,4295,3998,8293
2057,35-39,4285,3967,8252
2057,40-44,4972,4831,9803
2057,45-49,4542,4328,8870
2057,50-54,4383,4120,8503
2057,55-59,5191,5002,10193
2057,60-64,6034,6204,12238
2057,65-69,6182,6417,12599
2057,70-74,6434,7395,13829
2057,75-79,6627,8062,14689
2057,80-84,4419,5746,10165
2057,85-89,2527,3953,6480
2057,90-94,1416,2703,4119
2057,95-99,569,1263,1832
2057,100+,0,0,0
2058,0-4,3027,2828,5855
2058,5-9,3233,3021,6254
2058,10-14,3399,3177,6576
2058,15-19,3470,3244,6714
2058,20-24,3586,3350,6936
2058,25-29,3864,3607,7471
2058,30-34,4229,3939,8168
2058,35-39,4269,3975,8244
2058,40-44,4921,4684,9605
2058,45-49,4598,4418,9016
2058,50-54,4257,4142,8399
2058,55-59,5056,4832,9888
2058,60-64,5812,5956,11768
2058,65-69,6091,6251,12342
2058,70-74,6161,7039,13200
2058,75-79,6620,8113,14733
2058,80-84,4678,6054,10732
2058,85-89,2569,3967,6536
2058,90-94,1407,2698,4105
2058,95-99,587,1294,1881
2058,100+,0,0,0
2059,0-4,2986,2790,5776
2059,5-9,3196,2986,6182
2059,10-14,3376,3156,6532
2059,15-19,3453,3227,6680
2059,20-24,3549,3316,6865
2059,25-29,3798,3547,7345
2059,30-34,4164,3881,8045
2059,35-39,4374,4094,8468
2059,40-44,4685,4367,9052
2059,45-49,4734,4569,9303
2059,50-54,4191,4115,8306
2059,55-59,4871,4684,9555
2059,60-64,5589,5701,11290
2059,65-69,6028,6185,12213
2059,70-74,5910,6697,12607
2059,75-79,6483,7959,14442
2059,80-84,4935,6459,11394
2059,85-89,2619,3990,6609
2059,90-94,1436,2678,4114
2059,95-99,588,1321,1909
2059,100+,0,0,0
2060,0-4,2946,2754,5700
2060,5-9,3156,2947,6103
2060,10-14,3346,3128,6474
2060,15-19,3442,3217,6659
2060,20-24,3522,3292,6814
2060,25-29,3734,3487,7221
2060,30-34,4092,3817,7909
2060,35-39,4368,4088,8456
2060,40-44,4446,4161,8607
2060,45-49,5020,4845,9865
2060,50-54,4071,4052,8123
2060,55-59,4580,4337,8917
2060,60-64,5518,5573,11091
2060,65-69,5870,6105,11975
2060,70-74,5794,6433,12227
2060,75-79,6331,7824,14155
2060,80-84,5100,6743,11843
2060,85-89,2738,4067,6805
2060,90-94,1424,2638,4062
2060,95-99,582,1332,1914
2060,100+,0,0,0
2061,0-4,2907,2717,5624
2061,5-9,3112,2906,6018
2061,10-14,3313,3097,6410
2061,15-19,3434,3209,6643
2061,20-24,3503,3275,6778
2061,25-29,3673,3431,7104
2061,30-34,4014,3746,7760
2061,35-39,4335,4058,8393
2061,40-44,4330,4052,8382
2061,45-49,5073,4936,10009
2061,50-54,4098,4048,8146
2061,55-59,4436,4179,8615
2061,60-64,5295,5276,10571
2061,65-69,5800,6091,11891
2061,70-74,5740,6337,12077
2061,75-79,5977,7376,13353
2061,80-84,5214,6922,12136
2061,85-89,2926,4368,7294
2061,90-94,1426,2595,4021
2061,95-99,577,1319,1896
2061,100+,0,0,0
2062,0-4,2870,2682,5552
2062,5-9,3070,2867,5937
2062,10-14,3273,3060,6333
2062,15-19,3419,3194,6613
2062,20-24,3486,3260,6746
2062,25-29,3626,3387,7013
2062,30-34,3933,3673,7606
2062,35-39,4273,3998,8271
2062,40-44,4245,3954,8199
2062,45-49,4890,4806,9696
2062,50-54,4439,4300,8739
2062,55-59,4258,4078,8336
2062,60-64,5011,4937,9948
2062,65-69,5746,6083,11829
2062,70-74,5713,6194,11907
2062,75-79,5612,6921,12533
2062,80-84,5312,7128,12440
2062,85-89,3104,4587,7691
2062,90-94,1417,2629,4046
2062,95-99,570,1284,1854
2062,100+,0,0,0
2063,0-4,2834,2647,5481
2063,5-9,3027,2828,5855
2063,10-14,3233,3021,6254
2063,15-19,3399,3177,6576
2063,20-24,3470,3244,6714
2063,25-29,3586,3350,6936
2063,30-34,3861,3607,7468
2063,35-39,4207,3939,8146
2063,40-44,4230,3962,8192
2063,45-49,4840,4659,9499
2063,50-54,4492,4390,8882
2063,55-59,4136,4099,8235
2063,60-64,4880,4769,9649
2063,65-69,5535,5839,11374
2063,70-74,5629,6035,11664
2063,75-79,5379,6589,11968
2063,80-84,5303,7171,12474
2063,85-89,3286,4834,8120
2063,90-94,1444,2643,4087
2063,95-99,567,1284,1851
2063,100+,0,0,0
2064,0-4,2795,2611,5406
2064,5-9,2986,2790,5776
2064,10-14,3196,2986,6182
2064,15-19,3376,3156,6532
2064,20-24,3453,3227,6680
2064,25-29,3549,3316,6865
2064,30-34,3795,3547,7342
2064,35-39,4142,3881,8023
2064,40-44,4333,4079,8412
2064,45-49,4607,4343,8950
2064,50-54,4625,4540,9165
2064,55-59,4072,4071,8143
2064,60-64,4700,4623,9323
2064,65-69,5322,5589,10911
2064,70-74,5571,5974,11545
2064,75-79,5164,6270,11434
2064,80-84,5191,7035,12226
2064,85-89,3466,5156,8622
2064,90-94,1478,2664,4142
2064,95-99,583,1278,1861
2064,100+,0,0,0
2065,0-4,2758,2575,5333
2065,5-9,2946,2754,5700
2065,10-14,3156,2947,6103
2065,15-19,3346,3128,6474
2065,20-24,3442,3217,6659
2065,25-29,3522,3292,6814
2065,30-34,3732,3487,7219
2065,35-39,4070,3817,7887
2065,40-44,4329,4074,8403
2065,45-49,4373,4136,8509
2065,50-54,4906,4814,9720
2065,55-59,3956,4010,7966
2065,60-64,4421,4281,8702
2065,65-69,5258,5465,10723
2065,70-74,5431,5904,11335
2065,75-79,5077,6034,11111
2065,80-84,5076,6921,11997
2065,85-89,3586,5387,8973
2065,90-94,1553,2732,4285
2065,95-99,579,1272,1851
2065,100+,0,0,0
