year,age_range,male,female,total
2019,0-4,662,546,1208
2019,5-9,1128,1071,2199
2019,10-14,1281,1203,2484
2019,15-19,985,870,1855
2019,20-24,1118,1114,2232
2019,25-29,1306,1096,2402
2019,30-34,1201,1154,2355
2019,35-39,1470,1568,3038
2019,40-44,1650,1859,3509
2019,45-49,1563,1633,3196
2019,50-54,1752,1573,3325
2019,55-59,1731,1671,3402
2019,60-64,1736,1744,3480
2019,65-69,1448,1623,3071
2019,70-74,757,935,1692
2019,75-79,692,907,1599
2019,80-84,448,697,1145
2019,85-89,254,438,692
2019,90-94,112,166,278
2019,95-99,33,46,79
2019,100+,7,7,14
2020,0-4,622,533,1155
2020,5-9,1066,1029,2095
2020,10-14,1334,1190,2524
2020,15-19,937,834,1771
2020,20-24,1130,1121,2251
2020,25-29,1259,1109,2368
2020,30-34,1234,1112,2346
2020,35-39,1407,1453,2860
2020,40-44,1630,1927,3557
2020,45-49,1542,1617,3159
2020,50-54,1717,1558,3275
2020,55-59,1713,1648,3361
2020,60-64,1732,1709,3441
2020,65-69,1504,1687,3191
2020,70-74,899,1073,1972
2020,75-79,627,863,1490
2020,80-84,467,714,1181
2020,85-89,265,444,709
2020,90-94,120,186,306
2020,95-99,32,53,85
2020,100+,0,0,0
2021,0-4,595,542,1137
2021,5-9,1033,953,1986
2021,10-14,1320,1178,2498
2021,15-19,971,880,1851
2021,20-24,1075,1029,2104
2021,25-29,1214,1133,2347
2021,30-34,1306,1139,2445
2021,35-39,1320,1338,2658
2021,40-44,1579,1893,3472
2021,45-49,1565,1672,3237
2021,50-54,1668,1556,3224
2021,55-59,1715,1615,3330
2021,60-64,1709,1681,3390
2021,65-69,1544,1717,3261
2021,70-74,1055,1252,2307
2021,75-79,555,767,1322
2021,80-84,498,748,1246
2021,85-89,272,447,719
2021,90-94,117,208,325
2021,95-99,35,59,94
2021,100+,0,0,0
2022,0-4,635,583,1218
2022,5-9,891,793,1684
2022,10-14,1292,1193,2485
2022,15-19,1066,987,2053
2022,20-24,1030,934,1964
2022,25-29,1196,1164,2360
2022,30-34,1328,1143,2471
2022,35-39,1240,1213,2453
2022,40-44,1530,1783,3313
2022,45-49,1608,1735,3343
2022,50-54,1602,1625,3227
2022,55-59,1731,1576,3307
2022,60-64,1700,1673,3373
2022,65-69,1538,1686,3224
2022,70-74,1155,1402,2557
2022,75-79,570,754,1324
2022,80-84,510,753,1263
2022,85-89,280,476,756
2022,90-94,117,211,328
2022,95-99,37,60,97
2022,100+,0,0,0
2023,0-4,676,618,1294
2023,5-9,765,659,1424
2023,10-14,1201,1160,2361
2023,15-19,1209,1100,2309
2023,20-24,991,885,1876
2023,25-29,1169,1141,2310
2023,30-34,1316,1129,2445
2023,35-39,1230,1176,2406
2023,40-44,1468,1695,3163
2023,45-49,1615,1790,3405
2023,50-54,1591,1607,3198
2023,55-59,1675,1539,3214
2023,60-64,1704,1680,3384
2023,65-69,1551,1682,3233
2023,70-74,1246,1501,2747
2023,75-79,605,777,1382
2023,80-84,504,764,1268
2023,85-89,279,481,760
2023,90-94,127,231,358
2023,95-99,38,63,101
2023,100+,0,0,0
2024,0-4,741,689,1430
2024,5-9,662,546,1208
2024,10-14,1128,1071,2199
2024,15-19,1281,1203,2484
2024,20-24,985,870,1855
2024,25-29,1118,1114,2232
2024,30-34,1306,1096,2402
2024,35-39,1200,1154,2354
2024,40-44,1447,1568,3015
2024,45-49,1620,1848,3468
2024,50-54,1519,1610,3129
2024,55-59,1687,1548,3235
2024,60-64,1645,1638,3283
2024,65-69,1618,1686,3304
2024,70-74,1297,1533,2830
2024,75-79,636,848,1484
2024,80-84,518,758,1276
2024,85-89,284,508,792
2024,90-94,127,249,376
2024,95-99,39,60,99
2024,100+,0,0,0
2025,0-4,749,696,1445
2025,5-9,622,533,1155
2025,10-14,1066,1029,2095
2025,15-19,1334,1190,2524
2025,20-24,937,834,1771
2025,25-29,1130,1121,2251
2025,30-34,1259,1109,2368
2025,35-39,1234,1112,2346
2025,40-44,1385,1453,2838
2025,45-49,1600,1914,3514
2025,50-54,1497,1594,3091
2025,55-59,1655,1533,3188
2025,60-64,1630,1616,3246
2025,65-69,1616,1654,3270
2025,70-74,1352,1593,2945
2025,75-79,757,976,1733
2025,80-84,468,722,1190
2025,85-89,299,521,820
2025,90-94,134,254,388
2025,95-99,41,72,113
2025,100+,0,0,0
2026,0-4,750,697,1447
2026,5-9,595,542,1137
2026,10-14,1033,953,1986
2026,15-19,1320,1178,2498
2026,20-24,971,880,1851
2026,25-29,1075,1029,2104
2026,30-34,1214,1133,2347
2026,35-39,1306,1139,2445
2026,40-44,1302,1338,2640
2026,45-49,1550,1882,3432
2026,50-54,1519,1648,3167
2026,55-59,1609,1531,3140
2026,60-64,1634,1584,3218
2026,65-69,1596,1628,3224
2026,70-74,1390,1624,3014
2026,75-79,888,1138,2026
2026,80-84,416,641,1057
2026,85-89,322,548,870
2026,90-94,138,259,397
2026,95-99,40,81,121
2026,100+,0,0,0
2027,0-4,750,697,1447
2027,5-9,635,583,1218
2027,10-14,891,793,1684
2027,15-19,1292,1193,2485
2027,20-24,1066,987,2053
2027,25-29,1030,934,1964
2027,30-34,1196,1164,2360
2027,35-39,1327,1143,2470
2027,40-44,1224,1213,2437
2027,45-49,1503,1774,3277
2027,50-54,1560,1710,3270
2027,55-59,1545,1600,3145
2027,60-64,1651,1547,3198
2027,65-69,1588,1621,3209
2027,70-74,1385,1596,2981
2027,75-79,975,1276,2251
2027,80-84,432,632,1064
2027,85-89,332,555,887
2027,90-94,142,277,419
2027,95-99,42,83,125
2027,100+,0,0,0
2028,0-4,751,699,1450
2028,5-9,676,618,1294
2028,10-14,765,659,1424
2028,15-19,1201,1160,2361
2028,20-24,1209,1100,2309
2028,25-29,991,885,1876
2028,30-34,1169,1141,2310
2028,35-39,1315,1129,2444
2028,40-44,1214,1176,2390
2028,45-49,1443,1688,3131
2028,50-54,1567,1765,3332
2028,55-59,1534,1582,3116
2028,60-64,1600,1512,3112
2028,65-69,1594,1627,3221
2028,70-74,1399,1595,2994
2028,75-79,1052,1366,2418
2028,80-84,463,656,1119
2028,85-89,329,564,893
2028,90-94,142,281,423
2028,95-99,46,92,138
2028,100+,0,0,0
2029,0-4,751,700,1451
2029,5-9,741,689,1430
2029,10-14,662,546,1208
2029,15-19,1128,1071,2199
2029,20-24,1281,1203,2484
2029,25-29,985,870,1855
2029,30-34,1118,1114,2232
2029,35-39,1304,1096,2400
2029,40-44,1184,1154,2338
2029,45-49,1422,1564,2986
2029,50-54,1575,1823,3398
2029,55-59,1465,1585,3050
2029,60-64,1610,1521,3131
2029,65-69,1540,1589,3129
2029,70-74,1460,1601,3061
2029,75-79,1094,1397,2491
2029,80-84,489,722,1211
2029,85-89,339,561,900
2029,90-94,146,299,445
2029,95-99,46,98,144
2029,100+,0,0,0
2030,0-4,752,701,1453
2030,5-9,749,696,1445
2030,10-14,622,533,1155
2030,15-19,1066,1029,2095
2030,20-24,1334,1190,2524
2030,25-29,937,834,1771
2030,30-34,1130,1121,2251
2030,35-39,1257,1109,2366
2030,40-44,1217,1112,2329
2030,45-49,1360,1450,2810
2030,50-54,1557,1890,3447
2030,55-59,1445,1569,3014
2030,60-64,1578,1508,3086
2030,65-69,1526,1569,3095
2030,70-74,1459,1571,3030
2030,75-79,1141,1453,2594
2030,80-84,580,833,1413
2030,85-89,305,532,837
2030,90-94,156,307,463
2030,95-99,48,100,148
2030,100+,0,0,0
2031,0-4,752,701,1453
2031,5-9,750,697,1447
2031,10-14,595,542,1137
2031,15-19,1033,953,1986
2031,20-24,1320,1178,2498
2031,25-29,971,880,1851
2031,30-34,1075,1029,2104
2031,35-39,1213,1133,2346
2031,40-44,1286,1139,2425
2031,45-49,1277,1336,2613
2031,50-54,1509,1859,3368
2031,55-59,1469,1623,3092
2031,60-64,1534,1506,3040
2031,65-69,1531,1538,3069
2031,70-74,1439,1547,2986
2031,75-79,1173,1480,2653
2031,80-84,678,967,1645
2031,85-89,271,470,741
2031,90-94,168,324,492
2031,95-99,49,102,151
2031,100+,0,0,0
2032,0-4,752,701,1453
2032,5-9,750,697,1447
2032,10-14,635,583,1218
2032,15-19,891,793,1684
2032,20-24,1292,1193,2485
2032,25-29,1066,987,2053
2032,30-34,1030,934,1964
2032,35-39,1195,1164,2359
2032,40-44,1307,1143,2450
2032,45-49,1199,1213,2412
2032,50-54,1463,1752,3215
2032,55-59,1509,1685,3194
2032,60-64,1474,1574,3048
2032,65-69,1546,1502,3048
2032,70-74,1431,1541,2972
2032,75-79,1169,1455,2624
2032,80-84,746,1083,1829
2032,85-89,281,466,747
2032,90-94,173,327,500
2032,95-99,51,108,159
2032,100+,0,0,0
2033,0-4,755,704,1459
2033,5-9,751,699,1450
2033,10-14,676,618,1294
2033,15-19,765,659,1424
2033,20-24,1201,1160,2361
2033,25-29,1209,1100,2309
2033,30-34,991,885,1876
2033,35-39,1169,1141,2310
2033,40-44,1295,1129,2424
2033,45-49,1189,1176,2365
2033,50-54,1404,1668,3072
2033,55-59,1516,1740,3256
2033,60-64,1463,1556,3019
2033,65-69,1499,1469,2968
2033,70-74,1436,1548,2984
2033,75-79,1181,1453,2634
2033,80-84,803,1158,1961
2033,85-89,301,487,788
2033,90-94,170,331,501
2033,95-99,52,110,162
2033,100+,0,0,0
2034,0-4,762,711,1473
2034,5-9,751,700,1451
2034,10-14,741,689,1430
2034,15-19,662,546,1208
2034,20-24,1128,1071,2199
2034,25-29,1281,1203,2484
2034,30-34,985,870,1855
2034,35-39,1118,1114,2232
2034,40-44,1286,1096,2382
2034,45-49,1159,1154,2313
2034,50-54,1385,1547,2932
2034,55-59,1521,1798,3319
2034,60-64,1398,1558,2956
2034,65-69,1508,1478,2986
2034,70-74,1388,1510,2898
2034,75-79,1232,1459,2691
2034,80-84,833,1182,2015
2034,85-89,321,542,863
2034,90-94,174,332,506
2034,95-99,52,117,169
2034,100+,0,0,0
2035,0-4,765,715,1480
2035,5-9,752,701,1453
2035,10-14,749,696,1445
2035,15-19,622,533,1155
2035,20-24,1066,1029,2095
2035,25-29,1334,1190,2524
2035,30-34,937,834,1771
2035,35-39,1130,1121,2251
2035,40-44,1241,1109,2350
2035,45-49,1192,1112,2304
2035,50-54,1326,1437,2763
2035,55-59,1503,1865,3368
2035,60-64,1381,1543,2924
2035,65-69,1480,1466,2946
2035,70-74,1379,1492,2871
2035,75-79,1235,1437,2672
2035,80-84,873,1236,2109
2035,85-89,384,630,1014
2035,90-94,157,317,474
2035,95-99,56,122,178
2035,100+,0,0,0
2036,0-4,769,718,1487
2036,5-9,752,701,1453
2036,10-14,750,697,1447
2036,15-19,595,542,1137
2036,20-24,1033,953,1986
2036,25-29,1320,1178,2498
2036,30-34,971,880,1851
2036,35-39,1075,1029,2104
2036,40-44,1198,1133,2331
2036,45-49,1261,1139,2400
2036,50-54,1245,1326,2571
2036,55-59,1457,1834,3291
2036,60-64,1404,1596,3000
2036,65-69,1440,1465,2905
2036,70-74,1386,1465,2851
2036,75-79,1223,1419,2642
2036,80-84,902,1265,2167
2036,85-89,451,732,1183
2036,90-94,139,281,420
2036,95-99,62,132,194
2036,100+,0,0,0
2037,0-4,774,723,1497
2037,5-9,752,701,1453
2037,10-14,750,697,1447
2037,15-19,635,583,1218
2037,20-24,891,793,1684
2037,25-29,1292,1193,2485
2037,30-34,1066,987,2053
2037,35-39,1030,934,1964
2037,40-44,1182,1164,2346
2037,45-49,1282,1143,2425
2037,50-54,1170,1205,2375
2037,55-59,1413,1727,3140
2037,60-64,1443,1660,3103
2037,65-69,1386,1532,2918
2037,70-74,1403,1433,2836
2037,75-79,1217,1416,2633
2037,80-84,903,1246,2149
2037,85-89,501,826,1327
2037,90-94,147,281,428
2037,95-99,65,136,201
2037,100+,0,0,0
2038,0-4,777,725,1502
2038,5-9,755,704,1459
2038,10-14,751,699,1450
2038,15-19,676,618,1294
2038,20-24,765,659,1424
2038,25-29,1201,1160,2361
2038,30-34,1209,1100,2309
2038,35-39,991,885,1876
2038,40-44,1157,1141,2298
2038,45-49,1270,1129,2399
2038,50-54,1161,1171,2332
2038,55-59,1356,1643,2999
2038,60-64,1452,1715,3167
2038,65-69,1377,1516,2893
2038,70-74,1363,1403,2766
2038,75-79,1225,1425,2650
2038,80-84,915,1250,2165
2038,85-89,541,885,1426
2038,90-94,161,300,461
2038,95-99,63,140,203
2038,100+,0,0,0
2039,0-4,779,726,1505
2039,5-9,762,711,1473
2039,10-14,751,700,1451
2039,15-19,741,689,1430
2039,20-24,662,546,1208
2039,25-29,1128,1071,2199
2039,30-34,1281,1203,2484
2039,35-39,985,870,1855
2039,40-44,1107,1114,2221
2039,45-49,1261,1096,2357
2039,50-54,1134,1151,2285
2039,55-59,1337,1523,2860
2039,60-64,1458,1772,3230
2039,65-69,1318,1520,2838
2039,70-74,1377,1413,2790
2039,75-79,1186,1393,2579
2039,80-84,959,1259,2218
2039,85-89,561,908,1469
2039,90-94,175,344,519
2039,95-99,65,143,208
2039,100+,0,0,0
2040,0-4,780,726,1506
2040,5-9,765,715,1480
2040,10-14,752,701,1453
2040,15-19,749,696,1445
2040,20-24,622,533,1155
2040,25-29,1066,1029,2095
2040,30-34,1334,1190,2524
2040,35-39,937,834,1771
2040,40-44,1120,1121,2241
2040,45-49,1216,1109,2325
2040,50-54,1167,1112,2279
2040,55-59,1281,1413,2694
2040,60-64,1441,1838,3279
2040,65-69,1303,1505,2808
2040,70-74,1350,1403,2753
2040,75-79,1181,1377,2558
2040,80-84,962,1241,2203
2040,85-89,587,948,1535
2040,90-94,210,399,609
2040,95-99,57,135,192
2040,100+,0,0,0
2041,0-4,778,725,1503
2041,5-9,769,718,1487
2041,10-14,752,701,1453
2041,15-19,750,697,1447
2041,20-24,595,542,1137
2041,25-29,1033,953,1986
2041,30-34,1320,1178,2498
2041,35-39,971,880,1851
2041,40-44,1066,1029,2095
2041,45-49,1173,1133,2306
2041,50-54,1236,1138,2374
2041,55-59,1204,1305,2509
2041,60-64,1399,1806,3205
2041,65-69,1325,1557,2882
2041,70-74,1314,1401,2715
2041,75-79,1187,1352,2539
2041,80-84,951,1225,2176
2041,85-89,606,968,1574
2041,90-94,245,460,705
2041,95-99,50,117,167
2041,100+,0,0,0
2042,0-4,771,719,1490
2042,5-9,774,723,1497
2042,10-14,752,701,1453
2042,15-19,750,697,1447
2042,20-24,635,583,1218
2042,25-29,891,793,1684
2042,30-34,1292,1193,2485
2042,35-39,1066,987,2053
2042,40-44,1022,934,1956
2042,45-49,1157,1164,2321
2042,50-54,1256,1141,2397
2042,55-59,1133,1188,2321
2042,60-64,1358,1701,3059
2042,65-69,1362,1619,2981
2042,70-74,1263,1466,2729
2042,75-79,1203,1320,2523
2042,80-84,945,1222,2167
2042,85-89,606,954,1560
2042,90-94,271,519,790
2042,95-99,56,120,176
2042,100+,0,0,0
2043,0-4,760,709,1469
2043,5-9,777,725,1502
2043,10-14,755,704,1459
2043,15-19,751,699,1450
2043,20-24,676,618,1294
2043,25-29,765,659,1424
2043,30-34,1201,1160,2361
2043,35-39,1209,1100,2309
2043,40-44,985,885,1870
2043,45-49,1132,1141,2273
2043,50-54,1243,1128,2371
2043,55-59,1126,1155,2281
2043,60-64,1303,1617,2920
2043,65-69,1370,1672,3042
2043,70-74,1255,1452,2707
2043,75-79,1168,1295,2463
2043,80-84,951,1231,2182
2043,85-89,615,957,1572
2043,90-94,291,555,846
2043,95-99,62,130,192
2043,100+,0,0,0
2044,0-4,743,693,1436
2044,5-9,779,726,1505
2044,10-14,762,711,1473
2044,15-19,751,700,1451
2044,20-24,741,689,1430
2044,25-29,662,546,1208
2044,30-34,1128,1071,2199
2044,35-39,1281,1203,2484
2044,40-44,980,870,1850
2044,45-49,1083,1114,2197
2044,50-54,1232,1096,2328
2044,55-59,1099,1135,2234
2044,60-64,1284,1497,2781
2044,65-69,1377,1729,3106
2044,70-74,1201,1455,2656
2044,75-79,1180,1304,2484
2044,80-84,920,1202,2122
2044,85-89,644,963,1607
2044,90-94,299,566,865
2044,95-99,67,152,219
2044,100+,0,0,0
2045,0-4,724,677,1401
2045,5-9,780,726,1506
2045,10-14,765,715,1480
2045,15-19,752,701,1453
2045,20-24,749,696,1445
2045,25-29,622,533,1155
2045,30-34,1066,1029,2095
2045,35-39,1334,1190,2524
2045,40-44,934,834,1768
2045,45-49,1095,1121,2216
2045,50-54,1188,1109,2297
2045,55-59,1131,1098,2229
2045,60-64,1229,1388,2617
2045,65-69,1362,1794,3156
2045,70-74,1191,1440,2631
2045,75-79,1159,1298,2457
2045,80-84,921,1191,2112
2045,85-89,650,956,1606
2045,90-94,314,597,911
2045,95-99,81,181,262
2045,100+,0,0,0
2046,0-4,704,659,1363
2046,5-9,778,725,1503
2046,10-14,769,718,1487
2046,15-19,752,701,1453
2046,20-24,750,697,1447
2046,25-29,595,542,1137
2046,30-34,1033,953,1986
2046,35-39,1320,1178,2498
2046,40-44,968,880,1848
2046,45-49,1043,1029,2072
2046,50-54,1148,1133,2281
2046,55-59,1194,1126,2320
2046,60-64,1157,1280,2437
2046,65-69,1322,1763,3085
2046,70-74,1212,1493,2705
2046,75-79,1129,1301,2430
2046,80-84,929,1170,2099
2046,85-89,647,946,1593
2046,90-94,327,614,941
2046,95-99,95,208,303
2046,100+,0,0,0
2047,0-4,682,637,1319
2047,5-9,771,719,1490
2047,10-14,774,723,1497
2047,15-19,752,701,1453
2047,20-24,750,697,1447
2047,25-29,635,583,1218
2047,30-34,891,793,1684
2047,35-39,1291,1193,2484
2047,40-44,1062,987,2049
2047,45-49,1000,934,1934
2047,50-54,1132,1164,2296
2047,55-59,1212,1128,2340
2047,60-64,1089,1165,2254
2047,65-69,1285,1662,2947
2047,70-74,1248,1557,2805
2047,75-79,1088,1363,2451
2047,80-84,945,1146,2091
2047,85-89,642,947,1589
2047,90-94,331,609,940
2047,95-99,106,236,342
2047,100+,0,0,0
2048,0-4,656,614,1270
2048,5-9,760,709,1469
2048,10-14,777,725,1502
2048,15-19,755,704,1459
2048,20-24,751,699,1450
2048,25-29,676,618,1294
2048,30-34,765,659,1424
2048,35-39,1201,1160,2361
2048,40-44,1201,1100,2301
2048,45-49,963,885,1848
2048,50-54,1107,1141,2248
2048,55-59,1203,1118,2321
2048,60-64,1080,1131,2211
2048,65-69,1234,1581,2815
2048,70-74,1258,1608,2866
2048,75-79,1083,1350,2433
2048,80-84,920,1129,2049
2048,85-89,649,958,1607
2048,90-94,337,616,953
2048,95-99,113,252,365
2048,100+,0,0,0
2049,0-4,630,591,1221
2049,5-9,743,693,1436
2049,10-14,779,726,1505
2049,15-19,762,711,1473
2049,20-24,751,700,1451
2049,25-29,741,689,1430
2049,30-34,662,546,1208
2049,35-39,1128,1071,2199
2049,40-44,1270,1203,2473
2049,45-49,958,870,1828
2049,50-54,1058,1113,2171
2049,55-59,1196,1088,2284
2049,60-64,1053,1111,2164
2049,65-69,1217,1464,2681
2049,70-74,1264,1665,2929
2049,75-79,1039,1353,2392
2049,80-84,931,1141,2072
2049,85-89,631,939,1570
2049,90-94,357,622,979
2049,95-99,117,260,377
2049,100+,0,0,0
2050,0-4,608,570,1178
2050,5-9,724,677,1401
2050,10-14,780,726,1506
2050,15-19,765,715,1480
2050,20-24,752,701,1453
2050,25-29,749,696,1445
2050,30-34,622,533,1155
2050,35-39,1066,1029,2095
2050,40-44,1321,1190,2511
2050,45-49,912,834,1746
2050,50-54,1070,1119,2189
2050,55-59,1155,1101,2256
2050,60-64,1083,1074,2157
2050,65-69,1164,1358,2522
2050,70-74,1250,1726,2976
2050,75-79,1030,1339,2369
2050,80-84,914,1138,2052
2050,85-89,631,930,1561
2050,90-94,360,619,979
2050,95-99,124,275,399
2050,100+,0,0,0
2051,0-4,589,551,1140
2051,5-9,704,659,1363
2051,10-14,778,725,1503
2051,15-19,769,718,1487
2051,20-24,752,701,1453
2051,25-29,750,697,1447
2051,30-34,595,542,1137
2051,35-39,1033,953,1986
2051,40-44,1306,1178,2484
2051,45-49,945,880,1825
2051,50-54,1018,1029,2047
2051,55-59,1117,1124,2241
2051,60-64,1144,1101,2245
2051,65-69,1095,1251,2346
2051,70-74,1214,1695,2909
2051,75-79,1050,1390,2440
2051,80-84,890,1138,2028
2051,85-89,638,914,1552
2051,90-94,355,613,968
2051,95-99,129,282,411
2051,100+,0,0,0
2052,0-4,572,536,1108
2052,5-9,682,637,1319
2052,10-14,771,719,1490
2052,15-19,774,723,1497
2052,20-24,752,701,1453
2052,25-29,750,697,1447
2052,30-34,635,583,1218
2052,35-39,891,793,1684
2052,40-44,1280,1193,2473
2052,45-49,1037,987,2024
2052,50-54,975,934,1909
2052,55-59,1102,1152,2254
2052,60-64,1163,1105,2268
2052,65-69,1031,1138,2169
2052,70-74,1182,1597,2779
2052,75-79,1081,1451,2532
2052,80-84,859,1191,2050
2052,85-89,648,894,1542
2052,90-94,352,612,964
2052,95-99,130,279,409
2052,100+,0,0,0
2053,0-4,560,524,1084
2053,5-9,656,614,1270
2053,10-14,760,709,1469
2053,15-19,777,725,1502
2053,20-24,755,704,1459
2053,25-29,751,699,1450
2053,30-34,676,618,1294
2053,35-39,765,659,1424
2053,40-44,1191,1160,2351
2053,45-49,1176,1100,2276
2053,50-54,938,885,1823
2053,55-59,1078,1129,2207
2053,60-64,1154,1094,2248
2053,65-69,1024,1105,2129
2053,70-74,1134,1518,2652
2053,75-79,1090,1497,2587
2053,80-84,854,1179,2033
2053,85-89,631,883,1514
2053,90-94,356,620,976
2053,95-99,133,282,415
2053,100+,0,0,0
2054,0-4,553,517,1070
2054,5-9,630,591,1221
2054,10-14,743,693,1436
2054,15-19,779,726,1505
2054,20-24,762,711,1473
2054,25-29,751,700,1451
2054,30-34,741,689,1430
2054,35-39,662,546,1208
2054,40-44,1119,1071,2190
2054,45-49,1245,1203,2448
2054,50-54,933,870,1803
2054,55-59,1030,1101,2131
2054,60-64,1147,1065,2212
2054,65-69,1001,1085,2086
2054,70-74,1118,1406,2524
2054,75-79,1095,1549,2644
2054,80-84,821,1183,2004
2054,85-89,639,894,1533
2054,90-94,345,605,950
2054,95-99,140,284,424
2054,100+,0,0,0
2055,0-4,547,511,1058
2055,5-9,608,570,1178
2055,10-14,724,677,1401
2055,15-19,780,726,1506
2055,20-24,765,715,1480
2055,25-29,752,701,1453
2055,30-34,749,696,1445
2055,35-39,622,533,1155
2055,40-44,1058,1029,2087
2055,45-49,1296,1190,2486
2055,50-54,887,834,1721
2055,55-59,1043,1110,2153
2055,60-64,1109,1077,2186
2055,65-69,1033,1049,2082
2055,70-74,1071,1306,2377
2055,75-79,1084,1607,2691
2055,80-84,818,1173,1991
2055,85-89,628,896,1524
2055,90-94,349,606,955
2055,95-99,142,285,427
2055,100+,0,0,0
2056,0-4,542,506,1048
2056,5-9,589,551,1140
2056,10-14,704,659,1363
2056,15-19,778,725,1503
2056,20-24,769,718,1487
2056,25-29,752,701,1453
2056,30-34,750,697,1447
2056,35-39,595,542,1137
2056,40-44,1026,953,1979
2056,45-49,1282,1178,2460
2056,50-54,920,880,1800
2056,55-59,993,1024,2017
2056,60-64,1073,1099,2172
2056,65-69,1092,1076,2168
2056,70-74,1010,1205,2215
2056,75-79,1056,1579,2635
2056,80-84,838,1220,2058
2056,85-89,613,899,1512
2056,90-94,356,599,955
2056,95-99,139,285,424
2056,100+,0,0,0
2057,0-4,540,503,1043
2057,5-9,572,536,1108
2057,10-14,682,637,1319
2057,15-19,771,719,1490
2057,20-24,774,723,1497
2057,25-29,752,701,1453
2057,30-34,750,697,1447
2057,35-39,635,583,1218
2057,40-44,887,793,1680
2057,45-49,1255,1193,2448
2057,50-54,1012,987,1999
2057,55-59,950,933,1883
2057,60-64,1061,1127,2188
2057,65-69,1108,1080,2188
2057,70-74,950,1098,2048
2057,75-79,1031,1490,2521
2057,80-84,865,1280,2145
2057,85-89,593,945,1538
2057,90-94,364,590,954
2057,95-99,139,287,426
2057,100+,0,0,0
2058,0-4,540,502,1042
2058,5-9,560,524,1084
2058,10-14,656,614,1270
2058,15-19,760,709,1469
2058,20-24,777,725,1502
2058,25-29,755,704,1459
2058,30-34,751,699,1450
2058,35-39,676,618,1294
2058,40-44,764,659,1423
2058,45-49,1166,1160,2326
2058,50-54,1151,1100,2251
2058,55-59,913,883,1796
2058,60-64,1040,1108,2148
2058,65-69,1098,1069,2167
2058,70-74,946,1067,2013
2058,75-79,990,1418,2408
2058,80-84,874,1323,2197
2058,85-89,594,938,1532
2058,90-94,353,587,940
2058,95-99,142,296,438
2058,100+,0,0,0
2059,0-4,542,503,1045
2059,5-9,553,517,1070
2059,10-14,630,591,1221
2059,15-19,743,693,1436
2059,20-24,779,726,1505
2059,25-29,762,711,1473
2059,30-34,751,700,1451
2059,35-39,741,689,1430
2059,40-44,661,546,1207
2059,45-49,1097,1071,2168
2059,50-54,1219,1203,2422
2059,55-59,908,867,1775
2059,60-64,996,1084,2080
2059,65-69,1091,1040,2131
2059,70-74,926,1048,1974
2059,75-79,977,1314,2291
2059,80-84,878,1372,2250
2059,85-89,574,942,1516
2059,90-94,357,597,954
2059,95-99,140,290,430
2059,100+,0,0,0
2060,0-4,543,504,1047
2060,5-9,547,511,1058
2060,10-14,608,570,1178
2060,15-19,724,677,1401
2060,20-24,780,726,1506
2060,25-29,765,715,1480
2060,30-34,752,701,1453
2060,35-39,749,696,1445
2060,40-44,621,533,1154
2060,45-49,1038,1029,2067
2060,50-54,1269,1190,2459
2060,55-59,862,834,1696
2060,60-64,1008,1093,2101
2060,65-69,1055,1052,2107
2060,70-74,955,1014,1969
2060,75-79,935,1220,2155
2060,80-84,866,1421,2287
2060,85-89,572,934,1506
2060,90-94,351,600,951
2060,95-99,141,290,431
2060,100+,0,0,0
2061,0-4,545,506,1051
2061,5-9,542,506,1048
2061,10-14,589,551,1140
2061,15-19,704,659,1363
2061,20-24,778,725,1503
2061,25-29,769,718,1487
2061,30-34,752,701,1453
2061,35-39,750,697,1447
2061,40-44,595,542,1137
2061,45-49,1007,953,1960
2061,50-54,1254,1178,2432
2061,55-59,895,880,1775
2061,60-64,960,1009,1969
2061,65-69,1020,1074,2094
2061,70-74,1009,1039,2048
2061,75-79,881,1126,2007
2061,80-84,844,1394,2238
2061,85-89,586,972,1558
2061,90-94,342,600,942
2061,95-99,144,287,431
2061,100+,0,0,0
2062,0-4,548,509,1057
2062,5-9,540,503,1043
2062,10-14,572,536,1108
2062,15-19,682,637,1319
2062,20-24,771,719,1490
2062,25-29,774,723,1497
2062,30-34,752,701,1453
2062,35-39,750,697,1447
2062,40-44,635,583,1218
2062,45-49,870,793,1663
2062,50-54,1226,1192,2418
2062,55-59,986,987,1973
2062,60-64,919,921,1840
2062,65-69,1008,1102,2110
2062,70-74,1024,1042,2066
2062,75-79,830,1026,1856
2062,80-84,826,1314,2140
2062,85-89,605,1025,1630
2062,90-94,333,631,964
2062,95-99,146,282,428
2062,100+,0,0,0
2063,0-4,552,513,1065
2063,5-9,540,502,1042
2063,10-14,560,524,1084
2063,15-19,656,614,1270
2063,20-24,760,709,1469
2063,25-29,777,725,1502
2063,30-34,755,704,1459
2063,35-39,751,699,1450
2063,40-44,676,618,1294
2063,45-49,750,659,1409
2063,50-54,1141,1159,2300
2063,55-59,1119,1097,2216
2063,60-64,883,874,1757
2063,65-69,989,1083,2072
2063,70-74,1016,1033,2049
2063,75-79,826,997,1823
2063,80-84,793,1249,2042
2063,85-89,612,1058,1670
2063,90-94,333,626,959
2063,95-99,142,283,425
2063,100+,0,0,0
2064,0-4,554,515,1069
2064,5-9,542,503,1045
2064,10-14,553,517,1070
2064,15-19,630,591,1221
2064,20-24,743,693,1436
2064,25-29,779,726,1505
2064,30-34,762,711,1473
2064,35-39,751,700,1451
2064,40-44,741,689,1430
2064,45-49,651,546,1197
2064,50-54,1072,1071,2143
2064,55-59,1186,1196,2382
2064,60-64,878,860,1738
2064,65-69,947,1060,2007
2064,70-74,1008,1005,2013
2064,75-79,810,982,1792
2064,80-84,783,1158,1941
2064,85-89,612,1096,1708
2064,90-94,322,628,950
2064,95-99,145,287,432
2064,100+,0,0,0
2065,0-4,557,517,1074
2065,5-9,543,504,1047
2065,10-14,547,511,1058
2065,15-19,608,570,1178
2065,20-24,724,677,1401
2065,25-29,780,726,1506
2065,30-34,765,715,1480
2065,35-39,752,701,1453
2065,40-44,749,696,1445
2065,45-49,616,533,1149
2065,50-54,1013,1029,2042
2065,55-59,1235,1180,2415
2065,60-64,837,831,1668
2065,65-69,958,1068,2026
2065,70-74,974,1018,1992
2065,75-79,838,952,1790
2065,80-84,749,1078,1827
2065,85-89,608,1135,1743
2065,90-94,323,624,947
2065,95-99,143,290,433
2065,100+,0,0,0
