year,0m,1m,2m,3m,4m,5m,6m,7m,8m,9m,10m,11m,12m,13m,14m,15m,16m,17m,18m,19m,20m,21m,22m,23m,24m,25m,26m,27m,28m,29m,30m,31m,32m,33m,34m,35m,36m,37m,38m,39m,40m,41m,42m,43m,44m,45m,46m,47m,48m,49m,50m,51m,52m,53m,54m,55m,56m,57m,58m,59m,60m,61m,62m,63m,64m,65m,66m,67m,68m,69m,70m,71m,72m,73m,74m,75m,76m,77m,78m,79m,80m,81m,82m,83m,84m,85m,86m,87m,88m,89m,90m,91m,92m,93m,94m,95m,96m,97m,98m,99m,100m,0f,1f,2f,3f,4f,5f,6f,7f,8f,9f,10f,11f,12f,13f,14f,15f,16f,17f,18f,19f,20f,21f,22f,23f,24f,25f,26f,27f,28f,29f,30f,31f,32f,33f,34f,35f,36f,37f,38f,39f,40f,41f,42f,43f,44f,45f,46f,47f,48f,49f,50f,51f,52f,53f,54f,55f,56f,57f,58f,59f,60f,61f,62f,63f,64f,65f,66f,67f,68f,69f,70f,71f,72f,73f,74f,75f,76f,77f,78f,79f,80f,81f,82f,83f,84f,85f,86f,87f,88f,89f,90f,91f,92f,93f,94f,95f,96f,97f,98f,99f,100f
2019,117,135,118,132,133,125,120,132,104,83,99,93,111,124,125,152,186,182,224,237,210,224,272,246,286,311,277,308,282,312,242,251,249,235,277,258,282,313,312,287,281,282,309,306,285,251,279,262,274,287,293,304,301,254,294,320,297,298,272,279,283,273,241,234,258,212,220,173,229,150,163,143,94,76,51,102,72,84,68,64,59,51,47,35,43,31,20,33,18,11,11,16,11,2,5,5,1,3,0,2,0,108,117,115,130,121,107,100,124,108,71,92,96,81,104,118,134,140,164,198,199,188,206,270,238,262,250,273,265,235,283,248,237,214,203,238,247,262,272,254,280,274,255,257,260,234,246,256,256,273,241,291,303,281,280,307,307,301,316,300,323,277,271,272,274,288,228,229,217,248,168,159,167,94,87,90,94,83,103,79,79,86,58,63,59,57,49,46,31,18,22,24,18,16,6,11,3,6,3,2,0,3
2020,143,117,135,118,132,133,125,120,132,104,83,99,93,111,124,125,152,186,182,224,237,210,224,272,246,286,311,277,308,282,312,242,251,249,235,277,258,282,312,311,286,280,281,308,305,284,250,278,261,273,285,291,302,299,252,292,317,294,295,269,276,280,270,238,231,254,209,216,170,224,147,159,139,91,74,49,98,69,80,65,60,55,48,44,32,39,28,18,29,16,10,9,14,9,2,4,4,1,2,0,0,133,108,117,115,130,121,107,100,124,108,71,92,96,81,104,118,134,140,164,198,199,188,206,270,238,262,250,273,265,235,283,248,237,214,203,238,247,262,272,254,280,274,255,257,260,234,246,256,256,272,241,290,302,280,279,306,306,300,315,299,322,276,270,271,272,286,226,227,215,246,166,157,165,93,85,88,92,81,100,77,76,83,55,60,56,53,46,42,28,16,20,21,16,14,5,9,2,5,2,1,0
2021,149,143,117,135,118,132,133,125,120,132,104,83,99,93,111,124,125,152,186,182,224,237,210,224,272,246,286,311,277,308,282,312,242,251,249,235,277,258,281,311,310,285,279,280,307,304,283,249,277,260,272,283,289,300,297,250,290,314,291,292,266,273,277,267,235,228,250,206,212,167,219,143,155,135,88,71,47,94,66,76,61,56,51,45,41,29,35,25,16,25,14,9,8,12,7,2,3,3,1,1,0,138,133,108,117,115,130,121,107,100,124,108,71,92,96,81,104,118,134,140,164,198,199,188,206,270,238,262,250,273,265,235,283,248,237,214,203,238,247,262,272,254,280,274,255,257,260,234,246,256,256,271,240,289,301,279,278,305,305,299,314,298,321,275,269,269,270,284,224,225,213,243,164,155,162,91,83,86,90,79,97,74,73,79,52,57,53,49,42,38,25,14,18,18,14,12,4,7,2,4,1,0
2022,158,149,143,117,135,118,132,133,125,120,132,104,83,99,93,111,124,125,152,186,182,224,237,210,224,272,246,286,311,277,308,282,312,242,251,249,235,277,257,280,310,309,284,278,279,306,303,282,248,276,259,270,281,287,298,295,248,288,311,288,289,263,270,274,264,232,225,246,202,208,163,214,139,151,131,85,68,45,90,63,72,57,52,47,41,37,26,31,22,14,22,12,8,7,10,6,2,2,2,1,0,147,138,133,108,117,115,130,121,107,100,124,108,71,92,96,81,104,118,134,140,164,198,199,188,206,270,238,262,250,273,265,235,283,248,237,214,203,238,247,262,272,254,280,274,255,257,260,234,246,256,255,270,239,288,300,278,277,304,304,298,313,297,319,274,267,267,268,282,222,223,211,240,162,153,159,89,81,84,88,77,94,71,70,75,49,53,49,45,38,34,22,12,16,15,12,10,3,5,1,3,0
2023,157,158,149,143,117,135,118,132,133,125,120,132,104,83,99,93,111,124,125,152,186,182,224,237,210,224,272,246,286,311,277,308,282,312,242,251,249,235,276,256,279,309,308,283,277,278,305,302,281,247,274,257,268,279,285,296,293,246,285,308,285,286,260,267,270,260,228,221,242,198,203,159,208,135,146,126,82,65,43,85,59,68,53,48,43,37,33,23,28,19,12,19,10,7,6,8,5,2,1,1,0,147,147,138,133,108,117,115,130,121,107,100,124,108,71,92,96,81,104,118,134,140,164,198,199,188,206,270,238,262,250,273,265,235,283,248,237,214,203,238,247,262,272,254,280,274,255,257,260,234,246,255,254,269,238,287,299,277,276,303,303,297,312,296,317,272,265,265,266,280,220,221,208,237,159,150,156,87,79,82,85,74,90,68,67,71,46,49,45,41,34,30,19,10,14,13,10,8,2,4,1,0
2024,156,157,158,149,143,117,135,118,132,133,125,120,132,104,83,99,93,111,124,125,152,186,182,224,237,210,224,272,246,286,311,277,308,282,312,242,251,249,235,275,255,278,308,307,282,276,277,304,301,280,246,272,255,266,277,283,294,291,244,282,305,282,283,257,264,266,256,224,217,237,194,198,155,202,131,141,121,78,62,41,80,55,63,49,44,39,33,30,20,25,17,10,16,8,6,5,6,4,1,1,0,145,147,147,138,133,108,117,115,130,121,107,100,124,108,71,92,96,81,104,118,134,140,164,198,199,188,206,270,238,262,250,273,265,235,283,248,237,214,203,238,247,262,272,254,280,274,255,257,260,234,246,254,253,268,237,286,298,276,275,302,302,296,310,294,315,270,263,263,264,277,218,218,205,233,156,147,153,85,77,79,82,71,86,65,63,67,43,45,41,37,30,26,16,9,12,11,8,6,1,3,0
2025,154,156,157,158,149,143,117,135,118,132,133,125,120,132,104,83,99,93,111,124,125,152,186,182,224,237,210,224,272,246,286,311,277,308,282,312,242,251,249,235,274,254,277,307,306,281,275,276,303,299,279,245,270,253,264,275,281,292,289,242,279,302,279,280,254,261,262,252,220,213,232,190,193,151,196,127,136,116,75,59,39,75,52,59,45,40,35,30,27,18,22,15,9,13,7,5,4,5,3,1,0,143,145,147,147,138,133,108,117,115,130,121,107,100,124,108,71,92,96,81,104,118,134,140,164,198,199,188,206,270,238,262,250,273,265,235,283,248,237,214,203,238,247,262,272,254,280,274,255,257,260,234,246,253,252,267,236,285,297,275,274,301,301,295,309,292,313,268,261,261,262,274,216,215,202,229,153,144,150,83,75,76,79,68,82,62,59,63,40,41,37,33,27,23,14,8,10,9,6,5,1,0
2026,155,154,156,157,158,149,143,117,135,118,132,133,125,120,132,104,83,99,93,111,124,125,152,186,182,224,237,210,224,272,246,286,311,277,308,282,312,242,251,248,234,273,253,276,306,305,280,274,275,301,297,277,244,268,251,262,273,279,290,286,240,276,299,276,277,251,257,258,248,216,209,227,185,188,146,190,122,130,111,71,56,37,70,48,55,41,36,32,27,24,16,19,13,8,11,6,4,3,4,2,0,144,143,145,147,147,138,133,108,117,115,130,121,107,100,124,108,71,92,96,81,104,118,134,140,164,198,199,188,206,270,238,262,250,273,265,235,283,248,237,214,203,238,247,262,272,254,280,274,255,257,260,234,245,252,251,266,235,284,296,274,273,300,300,294,307,290,311,266,259,259,259,271,213,212,199,225,150,141,146,81,73,73,76,65,78,58,55,58,37,37,33,29,24,20,12,7,8,7,5,4,0
2027,153,155,154,156,157,158,149,143,117,135,118,132,133,125,120,132,104,83,99,93,111,124,125,152,186,182,224,237,210,224,272,246,286,311,277,308,282,311,242,250,247,233,272,252,275,305,304,279,273,274,299,295,275,242,266,249,260,271,277,287,283,238,273,296,273,273,247,253,254,243,212,204,221,180,182,141,183,117,124,106,67,53,35,65,44,50,37,32,29,24,21,14,16,11,7,9,5,3,2,3,0,143,144,143,145,147,147,138,133,108,117,115,130,121,107,100,124,108,71,92,96,81,104,118,134,140,164,198,199,188,206,270,238,262,250,273,265,235,283,248,237,214,203,238,247,262,272,254,280,274,255,257,259,233,244,251,250,265,234,283,295,273,272,299,299,292,305,288,309,264,257,256,256,268,210,209,195,220,147,137,142,78,70,70,73,62,73,54,51,53,34,33,29,25,21,17,10,6,6,5,4,0
2028,149,153,155,154,156,157,158,149,143,117,135,118,132,133,125,120,132,104,83,99,93,111,124,125,152,186,182,224,237,210,224,272,246,286,311,277,308,282,310,242,249,246,232,271,251,274,304,303,278,272,273,297,293,273,240,264,247,258,269,275,284,280,236,270,292,269,269,243,249,249,238,207,199,215,175,176,136,176,112,118,100,63,50,33,60,40,45,33,29,26,21,18,12,13,9,6,7,4,2,1,0,138,143,144,143,145,147,147,138,133,108,117,115,130,121,107,100,124,108,71,92,96,81,104,118,134,140,164,198,199,188,206,270,238,262,250,273,265,235,283,248,237,214,203,238,247,262,272,254,280,274,255,256,258,232,243,250,249,264,233,282,294,272,271,298,297,290,303,286,307,262,254,253,253,264,207,205,191,215,143,133,137,75,67,67,69,58,68,50,47,48,31,29,25,21,18,14,8,5,5,4,0
2029,144,149,153,155,154,156,157,158,149,143,117,135,118,132,133,125,120,132,104,83,99,93,111,124,125,152,186,182,224,237,210,224,272,246,286,311,277,308,281,309,241,248,245,231,270,250,273,303,302,277,271,271,295,291,271,238,262,245,256,267,272,281,277,233,267,288,265,265,239,244,244,233,202,194,209,169,170,130,168,107,112,94,59,47,31,55,36,41,29,26,23,18,15,10,11,7,5,5,3,1,0,134,138,143,144,143,145,147,147,138,133,108,117,115,130,121,107,100,124,108,71,92,96,81,104,118,134,140,164,198,199,188,206,270,238,262,250,273,265,235,283,248,237,214,203,238,247,262,272,254,280,273,254,255,257,231,242,249,248,263,232,281,293,271,270,296,295,288,301,284,304,259,251,250,249,260,203,201,187,210,139,129,132,72,64,64,65,54,63,46,43,43,28,25,21,18,15,11,6,4,4,0
2030,139,144,149,153,155,154,156,157,158,149,143,117,135,118,132,133,125,120,132,104,83,99,93,111,124,125,152,186,182,224,237,210,224,272,246,286,311,277,307,280,308,240,247,244,230,269,249,272,302,300,276,269,269,293,289,269,236,260,243,254,265,269,278,274,230,264,284,261,261,235,239,239,227,197,188,202,163,163,124,160,101,105,88,55,43,28,50,32,37,26,23,20,15,13,8,9,6,4,4,2,0,130,134,138,143,144,143,145,147,147,138,133,108,117,115,130,121,107,100,124,108,71,92,96,81,104,118,134,140,164,198,199,188,206,270,238,262,250,273,265,235,283,248,237,214,203,238,247,262,272,254,279,272,253,254,256,230,241,248,247,262,231,280,292,270,269,294,293,286,299,281,301,256,248,246,245,255,199,196,182,204,134,124,127,69,61,60,61,50,58,42,39,38,24,21,18,15,12,9,5,3,0
2031,134,139,144,149,153,155,154,156,157,158,149,143,117,135,118,132,133,125,120,132,104,83,99,93,111,124,125,152,186,182,224,237,210,224,272,246,286,310,276,306,279,307,239,246,243,229,268,248,271,300,298,274,267,267,291,287,267,234,258,241,252,262,266,275,271,227,260,280,257,256,230,234,233,221,191,182,195,156,156,118,152,95,98,82,51,39,25,45,29,33,23,20,17,13,11,6,7,5,3,3,0,125,130,134,138,143,144,143,145,147,147,138,133,108,117,115,130,121,107,100,124,108,71,92,96,81,104,118,134,140,164,198,199,188,206,270,238,262,250,273,265,235,283,248,237,214,203,238,247,262,272,254,278,271,252,253,255,229,240,247,246,261,230,279,291,269,267,292,291,284,296,278,298,253,245,242,241,250,194,191,177,197,129,119,121,65,57,56,57,46,53,38,35,33,21,18,15,12,9,7,4,0
2032,128,134,139,144,149,153,155,154,156,157,158,149,143,117,135,118,132,133,125,120,132,104,83,99,93,111,124,125,152,186,182,224,237,210,224,272,246,286,309,275,305,278,306,238,245,242,228,267,247,270,298,296,272,265,265,289,285,265,232,256,239,250,259,263,272,267,224,256,275,252,251,225,228,227,214,185,175,187,149,148,112,143,89,91,76,47,35,23,40,26,29,20,17,14,11,9,5,5,4,2,0,120,125,130,134,138,143,144,143,145,147,147,138,133,108,117,115,130,121,107,100,124,108,71,92,96,81,104,118,134,140,164,198,199,188,206,270,238,262,250,273,265,235,283,248,237,214,203,238,247,262,271,253,277,270,251,252,254,228,239,246,245,260,229,278,290,267,265,290,289,281,293,275,294,249,241,238,236,244,189,186,171,190,124,114,115,61,53,52,52,42,48,34,31,28,18,15,12,9,7,5,0
2033,123,128,134,139,144,149,153,155,154,156,157,158,149,143,117,135,118,132,133,125,120,132,104,83,99,93,111,124,125,152,186,182,224,237,210,224,272,246,285,308,274,304,277,305,237,244,241,227,266,246,269,296,294,270,263,263,287,283,263,230,254,237,247,256,260,268,263,221,252,270,247,245,219,222,220,207,178,168,179,142,140,105,134,83,84,70,43,32,21,35,23,25,17,14,12,9,7,4,4,3,0,114,120,125,130,134,138,143,144,143,145,147,147,138,133,108,117,115,130,121,107,100,124,108,71,92,96,81,104,118,134,140,164,198,199,188,206,270,238,262,250,273,265,235,283,248,237,214,203,238,247,262,270,252,276,269,250,251,253,227,238,245,244,259,228,277,288,265,263,288,286,278,290,272,290,245,237,233,231,238,184,180,165,182,118,108,108,57,49,48,47,38,43,30,27,24,15,12,9,7,5,0
2034,118,123,128,134,139,144,149,153,155,154,156,157,158,149,143,117,135,118,132,133,125,120,132,104,83,99,93,111,124,125,152,186,182,224,237,210,224,272,246,284,307,273,303,276,304,236,243,240,226,265,245,267,294,292,268,261,261,285,281,261,228,252,235,244,253,257,264,259,217,247,265,241,239,213,215,213,199,171,161,170,134,132,98,125,77,77,64,39,29,19,31,20,21,14,12,10,7,5,3,3,0,110,114,120,125,130,134,138,143,144,143,145,147,147,138,133,108,117,115,130,121,107,100,124,108,71,92,96,81,104,118,134,140,164,198,199,188,206,270,238,262,250,273,265,235,283,248,237,214,203,238,247,261,269,251,275,268,249,250,252,226,237,244,243,258,227,275,286,263,261,285,283,275,286,268,285,241,232,228,225,231,178,173,158,174,112,102,101,53,45,44,42,34,38,26,23,20,12,9,7,5,0
2035,112,118,123,128,134,139,144,149,153,155,154,156,157,158,149,143,117,135,118,132,133,125,120,132,104,83,99,93,111,124,125,152,186,182,224,237,210,224,272,246,283,306,272,302,275,303,235,242,239,225,264,244,266,292,290,266,259,259,283,279,259,226,250,233,241,250,254,260,255,213,243,260,236,233,207,209,206,192,164,154,162,127,124,92,116,71,71,58,35,26,17,27,17,18,12,10,8,5,4,2,0,104,110,114,120,125,130,134,138,143,144,143,145,147,147,138,133,108,117,115,130,121,107,100,124,108,71,92,96,81,104,118,134,140,164,198,199,188,206,270,238,262,250,273,265,235,283,248,237,214,203,238,247,260,268,250,274,267,248,249,251,225,236,243,242,257,226,274,284,261,259,283,280,272,283,264,281,237,227,223,219,224,172,167,152,166,106,96,95,49,41,40,38,30,33,22,19,16,10,7,5,0
2036,107,112,118,123,128,134,139,144,149,153,155,154,156,157,158,149,143,117,135,118,132,133,125,120,132,104,83,99,93,111,124,125,152,186,182,224,237,210,224,272,245,282,305,271,301,274,302,234,241,238,224,263,243,264,290,288,264,257,257,281,277,257,224,248,231,238,247,251,256,251,209,238,254,230,227,201,202,198,184,157,147,153,120,116,86,107,65,64,52,31,23,15,23,14,15,10,8,6,4,3,0,100,104,110,114,120,125,130,134,138,143,144,143,145,147,147,138,133,108,117,115,130,121,107,100,124,108,71,92,96,81,104,118,134,140,164,198,199,188,206,270,238,262,250,273,265,235,283,248,237,214,203,238,247,259,267,249,273,266,247,248,250,224,235,242,241,256,225,272,282,259,257,280,277,269,279,260,276,232,222,217,213,217,166,160,145,157,100,90,88,45,37,36,34,26,28,19,16,13,8,5,0
2037,102,107,112,118,123,128,134,139,144,149,153,155,154,156,157,158,149,143,117,135,118,132,133,125,120,132,104,83,99,93,111,124,125,152,186,182,224,237,210,224,271,244,281,304,270,300,273,301,233,240,237,223,262,242,262,288,286,262,255,255,279,275,255,222,245,228,235,244,247,252,246,205,233,248,224,220,194,195,190,176,149,139,144,112,108,79,98,59,58,46,27,20,13,20,12,12,8,6,5,3,0,96,100,104,110,114,120,125,130,134,138,143,144,143,145,147,147,138,133,108,117,115,130,121,107,100,124,108,71,92,96,81,104,118,134,140,164,198,199,188,206,270,238,262,250,273,265,235,283,248,237,214,203,238,246,258,266,248,272,265,246,247,249,223,234,241,240,255,224,270,280,257,255,277,274,265,275,255,271,227,216,211,206,209,159,153,137,148,94,84,81,41,33,32,30,22,24,16,13,10,6,0
2038,99,102,107,112,118,123,128,134,139,144,149,153,155,154,156,157,158,149,143,117,135,118,132,133,125,120,132,104,83,99,93,111,124,125,152,186,182,224,237,210,224,270,243,280,303,269,299,272,300,232,239,236,222,260,241,260,286,284,260,253,253,277,272,253,220,242,225,232,240,243,247,241,200,227,241,217,213,187,187,182,167,141,131,135,104,100,72,89,53,52,40,23,17,11,17,10,10,6,5,4,0,92,96,100,104,110,114,120,125,130,134,138,143,144,143,145,147,147,138,133,108,117,115,130,121,107,100,124,108,71,92,96,81,104,118,134,140,164,198,199,188,206,270,238,262,250,273,265,235,283,248,237,214,203,238,245,257,265,247,271,264,245,246,248,222,233,240,239,253,223,268,278,255,252,274,270,261,270,250,265,221,210,204,199,200,152,145,129,138,87,77,74,37,29,28,26,19,20,13,10,8,0
2039,95,99,102,107,112,118,123,128,134,139,144,149,153,155,154,156,157,158,149,143,117,135,118,132,133,125,120,132,104,83,99,93,111,124,125,152,186,182,224,237,210,223,269,242,279,302,268,298,271,299,231,238,235,221,258,239,258,284,282,258,251,251,274,269,250,218,239,222,229,236,239,242,236,195,221,234,210,205,179,179,173,158,133,123,126,96,92,65,80,47,46,35,20,14,9,14,8,8,5,4,0,89,92,96,100,104,110,114,120,125,130,134,138,143,144,143,145,147,147,138,133,108,117,115,130,121,107,100,124,108,71,92,96,81,104,118,134,140,164,198,199,188,206,270,238,262,250,273,265,235,283,248,237,214,203,237,244,256,264,246,270,263,244,245,247,221,232,239,238,251,221,266,275,252,249,270,266,256,265,244,258,215,203,197,191,191,144,137,121,128,80,70,67,33,25,24,22,16,16,10,8,0
2040,91,95,99,102,107,112,118,123,128,134,139,144,149,153,155,154,156,157,158,149,143,117,135,118,132,133,125,120,132,104,83,99,93,111,124,125,152,186,182,224,237,210,222,268,241,278,301,267,297,270,297,230,237,234,220,256,237,256,282,280,256,249,249,271,266,247,215,236,219,225,232,234,237,230,190,214,226,202,197,171,170,164,149,125,115,116,88,84,58,71,41,40,30,17,12,7,11,6,6,4,0,86,89,92,96,100,104,110,114,120,125,130,134,138,143,144,143,145,147,147,138,133,108,117,115,130,121,107,100,124,108,71,92,96,81,104,118,134,140,164,198,199,188,206,270,238,262,250,273,265,235,283,248,237,214,203,236,243,255,263,245,269,262,243,244,246,220,231,238,236,249,219,263,272,249,246,266,261,251,259,238,251,208,196,189,182,181,136,128,112,118,73,63,59,29,21,20,18,13,12,8,0
2041,89,91,95,99,102,107,112,118,123,128,134,139,144,149,153,155,154,156,157,158,149,143,117,135,118,132,133,125,120,132,104,83,99,93,111,124,125,152,186,182,224,236,209,221,267,240,277,300,266,296,269,295,229,236,233,219,254,235,254,280,278,254,247,247,268,263,244,212,233,215,221,227,229,231,224,184,207,218,194,188,163,161,154,140,116,106,106,80,76,52,63,36,34,25,14,10,6,9,5,4,0,84,86,89,92,96,100,104,110,114,120,125,130,134,138,143,144,143,145,147,147,138,133,108,117,115,130,121,107,100,124,108,71,92,96,81,104,118,134,140,164,198,199,188,206,270,238,262,250,273,265,235,282,248,237,214,203,235,242,254,262,244,268,261,242,243,245,219,230,236,234,247,217,260,269,246,242,261,256,245,253,231,243,200,188,180,173,170,127,119,103,107,66,56,52,25,18,16,14,10,9,0
2042,88,89,91,95,99,102,107,112,118,123,128,134,139,144,149,153,155,154,156,157,158,149,143,117,135,118,132,133,125,120,132,104,83,99,93,111,124,125,152,186,182,223,235,208,220,266,239,276,299,265,295,268,293,228,235,231,218,252,233,252,278,276,252,245,244,265,260,241,209,229,211,217,222,223,225,217,178,199,209,185,179,154,152,144,130,107,97,96,72,68,46,55,31,29,21,11,8,5,7,4,0,83,84,86,89,92,96,100,104,110,114,120,125,130,134,138,143,144,143,145,147,147,138,133,108,117,115,130,121,107,100,124,108,71,92,96,81,104,118,134,140,164,198,199,188,206,270,238,262,250,273,265,235,281,247,236,213,202,234,241,253,261,243,267,260,241,242,244,218,228,234,232,245,215,257,265,242,238,256,250,239,246,224,234,192,179,171,163,159,118,109,94,96,59,49,45,21,15,13,11,8,0
2043,89,88,89,91,95,99,102,107,112,118,123,128,134,139,144,149,153,155,154,156,157,158,149,143,117,135,118,132,133,125,120,132,104,83,99,93,111,124,125,152,186,182,222,234,207,219,265,238,275,298,264,293,267,291,227,233,229,216,250,231,250,276,273,250,242,241,262,257,237,206,225,207,212,217,217,218,210,171,191,200,176,169,145,142,134,120,98,88,86,64,60,40,47,26,24,17,9,6,4,5,0,83,83,84,86,89,92,96,100,104,110,114,120,125,130,134,138,143,144,143,145,147,147,138,133,108,117,115,130,121,107,100,124,108,71,92,96,81,104,118,134,140,164,198,199,188,206,270,238,262,250,273,265,235,280,246,235,212,201,233,240,252,260,242,266,259,240,241,243,217,226,232,230,242,212,253,261,238,233,250,244,232,238,216,224,183,170,161,153,148,108,99,85,85,52,42,38,17,12,10,8,0
2044,88,89,88,89,91,95,99,102,107,112,118,123,128,134,139,144,149,153,155,154,156,157,158,149,143,117,135,118,132,133,125,120,132,104,83,99,93,111,124,125,152,186,182,221,233,206,218,264,237,274,296,263,291,265,289,226,231,227,214,248,229,248,273,270,247,239,238,258,253,233,202,221,202,207,211,210,211,202,164,183,190,167,159,136,132,124,110,89,79,77,56,52,34,40,22,20,14,7,5,3,0,82,83,83,84,86,89,92,96,100,104,110,114,120,125,130,134,138,143,144,143,145,147,147,138,133,108,117,115,130,121,107,100,124,108,71,92,96,81,104,118,134,140,164,198,199,188,206,270,238,262,250,273,264,235,279,245,234,211,200,232,239,251,259,241,265,258,239,240,241,215,224,230,228,239,209,249,256,233,228,244,237,225,229,207,214,174,160,151,142,136,98,89,75,74,45,35,31,14,9,8,0
2045,90,88,89,88,89,91,95,99,102,107,112,118,123,128,134,139,144,149,153,155,154,156,157,158,149,143,117,135,118,132,133,125,120,132,104,83,99,93,111,124,125,152,186,181,220,232,205,217,263,236,273,294,262,289,263,287,225,229,225,212,246,227,246,271,267,244,236,235,255,249,229,198,216,197,202,205,203,204,194,157,175,180,158,149,127,122,114,100,81,71,68,49,45,29,34,18,16,11,5,4,0,84,82,83,83,84,86,89,92,96,100,104,110,114,120,125,130,134,138,143,144,143,145,147,147,138,133,108,117,115,130,121,107,100,124,108,71,92,96,81,104,118,134,140,164,198,199,188,206,270,238,262,250,273,263,235,278,244,233,210,199,231,238,250,258,240,264,257,238,239,239,213,222,228,226,236,206,245,251,228,223,238,230,218,220,198,204,165,151,141,132,125,89,80,66,64,38,29,25,11,7,0
2046,91,90,88,89,88,89,91,95,99,102,107,112,118,123,128,134,139,144,149,153,155,154,156,157,158,149,143,117,135,118,132,133,125,120,132,104,83,99,93,111,124,125,152,185,180,219,231,204,216,262,235,272,292,261,287,261,285,223,227,223,210,244,225,244,268,264,241,233,232,251,245,225,194,211,192,196,199,196,196,186,150,166,170,149,139,118,112,104,90,73,63,60,42,39,24,28,15,13,8,4,0,86,84,82,83,83,84,86,89,92,96,100,104,110,114,120,125,130,134,138,143,144,143,145,147,147,138,133,108,117,115,130,121,107,100,124,108,71,92,96,81,104,118,134,140,164,198,199,188,206,270,238,262,250,272,262,234,277,243,232,209,198,230,237,249,257,239,263,256,237,237,237,211,220,226,223,233,203,241,246,223,217,231,222,210,211,189,193,155,141,131,121,113,80,71,57,55,32,24,20,8,0
2047,93,91,90,88,89,88,89,91,95,99,102,107,112,118,123,128,134,139,144,149,153,155,154,156,157,158,149,143,117,135,118,132,133,125,120,132,104,83,99,93,111,124,125,152,184,179,218,230,203,215,261,234,271,290,259,285,259,283,221,225,221,208,242,223,242,265,261,238,230,229,247,240,220,190,206,187,190,192,189,188,177,142,157,160,139,129,109,102,94,81,65,55,52,36,33,20,23,12,10,6,0,87,86,84,82,83,83,84,86,89,92,96,100,104,110,114,120,125,130,134,138,143,144,143,145,147,147,138,133,108,117,115,130,121,107,100,124,108,71,92,96,81,104,118,134,140,164,198,199,188,206,270,238,262,250,271,261,233,276,242,231,208,197,229,236,248,256,238,262,254,235,235,235,209,218,223,220,229,199,236,240,217,211,223,214,201,201,179,182,145,131,120,110,101,71,62,49,46,26,19,15,0
2048,95,93,91,90,88,89,88,89,91,95,99,102,107,112,118,123,128,134,139,144,149,153,155,154,156,157,158,149,143,117,135,118,132,133,125,120,132,104,83,99,93,111,124,125,152,183,178,217,229,202,214,260,233,269,288,257,283,257,281,219,223,219,206,240,221,239,262,258,235,227,225,242,235,215,185,200,181,183,185,181,179,168,134,148,150,129,119,100,92,84,72,57,48,45,30,27,16,18,9,7,0,88,87,86,84,82,83,83,84,86,89,92,96,100,104,110,114,120,125,130,134,138,143,144,143,145,147,147,138,133,108,117,115,130,121,107,100,124,108,71,92,96,81,104,118,134,140,164,198,199,188,206,270,238,261,249,270,260,232,275,241,230,207,196,228,235,247,255,237,260,252,233,233,233,207,215,220,217,225,195,231,234,211,204,215,205,191,190,168,170,134,120,109,99,89,62,53,41,38,21,15,0
2049,97,95,93,91,90,88,89,88,89,91,95,99,102,107,112,118,123,128,134,139,144,149,153,155,154,156,157,158,149,143,117,135,118,132,133,125,120,132,104,83,99,93,111,124,125,151,182,177,216,228,201,213,259,232,267,286,255,281,255,279,217,221,217,204,238,219,236,259,255,232,223,221,237,230,210,180,194,175,176,177,173,170,159,126,138,139,119,109,90,82,74,63,49,41,38,25,22,13,14,7,0,90,88,87,86,84,82,83,83,84,86,89,92,96,100,104,110,114,120,125,130,134,138,143,144,143,145,147,147,138,133,108,117,115,130,121,107,100,124,108,71,92,96,81,104,118,134,140,164,198,199,188,206,270,238,260,248,269,259,231,274,240,229,206,195,227,234,246,254,236,258,250,231,231,230,204,212,217,213,220,191,225,227,204,196,206,195,181,179,157,157,123,109,98,87,77,53,44,33,30,16,0
2050,99,97,95,93,91,90,88,89,88,89,91,95,99,102,107,112,118,123,128,134,139,144,149,153,155,154,156,157,158,149,143,117,135,118,132,133,125,120,132,104,83,99,93,111,124,125,150,181,176,215,227,200,212,258,231,265,284,253,279,253,277,215,219,215,202,236,217,233,256,251,228,219,216,232,224,204,174,187,168,169,169,164,161,149,118,128,128,109,99,81,73,65,54,42,35,31,20,17,10,10,0,92,90,88,87,86,84,82,83,83,84,86,89,92,96,100,104,110,114,120,125,130,134,138,143,144,143,145,147,147,138,133,108,117,115,130,121,107,100,124,108,71,92,96,81,104,118,134,140,164,198,199,188,206,269,238,259,247,268,258,230,273,239,228,205,194,226,233,245,253,234,256,248,229,229,227,201,209,213,209,215,186,218,219,196,188,196,185,170,167,145,144,112,98,87,76,66,44,36,26,23,0
2051,99,99,97,95,93,91,90,88,89,88,89,91,95,99,102,107,112,118,123,128,134,139,144,149,153,155,154,156,157,158,149,143,117,135,118,132,133,125,120,132,104,83,99,93,111,124,125,149,180,175,214,226,199,211,256,230,263,282,251,277,251,275,213,217,213,200,233,214,230,252,247,224,215,211,226,218,198,168,180,161,161,161,155,151,139,110,118,117,99,89,72,64,56,46,35,29,25,16,13,7,0,93,92,90,88,87,86,84,82,83,83,84,86,89,92,96,100,104,110,114,120,125,130,134,138,143,144,143,145,147,147,138,133,108,117,115,130,121,107,100,124,108,71,92,96,81,104,118,134,140,164,198,199,188,206,268,237,258,246,267,257,229,272,238,227,204,193,225,232,244,251,232,254,246,227,226,224,198,205,209,204,209,181,211,211,188,179,185,174,159,155,133,131,100,87,76,65,55,36,29,20,0
2052,99,99,99,97,95,93,91,90,88,89,88,89,91,95,99,102,107,112,118,123,128,134,139,144,149,153,155,154,156,157,158,149,143,117,135,118,132,133,125,120,132,104,83,99,93,111,124,124,148,179,174,213,225,198,210,254,229,261,280,249,275,249,273,211,215,211,198,230,211,227,248,242,219,210,206,220,211,191,162,173,154,153,152,146,141,129,101,108,106,89,79,63,55,48,39,29,23,20,12,10,0,93,93,92,90,88,87,86,84,82,83,83,84,86,89,92,96,100,104,110,114,120,125,130,134,138,143,144,143,145,147,147,138,133,108,117,115,130,121,107,100,124,108,71,92,96,81,104,118,134,140,164,198,199,188,206,267,236,257,245,266,256,228,271,237,226,203,192,224,231,242,249,230,252,243,224,223,220,194,201,204,199,203,175,203,202,179,169,174,163,147,142,121,117,88,76,65,54,45,29,22,0
2053,100,99,99,99,97,95,93,91,90,88,89,88,89,91,95,99,102,107,112,118,123,128,134,139,144,149,153,155,154,156,157,158,149,143,117,135,118,132,133,125,120,132,104,83,99,93,111,123,123,147,178,173,212,224,197,209,252,227,259,278,247,273,247,271,209,213,209,196,227,208,223,243,237,214,205,200,213,204,184,155,165,146,145,143,136,131,119,92,98,95,79,69,54,47,40,32,23,18,15,9,0,93,93,93,92,90,88,87,86,84,82,83,83,84,86,89,92,96,100,104,110,114,120,125,130,134,138,143,144,143,145,147,147,138,133,108,117,115,130,121,107,100,124,108,71,92,96,81,104,118,134,140,164,198,199,188,206,266,235,256,244,265,255,227,270,236,225,202,191,223,229,240,247,228,249,240,221,219,216,190,196,199,193,196,168,194,192,169,159,163,151,135,129,108,103,76,65,54,44,36,22,0
2054,101,100,99,99,99,97,95,93,91,90,88,89,88,89,91,95,99,102,107,112,118,123,128,134,139,144,149,153,155,154,156,157,158,149,143,117,135,118,132,133,125,120,132,104,83,99,93,111,122,122,146,177,172,211,223,196,208,250,225,257,276,245,271,245,268,207,211,206,193,224,205,219,238,232,209,199,194,206,196,176,148,157,138,136,134,126,121,109,83,88,84,69,60,46,40,33,26,18,14,11,0,94,93,93,93,92,90,88,87,86,84,82,83,83,84,86,89,92,96,100,104,110,114,120,125,130,134,138,143,144,143,145,147,147,138,133,108,117,115,130,121,107,100,124,108,71,92,96,81,104,118,134,140,164,198,199,188,206,265,234,255,243,264,254,226,269,235,224,201,190,222,227,238,245,226,246,237,217,215,212,186,191,193,187,189,161,185,182,159,149,151,139,122,116,95,90,65,54,44,35,28,0
2055,100,101,100,99,99,99,97,95,93,91,90,88,89,88,89,91,95,99,102,107,112,118,123,128,134,139,144,149,153,155,154,156,157,158,149,143,117,135,118,132,133,125,120,132,104,83,99,93,111,121,121,145,176,171,210,222,195,207,248,223,255,274,243,269,243,265,205,209,203,190,221,202,215,233,227,204,193,188,199,188,168,141,149,130,128,125,116,111,99,75,78,74,60,52,39,33,27,21,14,11,0,94,94,93,93,93,92,90,88,87,86,84,82,83,83,84,86,89,92,96,100,104,110,114,120,125,130,134,138,143,144,143,145,147,147,138,133,108,117,115,130,121,107,100,124,108,71,92,96,81,104,118,134,140,164,198,199,188,206,264,233,254,242,263,253,225,268,234,223,200,189,221,225,236,243,224,243,234,213,211,208,182,186,187,180,182,154,176,172,149,139,139,127,110,103,83,78,55,45,35,27,0
2056,99,100,101,100,99,99,99,97,95,93,91,90,88,89,88,89,91,95,99,102,107,112,118,123,128,134,139,144,149,153,155,154,156,157,158,149,143,117,135,118,132,133,125,120,132,104,83,99,93,111,120,120,144,175,170,209,221,194,206,246,221,253,272,241,267,241,262,203,206,200,187,217,198,210,228,221,198,187,181,191,180,160,134,141,122,119,116,106,101,89,67,69,64,52,44,32,27,22,16,11,0,93,94,94,93,93,93,92,90,88,87,86,84,82,83,83,84,86,89,92,96,100,104,110,114,120,125,130,134,138,143,144,143,145,147,147,138,133,108,117,115,130,121,107,100,124,108,71,92,96,81,104,118,134,140,164,198,199,188,206,263,232,253,241,262,252,224,267,233,222,199,188,219,223,234,240,221,240,230,209,207,203,177,180,180,173,174,146,166,161,139,128,127,115,98,90,72,66,45,36,27,0
2057,99,99,100,101,100,99,99,99,97,95,93,91,90,88,89,88,89,91,95,99,102,107,112,118,123,128,134,139,144,149,153,155,154,156,157,158,149,143,117,135,118,132,133,125,120,132,104,83,99,93,110,119,119,143,174,169,208,220,193,205,244,219,251,270,239,264,239,259,200,203,197,184,213,194,205,222,215,192,180,174,183,171,152,126,132,114,110,106,96,91,79,59,60,55,44,37,26,22,17,12,0,92,93,94,94,93,93,93,92,90,88,87,86,84,82,83,83,84,86,89,92,96,100,104,110,114,120,125,130,134,138,143,144,143,145,147,147,138,133,108,117,115,130,121,107,100,124,108,71,92,96,81,104,118,134,140,164,198,199,188,206,262,231,252,240,261,251,223,266,232,221,198,187,217,221,231,237,218,236,226,205,202,197,172,174,173,165,165,138,156,150,128,117,115,102,86,78,61,55,36,28,0
2058,98,99,99,100,101,100,99,99,99,97,95,93,91,90,88,89,88,89,91,95,99,102,107,112,118,123,128,134,139,144,149,153,155,154,156,157,158,149,143,117,135,118,132,133,125,120,132,104,83,99,93,109,118,118,142,173,168,207,219,192,204,242,217,249,268,237,261,236,256,197,200,194,181,209,189,200,216,208,185,173,167,174,162,143,118,123,105,101,96,86,81,69,51,52,47,37,30,21,17,13,0,92,92,93,94,94,93,93,93,92,90,88,87,86,84,82,83,83,84,86,89,92,96,100,104,110,114,120,125,130,134,138,143,144,143,145,147,147,138,133,108,117,115,130,121,107,100,124,108,71,92,96,81,104,118,134,140,164,198,199,188,205,261,230,251,239,260,250,222,265,231,220,197,185,215,219,228,234,214,232,221,200,197,191,166,167,165,157,156,130,145,138,117,106,102,89,74,66,50,44,28,0
2059,98,98,99,99,100,101,100,99,99,99,97,95,93,91,90,88,89,88,89,91,95,99,102,107,112,118,123,128,134,139,144,149,153,155,154,156,157,158,149,143,117,135,118,132,133,125,120,131,104,83,99,93,108,117,117,141,172,167,206,218,191,203,240,215,247,265,235,258,233,252,194,197,190,177,204,184,194,209,201,178,166,159,165,153,134,110,114,96,92,86,77,71,60,44,44,39,30,24,16,13,0,91,92,92,93,94,94,93,93,93,92,90,88,87,86,84,82,83,83,84,86,89,92,96,100,104,110,114,120,125,130,134,138,143,144,143,145,147,147,138,133,108,117,115,130,121,107,100,124,108,71,92,96,81,104,118,134,140,164,198,199,188,204,260,229,250,238,259,249,221,263,229,218,195,183,213,216,225,230,210,227,216,195,191,184,159,160,157,148,146,121,134,126,106,94,89,77,63,55,40,34,0
2060,96,98,98,99,99,100,101,100,99,99,99,97,95,93,91,90,88,89,88,89,91,95,99,102,107,112,118,123,128,134,139,144,149,153,155,154,156,157,158,149,143,117,135,118,132,133,125,120,130,104,83,99,93,107,116,116,140,171,166,205,216,190,201,238,213,245,262,232,255,230,248,191,193,186,173,199,179,188,202,193,170,158,151,156,144,125,102,105,87,83,77,68,62,52,37,37,32,24,19,12,0,90,91,92,92,93,94,94,93,93,93,92,90,88,87,86,84,82,83,83,84,86,89,92,96,100,104,110,114,120,125,130,134,138,143,144,143,145,147,147,138,133,108,117,115,130,121,107,100,124,108,71,92,96,81,104,118,134,140,164,198,198,187,203,259,228,249,237,258,248,220,261,227,216,193,181,210,213,221,226,206,222,210,189,184,177,152,152,148,139,136,112,122,114,94,82,77,65,52,44,31,0
2061,95,96,98,98,99,99,100,101,100,99,99,99,97,95,93,91,90,88,89,88,89,91,95,99,102,107,112,118,123,128,134,139,144,149,153,155,154,156,157,158,149,143,117,135,118,132,133,125,119,129,104,83,99,93,106,115,115,139,170,165,204,214,189,199,236,211,242,259,229,252,226,244,187,189,182,168,193,173,181,194,185,162,150,142,146,134,116,94,95,78,74,68,59,53,44,31,30,26,19,14,0,88,90,91,92,92,93,94,94,93,93,93,92,90,88,87,86,84,82,83,83,84,86,89,92,96,100,104,110,114,120,125,130,134,138,143,144,143,145,147,147,138,133,108,117,115,130,121,107,100,124,108,71,92,96,81,104,118,134,140,164,197,197,186,202,258,227,248,236,257,247,219,259,225,214,191,179,207,210,217,221,201,216,204,182,177,169,144,144,139,129,125,102,110,102,82,71,65,54,42,34,0
2062,93,95,96,98,98,99,99,100,101,100,99,99,99,97,95,93,91,90,88,89,88,89,91,95,99,102,107,112,118,123,128,134,139,144,149,153,155,154,156,157,158,149,143,117,135,118,132,132,124,118,128,103,83,98,92,105,114,114,138,169,164,203,212,187,197,234,209,239,256,226,248,222,239,183,185,177,163,187,167,174,186,176,154,142,133,136,124,106,85,85,69,65,59,51,45,37,25,24,20,14,0,86,88,90,91,92,92,93,94,94,93,93,93,92,90,88,87,86,84,82,83,83,84,86,89,92,96,100,104,110,114,120,125,130,134,138,143,144,143,145,147,147,138,133,108,117,115,130,121,107,100,124,108,71,92,96,81,104,118,134,140,164,196,196,185,201,257,226,247,235,255,245,217,257,223,212,189,176,204,206,212,216,196,209,197,175,169,160,136,135,129,119,114,92,98,89,71,60,54,43,33,0
2063,90,93,95,96,98,98,99,99,100,101,100,99,99,99,97,95,93,91,90,88,89,88,89,91,95,99,102,107,112,118,123,128,134,139,144,149,153,155,154,156,157,158,149,143,117,135,118,131,131,123,117,127,102,83,97,91,104,113,113,137,168,163,201,210,185,195,232,207,236,252,223,244,218,234,179,180,172,158,180,160,167,177,167,145,133,124,126,114,96,76,76,61,56,51,43,37,30,20,19,15,0,84,86,88,90,91,92,92,93,94,94,93,93,93,92,90,88,87,86,84,82,83,83,84,86,89,92,96,100,104,110,114,120,125,130,134,138,143,144,143,145,147,147,138,133,108,117,115,130,121,107,100,124,108,71,92,96,81,104,118,134,140,164,195,195,184,200,256,225,246,234,253,243,215,255,221,209,186,173,200,202,207,210,190,202,189,167,160,151,128,126,119,109,103,82,86,77,60,50,43,34,0
2064,88,90,93,95,96,98,98,99,99,100,101,100,99,99,99,97,95,93,91,90,88,89,88,89,91,95,99,102,107,112,118,123,128,134,139,144,149,153,155,154,156,157,158,149,143,117,135,118,130,130,122,116,126,101,83,96,90,103,112,112,136,167,162,199,208,183,193,229,204,233,248,219,239,213,229,174,175,166,152,173,153,159,168,158,136,124,115,116,104,86,68,67,53,48,43,36,30,24,16,14,0,82,84,86,88,90,91,92,92,93,94,94,93,93,93,92,90,88,87,86,84,82,83,83,84,86,89,92,96,100,104,110,114,120,125,130,134,138,143,144,143,145,147,147,138,133,108,117,115,130,121,107,100,124,108,71,92,96,81,104,118,134,140,164,194,194,183,199,255,224,245,232,251,241,213,252,218,206,183,170,196,197,201,204,183,194,181,159,151,142,119,116,109,98,92,72,74,65,50,40,34,0
2065,86,88,90,93,95,96,98,98,99,99,100,101,100,99,99,99,97,95,93,91,90,88,89,88,89,91,95,99,102,107,112,118,123,128,134,139,144,149,153,155,154,156,157,158,149,143,117,134,118,129,129,121,115,125,100,83,95,89,102,111,111,135,166,161,197,206,181,191,226,201,230,244,215,234,208,223,169,170,160,146,166,146,151,159,149,127,115,106,106,94,77,60,58,46,41,36,30,24,19,12,0,80,82,84,86,88,90,91,92,92,93,94,94,93,93,93,92,90,88,87,86,84,82,83,83,84,86,89,92,96,100,104,110,114,120,125,130,134,138,143,144,143,145,147,147,138,133,108,117,115,130,121,107,100,124,108,71,92,96,81,104,118,134,140,164,193,193,182,198,254,223,243,230,249,239,211,249,215,203,180,167,192,192,195,197,176,186,172,151,142,133,110,106,99,88,81,63,63,54,41,32,0
