year,age_range,male,female,total
2019,0-4,11471,10818,22289
2019,5-9,13451,12531,25982
2019,10-14,13098,11940,25038
2019,15-19,14699,13386,28085
2019,20-24,16558,15387,31945
2019,25-29,18501,17341,35842
2019,30-34,19568,19367,38935
2019,35-39,24744,25658,50402
2019,40-44,25092,26028,51120
2019,45-49,20853,22009,42862
2019,50-54,18463,20819,39282
2019,55-59,18287,22493,40780
2019,60-64,18592,23041,41633
2019,65-69,16314,19458,35772
2019,70-74,9072,10589,19661
2019,75-79,5942,7027,12969
2019,80-84,2971,4284,7255
2019,85-89,1824,2195,4019
2019,90-94,947,869,1816
2019,95-99,251,238,489
2019,100+,53,47,100
2020,0-4,11024,10264,21288
2020,5-9,13683,12937,26620
2020,10-14,12940,11677,24617
2020,15-19,13738,12652,26390
2020,20-24,16519,15183,31702
2020,25-29,17957,16939,34896
2020,30-34,19319,18695,38014
2020,35-39,23823,24619,48442
2020,40-44,25756,26758,52514
2020,45-49,20996,22214,43210
2020,50-54,18726,20816,39542
2020,55-59,18102,22138,40240
2020,60-64,18348,22933,41281
2020,65-69,17142,20737,37879
2020,70-74,10314,12245,22559
2020,75-79,5872,6944,12816
2020,80-84,3258,4636,7894
2020,85-89,1760,2365,4125
2020,90-94,990,965,1955
2020,95-99,275,233,508
2020,100+,0,0,0
2021,0-4,10557,9822,20379
2021,5-9,13506,12817,26323
2021,10-14,12947,11681,24628
2021,15-19,13310,12210,25520
2021,20-24,16053,14777,30830
2021,25-29,17763,16729,34492
2021,30-34,19188,18369,37557
2021,35-39,22382,22934,45316
2021,40-44,25686,26842,52528
2021,45-49,22036,23215,45251
2021,50-54,19189,20872,40061
2021,55-59,17957,21752,39709
2021,60-64,17894,22770,40664
2021,65-69,17336,21290,38626
2021,70-74,11842,14285,26127
2021,75-79,6016,7108,13124
2021,80-84,3548,4996,8544
2021,85-89,1737,2515,4252
2021,90-94,978,1014,1992
2021,95-99,291,265,556
2021,100+,0,0,0
2022,0-4,10203,9422,19625
2022,5-9,12735,12153,24888
2022,10-14,13418,12175,25593
2022,15-19,13054,12014,25068
2022,20-24,15386,14069,29455
2022,25-29,17537,16514,34051
2022,30-34,19225,18141,37366
2022,35-39,20860,21260,42120
2022,40-44,25747,26960,52707
2022,45-49,22871,24187,47058
2022,50-54,19692,21104,40796
2022,55-59,17671,21164,38835
2022,60-64,17774,22624,40398
2022,65-69,17315,21629,38944
2022,70-74,12983,15911,28894
2022,75-79,6401,7722,14123
2022,80-84,3839,5298,9137
2022,85-89,1745,2676,4421
2022,90-94,970,1109,2079
2022,95-99,300,284,584
2022,100+,0,0,0
2023,0-4,9877,9127,19004
2023,5-9,12211,11589,23800
2023,10-14,13343,12346,25689
2023,15-19,13095,11941,25036
2023,20-24,15054,13794,28848
2023,25-29,17000,15873,32873
2023,30-34,18820,17669,36489
2023,35-39,20076,20239,40315
2023,40-44,25322,26408,51730
2023,45-49,23662,25081,48743
2023,50-54,20008,21359,41367
2023,55-59,17544,20740,38284
2023,60-64,17700,22538,40238
2023,65-69,17305,21890,39195
2023,70-74,13982,17425,31407
2023,75-79,6859,8400,15259
2023,80-84,4162,5630,9792
2023,85-89,1791,2864,4655
2023,90-94,946,1166,2112
2023,95-99,319,314,633
2023,100+,0,0,0
2024,0-4,9640,8965,18605
2024,5-9,11470,10817,22287
2024,10-14,13450,12531,25981
2024,15-19,13079,11940,25019
2024,20-24,14664,13369,28033
2024,25-29,16507,15362,31869
2024,30-34,18420,17309,35729
2024,35-39,19424,19309,38733
2024,40-44,24440,25545,49985
2024,45-49,24610,25857,50467
2024,50-54,20285,21787,42072
2024,55-59,17785,20519,38304
2024,60-64,17384,22029,39413
2024,65-69,17300,22294,39594
2024,70-74,14605,18389,32994
2024,75-79,7613,9606,17219
2024,80-84,4465,5875,10340
2024,85-89,1900,3123,5023
2024,90-94,906,1253,2159
2024,95-99,327,321,648
2024,100+,0,0,0
2025,0-4,9226,8582,17808
2025,5-9,11023,10263,21286
2025,10-14,13683,12937,26620
2025,15-19,12921,11677,24598
2025,20-24,13707,12639,26346
2025,25-29,16469,15158,31627
2025,30-34,17881,16909,34790
2025,35-39,19179,18640,37819
2025,40-44,23531,24510,48041
2025,45-49,25263,26585,51848
2025,50-54,20429,21992,42421
2025,55-59,18049,20523,38572
2025,60-64,17224,21692,38916
2025,65-69,17097,22207,39304
2025,70-74,15363,19618,34981
2025,75-79,8668,11123,19791
2025,80-84,4414,5816,10230
2025,85-89,2103,3404,5507
2025,90-94,881,1365,2246
2025,95-99,346,361,707
2025,100+,0,0,0
2026,0-4,8849,8235,17084
2026,5-9,10556,9821,20377
2026,10-14,13505,12817,26322
2026,15-19,12929,11681,24610
2026,20-24,13284,12201,25485
2026,25-29,16003,14752,30755
2026,30-34,17690,16700,34390
2026,35-39,19053,18316,37369
2026,40-44,22109,22834,44943
2026,45-49,25200,26669,51869
2026,50-54,21447,22990,44437
2026,55-59,18503,20584,39087
2026,60-64,17098,21323,38421
2026,65-69,16694,22065,38759
2026,70-74,15562,20166,35728
2026,75-79,9972,12994,22966
2026,80-84,4537,5972,10509
2026,85-89,2299,3680,5979
2026,90-94,875,1460,2335
2026,95-99,342,388,730
2026,100+,0,0,0
2027,0-4,8510,7920,16430
2027,5-9,10202,9421,19623
2027,10-14,12735,12153,24888
2027,15-19,13400,12175,25575
2027,20-24,13029,12008,25037
2027,25-29,15340,14044,29384
2027,30-34,17467,16486,33953
2027,35-39,19092,18089,37181
2027,40-44,20608,21168,41776
2027,45-49,25261,26787,52048
2027,50-54,22265,23955,46220
2027,55-59,18992,20815,39807
2027,60-64,16836,20754,37590
2027,65-69,16599,21937,38536
2027,70-74,15561,20506,36067
2027,75-79,10945,14493,25438
2027,80-84,4853,6521,11374
2027,85-89,2494,3915,6409
2027,90-94,888,1569,2457
2027,95-99,339,431,770
2027,100+,0,0,0
2028,0-4,8198,7632,15830
2028,5-9,9876,9127,19003
2028,10-14,12211,11589,23800
2028,15-19,13326,12346,25672
2028,20-24,13070,11938,25008
2028,25-29,15013,13770,28783
2028,30-34,16932,15845,32777
2028,35-39,18693,17618,36311
2028,40-44,19839,20153,39992
2028,45-49,24846,26241,51087
2028,50-54,23039,24844,47883
2028,55-59,19303,21069,40372
2028,60-64,16727,20346,37073
2028,65-69,16548,21865,38413
2028,70-74,15573,20773,36346
2028,75-79,11796,15882,27678
2028,80-84,5228,7123,12351
2028,85-89,2712,4171,6883
2028,90-94,920,1688,2608
2028,95-99,332,458,790
2028,100+,0,0,0
2029,0-4,7915,7371,15286
2029,5-9,9640,8965,18605
2029,10-14,11470,10817,22287
2029,15-19,13434,12531,25965
2029,20-24,13054,11938,24992
2029,25-29,14628,13347,27975
2029,30-34,16441,15334,31775
2029,35-39,18297,17260,35557
2029,40-44,19197,19228,38425
2029,45-49,23983,25384,49367
2029,50-54,23964,25616,49580
2029,55-59,19576,21496,41072
2029,60-64,16966,20136,37102
2029,65-69,16267,21383,37650
2029,70-74,15586,21172,36758
2029,75-79,12333,16779,29112
2029,80-84,5835,8183,14018
2029,85-89,2916,4366,7282
2029,90-94,980,1854,2834
2029,95-99,319,494,813
2029,100+,0,0,0
2030,0-4,7652,7131,14783
2030,5-9,9226,8582,17808
2030,10-14,11023,10263,21286
2030,15-19,13667,12937,26604
2030,20-24,12896,11675,24571
2030,25-29,13675,12618,26293
2030,30-34,16404,15130,31534
2030,35-39,17761,16861,34622
2030,40-44,18958,18563,37521
2030,45-49,23089,24357,47446
2030,50-54,24598,26335,50933
2030,55-59,19715,21700,41415
2030,60-64,17223,20140,37363
2030,65-69,16120,21056,37176
2030,70-74,15406,21089,36495
2030,75-79,12966,17893,30859
2030,80-84,6631,9463,16094
2030,85-89,2871,4308,7179
2030,90-94,1091,2025,3116
2030,95-99,313,540,853
2030,100+,0,0,0
2031,0-4,7402,6900,14302
2031,5-9,8849,8235,17084
2031,10-14,10556,9821,20377
2031,15-19,13490,12816,26306
2031,20-24,12904,11679,24583
2031,25-29,13255,12180,25435
2031,30-34,15940,14725,30665
2031,35-39,17571,16652,34223
2031,40-44,18835,18241,37076
2031,45-49,21693,22690,44383
2031,50-54,24536,26418,50954
2031,55-59,20700,22686,43386
2031,60-64,17654,20197,37851
2031,65-69,16000,20695,36695
2031,70-74,15042,20954,35996
2031,75-79,13136,18391,31527
2031,80-84,7627,11049,18676
2031,85-89,2951,4426,7377
2031,90-94,1192,2184,3376
2031,95-99,310,576,886
2031,100+,0,0,0
2032,0-4,7158,6677,13835
2032,5-9,8510,7920,16430
2032,10-14,10202,9421,19623
2032,15-19,12720,12153,24873
2032,20-24,13375,12170,25545
2032,25-29,13001,11988,24989
2032,30-34,15280,14019,29299
2032,35-39,17350,16438,33788
2032,40-44,18872,18015,36887
2032,45-49,20221,21035,41256
2032,50-54,24597,26536,51133
2032,55-59,21491,23639,45130
2032,60-64,18120,20422,38542
2032,65-69,15753,20143,35896
2032,70-74,14953,20829,35782
2032,75-79,13126,18697,31823
2032,80-84,8365,12316,20681
2032,85-89,3165,4852,8017
2032,90-94,1291,2319,3610
2032,95-99,317,620,937
2032,100+,0,0,0
2033,0-4,6942,6477,13419
2033,5-9,8198,7632,15830
2033,10-14,9876,9127,19003
2033,15-19,12197,11589,23786
2033,20-24,13301,12341,25642
2033,25-29,13043,11917,24960
2033,30-34,14954,13745,28699
2033,35-39,16817,15800,32617
2033,40-44,18478,17546,36024
2033,45-49,19469,20026,39495
2033,50-54,24189,25995,50184
2033,55-59,22237,24515,46752
2033,60-64,18416,20673,39089
2033,65-69,15656,19748,35404
2033,70-74,14909,20761,35670
2033,75-79,13133,18934,32067
2033,80-84,8998,13475,22473
2033,85-89,3424,5318,8742
2033,90-94,1402,2466,3868
2033,95-99,330,666,996
2033,100+,0,0,0
2034,0-4,6741,6292,13033
2034,5-9,7915,7371,15286
2034,10-14,9640,8965,18605
2034,15-19,11457,10817,22274
2034,20-24,13409,12525,25934
2034,25-29,13027,11917,24944
2034,30-34,14570,13321,27891
2034,35-39,16330,15291,31621
2034,40-44,18088,17189,35277
2034,45-49,18841,19108,37949
2034,50-54,23349,25145,48494
2034,55-59,23130,25276,48406
2034,60-64,18676,21092,39768
2034,65-69,15882,19544,35426
2034,70-74,14657,20305,34962
2034,75-79,13140,19296,32436
2034,80-84,9399,14225,23624
2034,85-89,3841,6137,9978
2034,90-94,1505,2579,4084
2034,95-99,351,734,1085
2034,100+,0,0,0
2035,0-4,6545,6109,12654
2035,5-9,7652,7131,14783
2035,10-14,9226,8582,17808
2035,15-19,11012,10263,21275
2035,20-24,13642,12930,26572
2035,25-29,12870,11656,24526
2035,30-34,13625,12593,26218
2035,35-39,16296,15088,31384
2035,40-44,17561,16793,34354
2035,45-49,18611,18452,37063
2035,50-54,22487,24131,46618
2035,55-59,23755,25997,49752
2035,60-64,18833,21307,40140
2035,65-69,16156,19572,35728
2035,70-74,14568,20033,34601
2035,75-79,13038,19280,32318
2035,80-84,9925,15228,25153
2035,85-89,4387,7134,11521
2035,90-94,1487,2568,4055
2035,95-99,401,823,1224
2035,100+,0,0,0
2036,0-4,6357,5936,12293
2036,5-9,7402,6900,14302
2036,10-14,8849,8235,17084
2036,15-19,10548,9821,20369
2036,20-24,13465,12810,26275
2036,25-29,12879,11663,24542
2036,30-34,13209,12155,25364
2036,35-39,15839,14685,30524
2036,40-44,17376,16587,33963
2036,45-49,18493,18133,36626
2036,50-54,21134,22483,43617
2036,55-59,23713,26088,49801
2036,60-64,19799,22293,42092
2036,65-69,16589,19649,36238
2036,70-74,14490,19723,34213
2036,75-79,12772,19209,31981
2036,80-84,10105,15721,25826
2036,85-89,5078,8382,13460
2036,90-94,1541,2674,4215
2036,95-99,442,903,1345
2036,100+,0,0,0
2037,0-4,6192,5782,11974
2037,5-9,7158,6677,13835
2037,10-14,8510,7920,16430
2037,15-19,10196,9421,19617
2037,20-24,12695,12152,24847
2037,25-29,13350,12152,25502
2037,30-34,12959,11963,24922
2037,35-39,15187,13980,29167
2037,40-44,17161,16376,33537
2037,45-49,18531,17909,36440
2037,50-54,19706,20848,40554
2037,55-59,23784,26210,49994
2037,60-64,20578,23241,43819
2037,65-69,17048,19887,36935
2037,70-74,14294,19222,33516
2037,75-79,12734,19137,31871
2037,80-84,10132,16041,26173
2037,85-89,5595,9392,14987
2037,90-94,1674,2986,4660
2037,95-99,484,973,1457
2037,100+,0,0,0
2038,0-4,6046,5647,11693
2038,5-9,6942,6477,13419
2038,10-14,8198,7632,15830
2038,15-19,9872,9127,18999
2038,20-24,12172,11589,23761
2038,25-29,13276,12324,25600
2038,30-34,13002,11892,24894
2038,35-39,14866,13708,28574
2038,40-44,16637,15739,32376
2038,45-49,18147,17445,35592
2038,50-54,18979,19852,38831
2038,55-59,23400,25683,49083
2038,60-64,21311,24113,45424
2038,65-69,17350,20149,37499
2038,70-74,14241,18874,33115
2038,75-79,12739,19116,31855
2038,80-84,10176,16294,26470
2038,85-89,6038,10305,16343
2038,90-94,1835,3323,5158
2038,95-99,529,1048,1577
2038,100+,0,0,0
2039,0-4,5920,5530,11450
2039,5-9,6741,6292,13033
2039,10-14,7915,7371,15286
2039,15-19,9636,8965,18601
2039,20-24,11434,10817,22251
2039,25-29,13384,12511,25895
2039,30-34,12989,11892,24881
2039,35-39,14486,13288,27774
2039,40-44,16158,15232,31390
2039,45-49,17768,17090,34858
2039,50-54,18372,18946,37318
2039,55-59,22597,24847,47444
2039,60-64,22186,24870,47056
2039,65-69,17620,20574,38194
2039,70-74,14477,18703,33180
2039,75-79,12557,18737,31294
2039,80-84,10218,16654,26872
2039,85-89,6329,10920,17249
2039,90-94,2087,3895,5982
2039,95-99,572,1112,1684
2039,100+,0,0,0
2040,0-4,5814,5433,11247
2040,5-9,6545,6109,12654
2040,10-14,7652,7131,14783
2040,15-19,9223,8582,17805
2040,20-24,10989,10263,21252
2040,25-29,13617,12915,26532
2040,30-34,12831,11632,24463
2040,35-39,13546,12563,26109
2040,40-44,16126,15031,31157
2040,45-49,17251,16697,33948
2040,50-54,18149,18296,36445
2040,55-59,21762,23846,45608
2040,60-64,22784,25576,48360
2040,65-69,17769,20785,38554
2040,70-74,14735,18735,33470
2040,75-79,12487,18485,30972
2040,80-84,10145,16641,26786
2040,85-89,6672,11674,18346
2040,90-94,2373,4509,6882
2040,95-99,560,1096,1656
2040,100+,0,0,0
2041,0-4,5724,5349,11073
2041,5-9,6357,5936,12293
2041,10-14,7402,6900,14302
2041,15-19,8846,8235,17081
2041,20-24,10525,9821,20346
2041,25-29,13439,12796,26235
2041,30-34,12840,11638,24478
2041,35-39,13133,12127,25260
2041,40-44,15672,14630,30302
2041,45-49,17071,16493,33564
2041,50-54,18033,17979,36012
2041,55-59,20452,22218,42670
2041,60-64,22743,25665,48408
2041,65-69,18688,21746,40434
2041,70-74,15130,18813,33943
2041,75-79,12412,18196,30608
2041,80-84,9937,16577,26514
2041,85-89,6794,12050,18844
2041,90-94,2746,5290,8036
2041,95-99,580,1144,1724
2041,100+,0,0,0
2042,0-4,5649,5280,10929
2042,5-9,6192,5782,11974
2042,10-14,7158,6677,13835
2042,15-19,8508,7920,16428
2042,20-24,10174,9421,19595
2042,25-29,12670,12139,24809
2042,30-34,13309,12127,25436
2042,35-39,12885,11936,24821
2042,40-44,15026,13928,28954
2042,45-49,16861,16283,33144
2042,50-54,18068,17757,35825
2042,55-59,19070,20602,39672
2042,60-64,22810,25787,48597
2042,65-69,19423,22671,42094
2042,70-74,15544,19036,34580
2042,75-79,12239,17729,29968
2042,80-84,9903,16509,26412
2042,85-89,6803,12285,19088
2042,90-94,3016,5916,8932
2042,95-99,635,1295,1930
2042,100+,0,0,0
2043,0-4,5577,5212,10789
2043,5-9,6046,5647,11693
2043,10-14,6942,6477,13419
2043,15-19,8197,7632,15829
2043,20-24,9850,9127,18977
2043,25-29,12147,11578,23725
2043,30-34,13235,12299,25534
2043,35-39,12928,11866,24794
2043,40-44,14706,13657,28363
2043,45-49,16343,15649,31992
2043,50-54,17696,17297,34993
2043,55-59,18367,19618,37985
2043,60-64,22441,25267,47708
2043,65-69,20113,23520,43633
2043,70-74,15818,19287,35105
2043,75-79,12202,17412,29614
2043,80-84,9909,16486,26395
2043,85-89,6827,12469,19296
2043,90-94,3241,6463,9704
2043,95-99,702,1453,2155
2043,100+,0,0,0
2044,0-4,5504,5144,10648
2044,5-9,5920,5530,11450
2044,10-14,6741,6292,13033
2044,15-19,7914,7371,15285
2044,20-24,9615,8965,18580
2044,25-29,11409,10808,22217
2044,30-34,13344,12486,25830
2044,35-39,12915,11866,24781
2044,40-44,14330,13238,27568
2044,45-49,15871,15145,31016
2044,50-54,17326,16945,34271
2044,55-59,17782,18724,36506
2044,60-64,21668,24446,46114
2044,65-69,20936,24259,45195
2044,70-74,16061,19696,35757
2044,75-79,12412,17256,29668
2044,80-84,9767,16158,25925
2044,85-89,6852,12740,19592
2044,90-94,3390,6833,10223
2044,95-99,806,1722,2528
2044,100+,0,0,0
2045,0-4,5447,5091,10538
2045,5-9,5814,5433,11247
2045,10-14,6545,6109,12654
2045,15-19,7652,7131,14783
2045,20-24,9204,8582,17786
2045,25-29,10964,10257,21221
2045,30-34,13577,12890,26467
2045,35-39,12759,11607,24366
2045,40-44,13403,12516,25919
2045,45-49,15843,14947,30790
2045,50-54,16826,16557,33383
2045,55-59,17577,18087,35664
2045,60-64,20882,23468,44350
2045,65-69,21518,24960,46478
2045,70-74,16224,19921,36145
2045,75-79,12674,17327,30001
2045,80-84,9751,15992,25743
2045,85-89,6847,12802,19649
2045,90-94,3590,7361,10951
2045,95-99,920,2013,2933
2045,100+,0,0,0
2046,0-4,5388,5036,10424
2046,5-9,5724,5349,11073
2046,10-14,6357,5936,12293
2046,15-19,7402,6900,14302
2046,20-24,8830,8235,17065
2046,25-29,10500,9818,20318
2046,30-34,13401,12771,26172
2046,35-39,12770,11613,24383
2046,40-44,12998,12084,25082
2046,45-49,15400,14549,29949
2046,50-54,16654,16357,33011
2046,55-59,17471,17778,35249
2046,60-64,19641,21872,41513
2046,65-69,21503,25064,46567
2046,70-74,17102,20873,37975
2046,75-79,13041,17433,30474
2046,80-84,9718,15783,25501
2046,85-89,6737,12814,19551
2046,90-94,3679,7663,11342
2046,95-99,1074,2392,3466
2046,100+,0,0,0
2047,0-4,5307,4960,10267
2047,5-9,5649,5280,10929
2047,10-14,6192,5782,11974
2047,15-19,7158,6677,13835
2047,20-24,8495,7920,16415
2047,25-29,10149,9420,19569
2047,30-34,12635,12115,24750
2047,35-39,13239,12102,25341
2047,40-44,12755,11894,24649
2047,45-49,14767,13853,28620
2047,50-54,16454,16151,32605
2047,55-59,17510,17560,35070
2047,60-64,18327,20287,38614
2047,65-69,21587,25195,46782
2047,70-74,17802,21781,39583
2047,75-79,13416,17662,31078
2047,80-84,9607,15408,25015
2047,85-89,6742,12808,19550
2047,90-94,3697,7865,11562
2047,95-99,1185,2700,3885
2047,100+,0,0,0
2048,0-4,5210,4870,10080
2048,5-9,5577,5212,10789
2048,10-14,6046,5647,11693
2048,15-19,6942,6477,13419
2048,20-24,8188,7632,15820
2048,25-29,9825,9127,18952
2048,30-34,12114,11556,23670
2048,35-39,13168,12274,25442
2048,40-44,12801,11825,24626
2048,45-49,14455,13583,28038
2048,50-54,15950,15524,31474
2048,55-59,17155,17108,34263
2048,60-64,17664,19325,36989
2048,65-69,21254,24697,45951
2048,70-74,18459,22616,41075
2048,75-79,13674,17920,31594
2048,80-84,9617,15174,24791
2048,85-89,6779,12835,19614
2048,90-94,3728,8026,11754
2048,95-99,1275,2963,4238
2048,100+,0,0,0
2049,0-4,5096,4763,9859
2049,5-9,5504,5144,10648
2049,10-14,5920,5530,11450
2049,15-19,6741,6292,13033
2049,20-24,7909,7371,15280
2049,25-29,9590,8964,18554
2049,30-34,11379,10789,22168
2049,35-39,13276,12460,25736
2049,40-44,12790,11826,24616
2049,45-49,14086,13166,27252
2049,50-54,15490,15026,30516
2049,55-59,16800,16762,33562
2049,60-64,17113,18451,35564
2049,65-69,20542,23902,44444
2049,70-74,19238,23340,42578
2049,75-79,13911,18325,32236
2049,80-84,9815,15075,24890
2049,85-89,6706,12623,19329
2049,90-94,3762,8248,12010
2049,95-99,1336,3151,4487
2049,100+,0,0,0
2050,0-4,4964,4639,9603
2050,5-9,5447,5091,10538
2050,10-14,5814,5433,11247
2050,15-19,6545,6109,12654
2050,20-24,7650,7131,14781
2050,25-29,9179,8582,17761
2050,30-34,10935,10239,21174
2050,35-39,13509,12863,26372
2050,40-44,12633,11568,24201
2050,45-49,13175,12450,25625
2050,50-54,15465,14828,30293
2050,55-59,16316,16380,32696
2050,60-64,16917,17824,34741
2050,65-69,19792,22943,42735
2050,70-74,19760,24009,43769
2050,75-79,14056,18539,32595
2050,80-84,10033,15149,25182
2050,85-89,6702,12494,19196
2050,90-94,3762,8288,12050
2050,95-99,1412,3384,4796
2050,100+,0,0,0
2051,0-4,4820,4505,9325
2051,5-9,5388,5036,10424
2051,10-14,5724,5349,11073
2051,15-19,6357,5936,12293
2051,20-24,7402,6900,14302
2051,25-29,8807,8235,17042
2051,30-34,10472,9801,20273
2051,35-39,13334,12743,26077
2051,40-44,12645,11574,24219
2051,45-49,12778,12021,24799
2051,50-54,15031,14434,29465
2051,55-59,16150,16182,32332
2051,60-64,16815,17518,34333
2051,65-69,18613,21382,39995
2051,70-74,19748,24110,43858
2051,75-79,14833,19435,34268
2051,80-84,10321,15246,25567
2051,85-89,6669,12327,18996
2051,90-94,3699,8292,11991
2051,95-99,1446,3520,4966
2051,100+,0,0,0
2052,0-4,4669,4364,9033
2052,5-9,5307,4960,10267
2052,10-14,5649,5280,10929
2052,15-19,6192,5782,11974
2052,20-24,7158,6677,13835
2052,25-29,8476,7920,16396
2052,30-34,10122,9404,19526
2052,35-39,12572,12089,24661
2052,40-44,13112,12060,25172
2052,45-49,12539,11832,24371
2052,50-54,14411,13744,28155
2052,55-59,15956,15978,31934
2052,60-64,16852,17305,34157
2052,65-69,17367,19832,37199
2052,70-74,19823,24234,44057
2052,75-79,15442,20279,35721
2052,80-84,10608,15437,26045
2052,85-89,6588,12022,18610
2052,90-94,3698,8278,11976
2052,95-99,1446,3602,5048
2052,100+,0,0,0
2053,0-4,4517,4221,8738
2053,5-9,5210,4870,10080
2053,10-14,5577,5212,10789
2053,15-19,6046,5647,11693
2053,20-24,6942,6477,13419
2053,25-29,8172,7632,15804
2053,30-34,9798,9111,18909
2053,35-39,12052,11530,23582
2053,40-44,13041,12231,25272
2053,45-49,12587,11765,24352
2053,50-54,14105,13475,27580
2053,55-59,15465,15356,30821
2053,60-64,16510,16860,33370
2053,65-69,16744,18894,35638
2053,70-74,19508,23750,43258
2053,75-79,16008,21055,37063
2053,80-84,10809,15665,26474
2053,85-89,6605,11850,18455
2053,90-94,3722,8290,12012
2053,95-99,1457,3666,5123
2053,100+,0,0,0
2054,0-4,4369,4083,8452
2054,5-9,5096,4763,9859
2054,10-14,5504,5144,10648
2054,15-19,5920,5530,11450
2054,20-24,6741,6292,13033
2054,25-29,7896,7371,15267
2054,30-34,9563,8950,18513
2054,35-39,11321,10763,22084
2054,40-44,13149,12417,25566
2054,45-49,12575,11766,24341
2054,50-54,13745,13062,26807
2054,55-59,15019,14863,29882
2054,60-64,16167,16517,32684
2054,65-69,16224,18042,34266
2054,70-74,18851,22980,41831
2054,75-79,16679,21726,38405
2054,80-84,10997,16021,27018
2054,85-89,6750,11776,18526
2054,90-94,3680,8153,11833
2054,95-99,1470,3764,5234
2054,100+,0,0,0
2055,0-4,4216,3940,8156
2055,5-9,4964,4639,9603
2055,10-14,5447,5091,10538
2055,15-19,5814,5433,11247
2055,20-24,6545,6109,12654
2055,25-29,7642,7131,14773
2055,30-34,9153,8570,17723
2055,35-39,10879,10214,21093
2055,40-44,13377,12819,26196
2055,45-49,12423,11508,23931
2055,50-54,12861,12354,25215
2055,55-59,15002,14671,29673
2055,60-64,15713,16146,31859
2055,65-69,16061,17442,33503
2055,70-74,18183,22076,40259
2055,75-79,17151,22374,39525
2055,80-84,11154,16256,27410
2055,85-89,6940,11900,18840
2055,90-94,3703,8129,11832
2055,95-99,1485,3828,5313
2055,100+,0,0,0
2056,0-4,4065,3798,7863
2056,5-9,4820,4505,9325
2056,10-14,5388,5036,10424
2056,15-19,5724,5349,11073
2056,20-24,6357,5936,12293
2056,25-29,7398,6900,14298
2056,30-34,8782,8225,17007
2056,35-39,10420,9776,20196
2056,40-44,13204,12700,25904
2056,45-49,12437,11515,23952
2056,50-54,12477,11929,24406
2056,55-59,14588,14284,28872
2056,60-64,15564,15956,31520
2056,65-69,15979,17152,33131
2056,70-74,17121,20591,37712
2056,75-79,17179,22502,39681
2056,80-84,11825,17101,28926
2056,85-89,7165,12029,19194
2056,90-94,3697,8070,11767
2056,95-99,1468,3870,5338
2056,100+,0,0,0
2057,0-4,3922,3664,7586
2057,5-9,4669,4364,9033
2057,10-14,5307,4960,10267
2057,15-19,5649,5280,10929
2057,20-24,6192,5782,11974
2057,25-29,7156,6677,13833
2057,30-34,8452,7912,16364
2057,35-39,10074,9379,19453
2057,40-44,12450,12049,24499
2057,45-49,12897,12000,24897
2057,50-54,12249,11744,23993
2057,55-59,13992,13603,27595
2057,60-64,15386,15760,31146
2057,65-69,16026,16951,32977
2057,70-74,15999,19116,35115
2057,75-79,17272,22645,39917
2057,80-84,12344,17880,30224
2057,85-89,7382,12210,19592
2057,90-94,3663,7905,11568
2057,95-99,1476,3894,5370
2057,100+,0,0,0
2058,0-4,3784,3536,7320
2058,5-9,4517,4221,8738
2058,10-14,5210,4870,10080
2058,15-19,5577,5212,10789
2058,20-24,6046,5647,11693
2058,25-29,6941,6477,13418
2058,30-34,8150,7626,15776
2058,35-39,9753,9086,18839
2058,40-44,11936,11492,23428
2058,45-49,12828,12171,24999
2058,50-54,12298,11677,23975
2058,55-59,13697,13339,27036
2058,60-64,14920,15150,30070
2058,65-69,15714,16523,32237
2058,70-74,15448,18229,33677
2058,75-79,17017,22213,39230
2058,80-84,12823,18599,31422
2058,85-89,7546,12434,19980
2058,90-94,3699,7844,11543
2058,95-99,1495,3932,5427
2058,100+,0,0,0
2059,0-4,3654,3415,7069
2059,5-9,4369,4083,8452
2059,10-14,5096,4763,9859
2059,15-19,5504,5144,10648
2059,20-24,5920,5530,11450
2059,25-29,6741,6292,13033
2059,30-34,7877,7366,15243
2059,35-39,9519,8926,18445
2059,40-44,11214,10728,21942
2059,45-49,12935,12357,25292
2059,50-54,12288,11679,23967
2059,55-59,13350,12933,26283
2059,60-64,14497,14667,29164
2059,65-69,15399,16194,31593
2059,70-74,14994,17421,32415
2059,75-79,16469,21512,37981
2059,80-84,13386,19221,32607
2059,85-89,7705,12757,20462
2059,90-94,3801,7840,11641
2059,95-99,1486,3899,5385
2059,100+,0,0,0
2060,0-4,3533,3301,6834
2060,5-9,4216,3940,8156
2060,10-14,4964,4639,9603
2060,15-19,5447,5091,10538
2060,20-24,5814,5433,11247
2060,25-29,6545,6109,12654
2060,30-34,7624,7127,14751
2060,35-39,9111,8546,17657
2060,40-44,10778,10182,20960
2060,45-49,13158,12756,25914
2060,50-54,12137,11423,23560
2060,55-59,12492,12231,24723
2060,60-64,14481,14478,28959
2060,65-69,14967,15831,30798
2060,70-74,14849,16848,31697
2060,75-79,15875,20659,36534
2060,80-84,13745,19776,33521
2060,85-89,7816,12949,20765
2060,90-94,3918,7939,11857
2060,95-99,1498,3886,5384
2060,100+,0,0,0
2061,0-4,3418,3194,6612
2061,5-9,4065,3798,7863
2061,10-14,4820,4505,9325
2061,15-19,5388,5036,10424
2061,20-24,5724,5349,11073
2061,25-29,6357,5936,12293
2061,30-34,7381,6897,14278
2061,35-39,8742,8201,16943
2061,40-44,10322,9746,20068
2061,45-49,12986,12637,25623
2061,50-54,12151,11430,23581
2061,55-59,12119,11812,23931
2061,60-64,14081,14097,28178
2061,65-69,14825,15643,30468
2061,70-74,14773,16567,31340
2061,75-79,14940,19265,34205
2061,80-84,13771,19892,33663
2061,85-89,8307,13643,21950
2061,90-94,4042,8031,12073
2061,95-99,1491,3853,5344
2061,100+,0,0,0
2062,0-4,3309,3093,6402
2062,5-9,3922,3664,7586
2062,10-14,4669,4364,9033
2062,15-19,5307,4960,10267
2062,20-24,5649,5280,10929
2062,25-29,6192,5782,11974
2062,30-34,7140,6675,13815
2062,35-39,8414,7889,16303
2062,40-44,9980,9352,19332
2062,45-49,12244,11989,24233
2062,50-54,12601,11912,24513
2062,55-59,11898,11628,23526
2062,60-64,13507,13425,26932
2062,65-69,14655,15449,30104
2062,70-74,14811,16372,31183
2062,75-79,13962,17888,31850
2062,80-84,13841,20011,33852
2062,85-89,8671,14258,22929
2062,90-94,4154,8138,12292
2062,95-99,1475,3764,5239
2062,100+,0,0,0
2063,0-4,3205,2996,6201
2063,5-9,3784,3536,7320
2063,10-14,4517,4221,8738
2063,15-19,5210,4870,10080
2063,20-24,5577,5212,10789
2063,25-29,6046,5647,11693
2063,30-34,6926,6476,13402
2063,35-39,8113,7604,15717
2063,40-44,9662,9059,18721
2063,45-49,11740,11435,23175
2063,50-54,12533,12082,24615
2063,55-59,11947,11561,23508
2063,60-64,13222,13165,26387
2063,65-69,14208,14851,29059
2063,70-74,14521,15958,30479
2063,75-79,13491,17064,30555
2063,80-84,13621,19617,33238
2063,85-89,9001,14826,23827
2063,90-94,4245,8290,12535
2063,95-99,1497,3744,5241
2063,100+,0,0,0
2064,0-4,3104,2901,6005
2064,5-9,3654,3415,7069
2064,10-14,4369,4083,8452
2064,15-19,5096,4763,9859
2064,20-24,5504,5144,10648
2064,25-29,5920,5530,11450
2064,30-34,6726,6291,13017
2064,35-39,7841,7345,15186
2064,40-44,9431,8898,18329
2064,45-49,11028,10675,21703
2064,50-54,12639,12265,24904
2064,55-59,11937,11563,23500
2064,60-64,12885,12762,25647
2064,65-69,13805,14377,28182
2064,70-74,14227,15640,29867
2064,75-79,13107,16313,29420
2064,80-84,13176,18987,32163
2064,85-89,9390,15314,24704
2064,90-94,4336,8508,12844
2064,95-99,1541,3747,5288
2064,100+,0,0,0
2065,0-4,3010,2813,5823
2065,5-9,3533,3301,6834
2065,10-14,4216,3940,8156
2065,15-19,4964,4639,9603
2065,20-24,5447,5091,10538
2065,25-29,5814,5433,11247
2065,30-34,6531,6109,12640
2065,35-39,7590,7107,14697
2065,40-44,9027,8519,17546
2065,45-49,10601,10131,20732
2065,50-54,12857,12661,25518
2065,55-59,11794,11312,23106
2065,60-64,12062,12073,24135
2065,65-69,13802,14199,28001
2065,70-74,13844,15302,29146
2065,75-79,13010,15801,28811
2065,80-84,12719,18258,30977
2065,85-89,9647,15783,25430
2065,90-94,4416,8692,13108
2065,95-99,1605,3845,5450
2065,100+,0,0,0
