year,age_range,male,female,total
2019,0-4,6359,5818,12177
2019,5-9,5835,5486,11321
2019,10-14,5624,5203,10827
2019,15-19,7114,6253,13367
2019,20-24,8094,7451,15545
2019,25-29,8842,8107,16949
2019,30-34,8810,8814,17624
2019,35-39,10801,10813,21614
2019,40-44,9837,9816,19653
2019,45-49,8273,8387,16660
2019,50-54,7630,8310,15940
2019,55-59,7431,8418,15849
2019,60-64,6517,7795,14312
2019,65-69,5146,6301,11447
2019,70-74,2653,3344,5997
2019,75-79,1689,2225,3914
2019,80-84,928,1366,2294
2019,85-89,883,698,1581
2019,90-94,559,305,864
2019,95-99,71,76,147
2019,100+,6,10,16
2020,0-4,5969,5545,11514
2020,5-9,6200,5770,11970
2020,10-14,5441,5050,10491
2020,15-19,6583,5782,12365
2020,20-24,8067,7387,15454
2020,25-29,8707,7985,16692
2020,30-34,8818,8551,17369
2020,35-39,10507,10580,21087
2020,40-44,10280,10312,20592
2020,45-49,8203,8333,16536
2020,50-54,7715,8264,15979
2020,55-59,7455,8475,15930
2020,60-64,6584,7883,14467
2020,65-69,5554,6813,12367
2020,70-74,2996,3759,6755
2020,75-79,1709,2257,3966
2020,80-84,989,1489,2478
2020,85-89,725,726,1451
2020,90-94,619,336,955
2020,95-99,92,81,173
2020,100+,0,0,0
2021,0-4,5571,5195,10766
2021,5-9,6353,5878,12231
2021,10-14,5466,5059,10525
2021,15-19,6275,5525,11800
2021,20-24,7784,7183,14967
2021,25-29,8644,7918,16562
2021,30-34,8897,8447,17344
2021,35-39,9830,9982,19812
2021,40-44,10582,10557,21139
2021,45-49,8563,8752,17315
2021,50-54,7785,8230,16015
2021,55-59,7479,8455,15934
2021,60-64,6624,7924,14548
2021,65-69,5761,7035,12796
2021,70-74,3476,4417,7893
2021,75-79,1740,2324,4064
2021,80-84,1075,1615,2690
2021,85-89,637,769,1406
2021,90-94,614,364,978
2021,95-99,110,81,191
2021,100+,0,0,0
2022,0-4,5138,4750,9888
2022,5-9,6390,5895,12285
2022,10-14,5633,5256,10889
2022,15-19,6002,5343,11345
2022,20-24,7552,6816,14368
2022,25-29,8524,7902,16426
2022,30-34,8920,8323,17243
2022,35-39,9335,9472,18807
2022,40-44,10884,10914,21798
2022,45-49,8745,8923,17668
2022,50-54,7911,8310,16221
2022,55-59,7369,8325,15694
2022,60-64,6830,8056,14886
2022,65-69,5843,7249,13092
2022,70-74,3902,4967,8869
2022,75-79,1849,2466,4315
2022,80-84,1141,1703,2844
2022,85-89,590,847,1437
2022,90-94,569,362,931
2022,95-99,143,101,244
2022,100+,0,0,0
2023,0-4,4782,4462,9244
2023,5-9,6398,5861,12259
2023,10-14,5675,5368,11043
2023,15-19,5848,5225,11073
2023,20-24,7350,6530,13880
2023,25-29,8334,7695,16029
2023,30-34,8816,8273,17089
2023,35-39,8955,9078,18033
2023,40-44,10901,10866,21767
2023,45-49,9132,9331,18463
2023,50-54,8010,8309,16319
2023,55-59,7304,8213,15517
2023,60-64,7002,8211,15213
2023,65-69,5980,7363,13343
2023,70-74,4314,5547,9861
2023,75-79,1975,2693,4668
2023,80-84,1184,1761,2945
2023,85-89,581,914,1495
2023,90-94,506,391,897
2023,95-99,174,105,279
2023,100+,0,0,0
2024,0-4,4423,4113,8536
2024,5-9,6359,5818,12177
2024,10-14,5835,5486,11321
2024,15-19,5622,5203,10825
2024,20-24,7090,6253,13343
2024,25-29,8069,7450,15519
2024,30-34,8804,8085,16889
2024,35-39,8745,8788,17533
2024,40-44,10668,10764,21432
2024,45-49,9649,9752,19401
2024,50-54,8047,8304,16351
2024,55-59,7349,8191,15540
2024,60-64,7066,8245,15311
2024,65-69,6066,7540,13606
2024,70-74,4609,5956,10565
2024,75-79,2225,3032,5257
2024,80-84,1270,1861,3131
2024,85-89,595,997,1592
2024,90-94,429,396,825
2024,95-99,195,116,311
2024,100+,0,0,0
2025,0-4,4266,3968,8234
2025,5-9,5969,5545,11514
2025,10-14,6200,5770,11970
2025,15-19,5441,5050,10491
2025,20-24,6561,5782,12343
2025,25-29,8042,7386,15428
2025,30-34,8671,7964,16635
2025,35-39,8756,8526,17282
2025,40-44,10377,10532,20909
2025,45-49,10082,10244,20326
2025,50-54,7982,8251,16233
2025,55-59,7436,8148,15584
2025,60-64,7094,8305,15399
2025,65-69,6136,7634,13770
2025,70-74,4981,6445,11426
2025,75-79,2518,3412,5930
2025,80-84,1285,1894,3179
2025,85-89,637,1092,1729
2025,90-94,355,416,771
2025,95-99,217,128,345
2025,100+,0,0,0
2026,0-4,4121,3834,7955
2026,5-9,5571,5195,10766
2026,10-14,6353,5878,12231
2026,15-19,5466,5059,10525
2026,20-24,6257,5525,11782
2026,25-29,7759,7182,14941
2026,30-34,8610,7898,16508
2026,35-39,8835,8422,17257
2026,40-44,9710,9938,19648
2026,45-49,10381,10488,20869
2026,50-54,8334,8667,17001
2026,55-59,7509,8118,15627
2026,60-64,7121,8287,15408
2026,65-69,6182,7680,13862
2026,70-74,5175,6664,11839
2026,75-79,2928,4019,6947
2026,80-84,1314,1955,3269
2026,85-89,695,1188,1883
2026,90-94,315,446,761
2026,95-99,213,138,351
2026,100+,0,0,0
2027,0-4,3982,3705,7687
2027,5-9,5138,4750,9888
2027,10-14,6390,5895,12285
2027,15-19,5633,5256,10889
2027,20-24,5987,5343,11330
2027,25-29,7527,6816,14343
2027,30-34,8491,7883,16374
2027,35-39,8857,8298,17155
2027,40-44,9223,9433,18656
2027,45-49,10679,10843,21522
2027,50-54,8512,8838,17350
2027,55-59,7631,8198,15829
2027,60-64,7022,8164,15186
2027,65-69,6383,7816,14199
2027,70-74,5255,6872,12127
2027,75-79,3291,4527,7818
2027,80-84,1404,2081,3485
2027,85-89,740,1258,1998
2027,90-94,297,498,795
2027,95-99,195,139,334
2027,100+,0,0,0
2028,0-4,3854,3586,7440
2028,5-9,4782,4462,9244
2028,10-14,6398,5861,12259
2028,15-19,5675,5368,11043
2028,20-24,5836,5225,11061
2028,25-29,7325,6530,13855
2028,30-34,8302,7677,15979
2028,35-39,8755,8248,17003
2028,40-44,8849,9041,17890
2028,45-49,10696,10797,21493
2028,50-54,8891,9244,18135
2028,55-59,7729,8198,15927
2028,60-64,6963,8056,15019
2028,65-69,6549,7970,14519
2028,70-74,5384,6987,12371
2028,75-79,3641,5059,8700
2028,80-84,1504,2281,3785
2028,85-89,769,1304,2073
2028,90-94,296,542,838
2028,95-99,172,151,323
2028,100+,0,0,0
2029,0-4,3732,3474,7206
2029,5-9,4423,4113,8536
2029,10-14,6359,5818,12177
2029,15-19,5835,5486,11321
2029,20-24,5612,5203,10815
2029,25-29,7065,6253,13318
2029,30-34,8039,7434,15473
2029,35-39,8746,8060,16806
2029,40-44,8643,8754,17397
2029,45-49,10468,10697,21165
2029,50-54,9396,9661,19057
2029,55-59,7765,8195,15960
2029,60-64,7011,8038,15049
2029,65-69,6613,8005,14618
2029,70-74,5468,7163,12631
2029,75-79,3896,5438,9334
2029,80-84,1706,2579,4285
2029,85-89,827,1382,2209
2029,90-94,305,593,898
2029,95-99,145,153,298
2029,100+,0,0,0
2030,0-4,3612,3364,6976
2030,5-9,4266,3968,8234
2030,10-14,5969,5545,11514
2030,15-19,6200,5770,11970
2030,20-24,5432,5050,10482
2030,25-29,6536,5782,12318
2030,30-34,8013,7371,15384
2030,35-39,8613,7939,16552
2030,40-44,8654,8493,17147
2030,45-49,10181,10466,20647
2030,50-54,9816,10150,19966
2030,55-59,7702,8143,15845
2030,60-64,7096,7997,15093
2030,65-69,6639,8061,14700
2030,70-74,5533,7254,12787
2030,75-79,4207,5878,10085
2030,80-84,1928,2900,4828
2030,85-89,835,1403,2238
2030,90-94,327,649,976
2030,95-99,122,163,285
2030,100+,0,0,0
2031,0-4,3494,3256,6750
2031,5-9,4121,3834,7955
2031,10-14,5571,5195,10766
2031,15-19,6352,5878,12230
2031,20-24,5459,5059,10518
2031,25-29,6232,5525,11757
2031,30-34,7731,7169,14900
2031,35-39,8554,7873,16427
2031,40-44,8731,8389,17120
2031,45-49,9526,9876,19402
2031,50-54,10108,10391,20499
2031,55-59,8045,8553,16598
2031,60-64,7164,7966,15130
2031,65-69,6663,8043,14706
2031,70-74,5576,7298,12874
2031,75-79,4372,6079,10451
2031,80-84,2241,3419,5660
2031,85-89,855,1449,2304
2031,90-94,358,706,1064
2031,95-99,110,175,285
2031,100+,0,0,0
2032,0-4,3376,3149,6525
2032,5-9,3982,3705,7687
2032,10-14,5138,4750,9888
2032,15-19,6390,5895,12285
2032,20-24,5625,5256,10881
2032,25-29,5962,5343,11305
2032,30-34,7498,6804,14302
2032,35-39,8436,7858,16294
2032,40-44,8754,8266,17020
2032,45-49,9047,9373,18420
2032,50-54,10397,10741,21138
2032,55-59,8216,8721,16937
2032,60-64,7281,8044,15325
2032,65-69,6569,7922,14491
2032,70-74,5756,7425,13181
2032,75-79,4436,6266,10702
2032,80-84,2517,3848,6365
2032,85-89,916,1546,2462
2032,90-94,383,747,1130
2032,95-99,105,197,302
2032,100+,0,0,0
2033,0-4,3261,3043,6304
2033,5-9,3854,3586,7440
2033,10-14,4782,4462,9244
2033,15-19,6398,5861,12259
2033,20-24,5667,5368,11035
2033,25-29,5811,5225,11036
2033,30-34,7296,6520,13816
2033,35-39,8247,7652,15899
2033,40-44,8653,8216,16869
2033,45-49,8682,8984,17666
2033,50-54,10414,10694,21108
2033,55-59,8582,9123,17705
2033,60-64,7375,8043,15418
2033,65-69,6515,7819,14334
2033,70-74,5907,7570,13477
2033,75-79,4541,6371,10912
2033,80-84,2779,4296,7075
2033,85-89,983,1697,2680
2033,90-94,397,770,1167
2033,95-99,105,217,322
2033,100+,0,0,0
2034,0-4,3153,2944,6097
2034,5-9,3732,3474,7206
2034,10-14,4423,4113,8536
2034,15-19,6358,5818,12176
2034,20-24,5825,5486,11311
2034,25-29,5589,5203,10792
2034,30-34,7037,6244,13281
2034,35-39,7986,7409,15395
2034,40-44,8645,8029,16674
2034,45-49,8480,8698,17178
2034,50-54,10191,10595,20786
2034,55-59,9069,9533,18602
2034,60-64,7409,8042,15451
2034,65-69,6561,7802,14363
2034,70-74,5961,7603,13564
2034,75-79,4612,6530,11142
2034,80-84,2973,4614,7587
2034,85-89,1121,1930,3051
2034,90-94,427,815,1242
2034,95-99,109,235,344
2034,100+,0,0,0
2035,0-4,3047,2845,5892
2035,5-9,3612,3364,6976
2035,10-14,4266,3968,8234
2035,15-19,5969,5545,11514
2035,20-24,6189,5770,11959
2035,25-29,5416,5050,10466
2035,30-34,6511,5776,12287
2035,35-39,7960,7346,15306
2035,40-44,8518,7909,16427
2035,45-49,8494,8440,16934
2035,50-54,9913,10368,20281
2035,55-59,9480,10019,19499
2035,60-64,7360,7994,15354
2035,65-69,6652,7773,14425
2035,70-74,5999,7669,13668
2035,75-79,4686,6632,11318
2035,80-84,3224,5004,8228
2035,85-89,1274,2185,3459
2035,90-94,433,837,1270
2035,95-99,118,264,382
2035,100+,0,0,0
2036,0-4,2946,2750,5696
2036,5-9,3494,3256,6750
2036,10-14,4121,3834,7955
2036,15-19,5571,5195,10766
2036,20-24,6345,5878,12223
2036,25-29,5445,5059,10504
2036,30-34,6207,5522,11729
2036,35-39,7682,7144,14826
2036,40-44,8460,7844,16304
2036,45-49,8572,8337,16909
2036,50-54,9278,9786,19064
2036,55-59,9770,10261,20031
2036,60-64,7694,8404,16098
2036,65-69,6729,7751,14480
2036,70-74,6031,7664,13695
2036,75-79,4739,6690,11429
2036,80-84,3366,5197,8563
2036,85-89,1493,2597,4090
2036,90-94,447,879,1326
2036,95-99,133,292,425
2036,100+,0,0,0
2037,0-4,2855,2664,5519
2037,5-9,3376,3149,6525
2037,10-14,3982,3705,7687
2037,15-19,5138,4750,9888
2037,20-24,6386,5895,12281
2037,25-29,5615,5256,10871
2037,30-34,5938,5342,11280
2037,35-39,7454,6780,14234
2037,40-44,8344,7831,16175
2037,45-49,8596,8215,16811
2037,50-54,8814,9289,18103
2037,55-59,10054,10609,20663
2037,60-64,7864,8574,16438
2037,65-69,6852,7832,14684
2037,70-74,5959,7561,13520
2037,75-79,4906,6823,11729
2037,80-84,3428,5375,8803
2037,85-89,1688,2935,4623
2037,90-94,485,952,1437
2037,95-99,144,313,457
2037,100+,0,0,0
2038,0-4,2774,2590,5364
2038,5-9,3261,3043,6304
2038,10-14,3854,3586,7440
2038,15-19,4782,4462,9244
2038,20-24,6396,5861,12257
2038,25-29,5661,5368,11029
2038,30-34,5788,5225,11013
2038,35-39,7254,6498,13752
2038,40-44,8158,7626,15784
2038,45-49,8500,8166,16666
2038,50-54,8461,8905,17366
2038,55-59,10074,10565,20639
2038,60-64,8225,8974,17199
2038,65-69,6948,7837,14785
2038,70-74,5925,7473,13398
2038,75-79,5052,6974,12026
2038,80-84,3521,5483,9004
2038,85-89,1868,3290,5158
2038,90-94,524,1058,1582
2038,95-99,151,326,477
2038,100+,0,0,0
2039,0-4,2705,2525,5230
2039,5-9,3153,2944,6097
2039,10-14,3732,3474,7206
2039,15-19,4423,4113,8536
2039,20-24,6357,5818,12175
2039,25-29,5822,5486,11308
2039,30-34,5569,5203,10772
2039,35-39,6997,6225,13222
2039,40-44,7903,7383,15286
2039,45-49,8494,7982,16476
2039,50-54,8267,8624,16891
2039,55-59,9862,10470,20332
2039,60-64,8700,9381,18081
2039,65-69,6989,7840,14829
2039,70-74,5980,7467,13447
2039,75-79,5110,7018,12128
2039,80-84,3589,5638,9227
2039,85-89,2007,3546,5553
2039,90-94,607,1221,1828
2039,95-99,165,350,515
2039,100+,0,0,0
2040,0-4,2647,2472,5119
2040,5-9,3047,2845,5892
2040,10-14,3612,3364,6976
2040,15-19,4266,3968,8234
2040,20-24,5969,5545,11514
2040,25-29,6182,5770,11952
2040,30-34,5397,5049,10446
2040,35-39,6473,5759,12232
2040,40-44,7877,7319,15196
2040,45-49,8369,7863,16232
2040,50-54,8283,8368,16651
2040,55-59,9590,10247,19837
2040,60-64,9093,9858,18951
2040,65-69,6944,7796,14740
2040,70-74,6064,7440,13504
2040,75-79,5142,7080,12222
2040,80-84,3650,5728,9378
2040,85-89,2173,3838,6011
2040,90-94,690,1378,2068
2040,95-99,166,359,525
2040,100+,0,0,0
2041,0-4,2599,2429,5028
2041,5-9,2946,2750,5696
2041,10-14,3494,3256,6750
2041,15-19,4121,3834,7955
2041,20-24,5570,5195,10765
2041,25-29,6337,5878,12215
2041,30-34,5426,5059,10485
2041,35-39,6172,5505,11677
2041,40-44,7601,7117,14718
2041,45-49,8314,7799,16113
2041,50-54,8359,8265,16624
2041,55-59,8976,9672,18648
2041,60-64,9372,10095,19467
2041,65-69,7261,8196,15457
2041,70-74,6136,7419,13555
2041,75-79,5168,7072,12240
2041,80-84,3692,5778,9470
2041,85-89,2269,3987,6256
2041,90-94,809,1643,2452
2041,95-99,172,378,550
2041,100+,0,0,0
2042,0-4,2564,2398,4962
2042,5-9,2855,2664,5519
2042,10-14,3376,3149,6525
2042,15-19,3982,3705,7687
2042,20-24,5138,4750,9888
2042,25-29,6376,5895,12271
2042,30-34,5593,5256,10849
2042,35-39,5905,5326,11231
2042,40-44,7376,6755,14131
2042,45-49,8197,7785,15982
2042,50-54,8383,8144,16527
2042,55-59,8528,9179,17707
2042,60-64,9643,10438,20081
2042,65-69,7421,8364,15785
2042,70-74,6246,7496,13742
2042,75-79,5104,6975,12079
2042,80-84,3821,5891,9712
2042,85-89,2306,4119,6425
2042,90-94,914,1851,2765
2042,95-99,187,411,598
2042,100+,0,0,0
2043,0-4,2537,2372,4909
2043,5-9,2774,2590,5364
2043,10-14,3261,3043,6304
2043,15-19,3854,3586,7440
2043,20-24,4782,4462,9244
2043,25-29,6384,5861,12245
2043,30-34,5639,5368,11007
2043,35-39,5756,5209,10965
2043,40-44,7177,6473,13650
2043,45-49,8015,7582,15597
2043,50-54,8289,8095,16384
2043,55-59,8189,8800,16989
2043,60-64,9661,10394,20055
2043,65-69,7764,8753,16517
2043,70-74,6335,7500,13835
2043,75-79,5077,6896,11973
2043,80-84,3936,6021,9957
2043,85-89,2366,4198,6564
2043,90-94,1004,2070,3074
2043,95-99,201,459,660
2043,100+,0,0,0
2044,0-4,2516,2353,4869
2044,5-9,2705,2525,5230
2044,10-14,3153,2944,6097
2044,15-19,3732,3474,7206
2044,20-24,4423,4113,8536
2044,25-29,6345,5818,12163
2044,30-34,5800,5486,11286
2044,35-39,5538,5187,10725
2044,40-44,6922,6199,13121
2044,45-49,7763,7341,15104
2044,50-54,8281,7913,16194
2044,55-59,8003,8522,16525
2044,60-64,9457,10300,19757
2044,65-69,8213,9150,17363
2044,70-74,6372,7503,13875
2044,75-79,5125,6892,12017
2044,80-84,3979,6059,10038
2044,85-89,2410,4317,6727
2044,90-94,1079,2223,3302
2044,95-99,236,536,772
2044,100+,0,0,0
2045,0-4,2505,2343,4848
2045,5-9,2647,2472,5119
2045,10-14,3047,2845,5892
2045,15-19,3612,3364,6976
2045,20-24,4266,3968,8234
2045,25-29,5961,5545,11506
2045,30-34,6158,5770,11928
2045,35-39,5367,5035,10402
2045,40-44,6405,5734,12139
2045,45-49,7738,7278,15016
2045,50-54,8162,7797,15959
2045,55-59,8021,8272,16293
2045,60-64,9203,10085,19288
2045,65-69,8591,9619,18210
2045,70-74,6340,7471,13811
2045,75-79,5214,6882,12096
2045,80-84,4015,6129,10144
2045,85-89,2468,4411,6879
2045,90-94,1174,2421,3595
2045,95-99,268,612,880
2045,100+,0,0,0
2046,0-4,2495,2332,4827
2046,5-9,2599,2429,5028
2046,10-14,2946,2750,5696
2046,15-19,3494,3256,6750
2046,20-24,4121,3834,7955
2046,25-29,5566,5195,10761
2046,30-34,6312,5877,12189
2046,35-39,5397,5046,10443
2046,40-44,6107,5480,11587
2046,45-49,7468,7078,14546
2046,50-54,8111,7735,15846
2046,55-59,8098,8172,16270
2046,60-64,8620,9523,18143
2046,65-69,8865,9858,18723
2046,70-74,6643,7865,14508
2046,75-79,5288,6872,12160
2046,80-84,4047,6136,10183
2046,85-89,2510,4470,6980
2046,90-94,1231,2537,3768
2046,95-99,318,744,1062
2046,100+,0,0,0
2047,0-4,2476,2314,4790
2047,5-9,2564,2398,4962
2047,10-14,2855,2664,5519
2047,15-19,3376,3149,6525
2047,20-24,3982,3705,7687
2047,25-29,5137,4750,9887
2047,30-34,6352,5895,12247
2047,35-39,5565,5243,10808
2047,40-44,5844,5301,11145
2047,45-49,7247,6717,13964
2047,50-54,7998,7722,15720
2047,55-59,8125,8054,16179
2047,60-64,8195,9042,17237
2047,65-69,9128,10200,19328
2047,70-74,6799,8033,14832
2047,75-79,5390,6953,12343
2047,80-84,4009,6065,10074
2047,85-89,2609,4577,7186
2047,90-94,1256,2637,3893
2047,95-99,361,845,1206
2047,100+,0,0,0
2048,0-4,2452,2291,4743
2048,5-9,2537,2372,4909
2048,10-14,2774,2590,5364
2048,15-19,3261,3043,6304
2048,20-24,3854,3586,7440
2048,25-29,4782,4462,9244
2048,30-34,6363,5861,12224
2048,35-39,5612,5355,10967
2048,40-44,5699,5184,10883
2048,45-49,7052,6437,13489
2048,50-54,7819,7520,15339
2048,55-59,8035,8006,16041
2048,60-64,7875,8670,16545
2048,65-69,9154,10161,19315
2048,70-74,7126,8416,15542
2048,75-79,5477,6966,12443
2048,80-84,4002,6011,10013
2048,85-89,2699,4696,7395
2048,90-94,1296,2704,4000
2048,95-99,395,952,1347
2048,100+,0,0,0
2049,0-4,2420,2262,4682
2049,5-9,2516,2353,4869
2049,10-14,2705,2525,5230
2049,15-19,3153,2944,6097
2049,20-24,3732,3474,7206
2049,25-29,4423,4113,8536
2049,30-34,6327,5818,12145
2049,35-39,5772,5473,11245
2049,40-44,5485,5162,10647
2049,45-49,6803,6165,12968
2049,50-54,7576,7281,14857
2049,55-59,8031,7827,15858
2049,60-64,7703,8399,16102
2049,65-69,8965,10075,19040
2049,70-74,7549,8806,16355
2049,75-79,5518,6979,12497
2049,80-84,4053,6021,10074
2049,85-89,2735,4740,7475
2049,90-94,1326,2798,4124
2049,95-99,428,1030,1458
2049,100+,0,0,0
2050,0-4,2381,2225,4606
2050,5-9,2505,2343,4848
2050,10-14,2647,2472,5119
2050,15-19,3047,2845,5892
2050,20-24,3612,3364,6976
2050,25-29,4266,3968,8234
2050,30-34,5945,5544,11489
2050,35-39,6128,5754,11882
2050,40-44,5315,5012,10327
2050,45-49,6296,5703,11999
2050,50-54,7554,7220,14774
2050,55-59,7915,7713,15628
2050,60-64,7721,8153,15874
2050,65-69,8723,9864,18587
2050,70-74,7891,9254,17145
2050,75-79,5492,6953,12445
2050,80-84,4123,6015,10138
2050,85-89,2761,4796,7557
2050,90-94,1360,2856,4216
2050,95-99,464,1116,1580
2050,100+,0,0,0
2051,0-4,2331,2179,4510
2051,5-9,2495,2332,4827
2051,10-14,2599,2429,5028
2051,15-19,2946,2750,5696
2051,20-24,3494,3256,6750
2051,25-29,4121,3834,7955
2051,30-34,5552,5194,10746
2051,35-39,6281,5861,12142
2051,40-44,5345,5022,10367
2051,45-49,6004,5451,11455
2051,50-54,7289,7022,14311
2051,55-59,7865,7652,15517
2051,60-64,7794,8053,15847
2051,65-69,8170,9313,17483
2051,70-74,8146,9487,17633
2051,75-79,5760,7324,13084
2051,80-84,4182,6006,10188
2051,85-89,2779,4795,7574
2051,90-94,1383,2894,4277
2051,95-99,487,1169,1656
2051,100+,0,0,0
2052,0-4,2269,2121,4390
2052,5-9,2476,2314,4790
2052,10-14,2564,2398,4962
2052,15-19,2855,2664,5519
2052,20-24,3376,3149,6525
2052,25-29,3982,3705,7687
2052,30-34,5125,4750,9875
2052,35-39,6321,5878,12199
2052,40-44,5513,5218,10731
2052,45-49,5745,5274,11019
2052,50-54,7074,6665,13739
2052,55-59,7755,7640,15395
2052,60-64,7819,7936,15755
2052,65-69,7768,8843,16611
2052,70-74,8383,9813,18196
2052,75-79,5895,7481,13376
2052,80-84,4262,6078,10340
2052,85-89,2750,4734,7484
2052,90-94,1436,2965,4401
2052,95-99,495,1209,1704
2052,100+,0,0,0
2053,0-4,2200,2058,4258
2053,5-9,2452,2291,4743
2053,10-14,2537,2372,4909
2053,15-19,2774,2590,5364
2053,20-24,3261,3043,6304
2053,25-29,3854,3586,7440
2053,30-34,4772,4462,9234
2053,35-39,6332,5844,12176
2053,40-44,5557,5330,10887
2053,45-49,5603,5158,10761
2053,50-54,6884,6386,13270
2053,55-59,7580,7440,15020
2053,60-64,7732,7890,15622
2053,65-69,7468,8477,15945
2053,70-74,8406,9773,18179
2053,75-79,6182,7839,14021
2053,80-84,4332,6088,10420
2053,85-89,2749,4696,7445
2053,90-94,1486,3040,4526
2053,95-99,509,1237,1746
2053,100+,0,0,0
2054,0-4,2123,1986,4109
2054,5-9,2420,2262,4682
2054,10-14,2516,2353,4869
2054,15-19,2705,2525,5230
2054,20-24,3153,2944,6097
2054,25-29,3732,3474,7206
2054,30-34,4415,4113,8528
2054,35-39,6296,5801,12097
2054,40-44,5716,5448,11164
2054,45-49,5393,5136,10529
2054,50-54,6640,6115,12755
2054,55-59,7344,7203,14547
2054,60-64,7728,7715,15443
2054,65-69,7306,8213,15519
2054,70-74,8232,9689,17921
2054,75-79,6550,8201,14751
2054,80-84,4362,6103,10465
2054,85-89,2786,4707,7493
2054,90-94,1503,3068,4571
2054,95-99,520,1280,1800
2054,100+,0,0,0
2055,0-4,2042,1910,3952
2055,5-9,2381,2225,4606
2055,10-14,2505,2343,4848
2055,15-19,2647,2472,5119
2055,20-24,3047,2845,5892
2055,25-29,3612,3364,6976
2055,30-34,4260,3968,8228
2055,35-39,5915,5529,11444
2055,40-44,6071,5729,11800
2055,45-49,5227,4987,10214
2055,50-54,6147,5657,11804
2055,55-59,7327,7142,14469
2055,60-64,7623,7605,15228
2055,65-69,7331,7980,15311
2055,70-74,8016,9493,17509
2055,75-79,6855,8626,15481
2055,80-84,4354,6095,10449
2055,85-89,2848,4724,7572
2055,90-94,1524,3128,4652
2055,95-99,537,1322,1859
2055,100+,0,0,0
2056,0-4,1963,1836,3799
2056,5-9,2331,2179,4510
2056,10-14,2495,2332,4827
2056,15-19,2599,2429,5028
2056,20-24,2946,2750,5696
2056,25-29,3494,3256,6750
2056,30-34,4117,3834,7951
2056,35-39,5523,5182,10705
2056,40-44,6222,5836,12058
2056,45-49,5258,4997,10255
2056,50-54,5863,5408,11271
2056,55-59,7074,6947,14021
2056,60-64,7579,7546,15125
2056,65-69,7408,7886,15294
2056,70-74,7517,8970,16487
2056,75-79,7095,8858,15953
2056,80-84,4590,6443,11033
2056,85-89,2900,4732,7632
2056,90-94,1539,3141,4680
2056,95-99,551,1354,1905
2056,100+,0,0,0
2057,0-4,1889,1766,3655
2057,5-9,2269,2121,4390
2057,10-14,2476,2314,4790
2057,15-19,2564,2398,4962
2057,20-24,2855,2664,5519
2057,25-29,3376,3149,6525
2057,30-34,3979,3705,7684
2057,35-39,5098,4741,9839
2057,40-44,6263,5853,12116
2057,45-49,5423,5193,10616
2057,50-54,5613,5232,10845
2057,55-59,6867,6597,13464
2057,60-64,7476,7535,15011
2057,65-69,7437,7776,15213
2057,70-74,7156,8525,15681
2057,75-79,7308,9173,16481
2057,80-84,4709,6596,11305
2057,85-89,2965,4804,7769
2057,90-94,1530,3115,4645
2057,95-99,577,1400,1977
2057,100+,0,0,0
2058,0-4,1815,1697,3512
2058,5-9,2200,2058,4258
2058,10-14,2452,2291,4743
2058,15-19,2537,2372,4909
2058,20-24,2774,2590,5364
2058,25-29,3261,3043,6304
2058,30-34,3851,3586,7437
2058,35-39,4747,4457,9204
2058,40-44,6274,5819,12093
2058,45-49,5468,5305,10773
2058,50-54,5475,5118,10593
2058,55-59,6686,6322,13008
2058,60-64,7312,7342,14654
2058,65-69,7359,7733,15092
2058,70-74,6893,8181,15074
2058,75-79,7337,9143,16480
2058,80-84,4956,6927,11883
2058,85-89,3025,4828,7853
2058,90-94,1539,3110,4649
2058,95-99,601,1449,2050
2058,100+,0,0,0
2059,0-4,1745,1631,3376
2059,5-9,2123,1986,4109
2059,10-14,2420,2262,4682
2059,15-19,2516,2353,4869
2059,20-24,2705,2525,5230
2059,25-29,3153,2944,6097
2059,30-34,3729,3474,7203
2059,35-39,4393,4112,8505
2059,40-44,6239,5776,12015
2059,45-49,5625,5423,11048
2059,50-54,5270,5097,10367
2059,55-59,6451,6055,12506
2059,60-64,7087,7108,14195
2059,65-69,7362,7566,14928
2059,70-74,6756,7932,14688
2059,75-79,7195,9073,16268
2059,80-84,5263,7259,12522
2059,85-89,3054,4855,7909
2059,90-94,1567,3136,4703
2059,95-99,610,1474,2084
2059,100+,0,0,0
2060,0-4,1678,1568,3246
2060,5-9,2042,1910,3952
2060,10-14,2381,2225,4606
2060,15-19,2505,2343,4848
2060,20-24,2647,2472,5119
2060,25-29,3047,2845,5892
2060,30-34,3610,3364,6974
2060,35-39,4238,3968,8206
2060,40-44,5861,5507,11368
2060,45-49,5973,5702,11675
2060,50-54,5106,4949,10055
2060,55-59,5972,5600,11572
2060,60-64,7072,7049,14121
2060,65-69,7260,7458,14718
2060,70-74,6779,7708,14487
2060,75-79,6998,8885,15883
2060,80-84,5498,7628,13126
2060,85-89,3047,4851,7898
2060,90-94,1603,3152,4755
2060,95-99,617,1502,2119
2060,100+,0,0,0
2061,0-4,1614,1509,3123
2061,5-9,1963,1836,3799
2061,10-14,2331,2179,4510
2061,15-19,2495,2332,4827
2061,20-24,2599,2429,5028
2061,25-29,2946,2750,5696
2061,30-34,3493,3256,6749
2061,35-39,4095,3834,7929
2061,40-44,5472,5163,10635
2061,45-49,6121,5809,11930
2061,50-54,5136,4959,10095
2061,55-59,5696,5355,11051
2061,60-64,6829,6857,13686
2061,65-69,7218,7399,14617
2061,70-74,6848,7618,14466
2061,75-79,6560,8393,14953
2061,80-84,5695,7838,13533
2061,85-89,3221,5136,8357
2061,90-94,1632,3155,4787
2061,95-99,620,1503,2123
2061,100+,0,0,0
2062,0-4,1557,1455,3012
2062,5-9,1889,1766,3655
2062,10-14,2269,2121,4390
2062,15-19,2476,2314,4790
2062,20-24,2564,2398,4962
2062,25-29,2855,2664,5519
2062,30-34,3375,3149,6524
2062,35-39,3958,3705,7663
2062,40-44,5052,4724,9776
2062,45-49,6161,5827,11988
2062,50-54,5298,5154,10452
2062,55-59,5451,5181,10632
2062,60-64,6629,6511,13140
2062,65-69,7121,7387,14508
2062,70-74,6874,7513,14387
2062,75-79,6244,7979,14223
2062,80-84,5858,8111,13969
2062,85-89,3303,5257,8560
2062,90-94,1667,3202,4869
2062,95-99,615,1486,2101
2062,100+,0,0,0
2063,0-4,1504,1405,2909
2063,5-9,1815,1697,3512
2063,10-14,2200,2058,4258
2063,15-19,2452,2291,4743
2063,20-24,2537,2372,4909
2063,25-29,2774,2590,5364
2063,30-34,3260,3043,6303
2063,35-39,3831,3586,7417
2063,40-44,4704,4442,9146
2063,45-49,6173,5793,11966
2063,50-54,5342,5264,10606
2063,55-59,5317,5068,10385
2063,60-64,6452,6239,12691
2063,65-69,6964,7196,14160
2063,70-74,6801,7469,14270
2063,75-79,6021,7658,13679
2063,80-84,5877,8078,13955
2063,85-89,3482,5523,9005
2063,90-94,1700,3216,4916
2063,95-99,620,1485,2105
2063,100+,0,0,0
2064,0-4,1454,1359,2813
2064,5-9,1745,1631,3376
2064,10-14,2123,1986,4109
2064,15-19,2420,2262,4682
2064,20-24,2516,2353,4869
2064,25-29,2705,2525,5230
2064,30-34,3152,2944,6096
2064,35-39,3710,3474,7184
2064,40-44,4353,4099,8452
2064,45-49,6138,5749,11887
2064,50-54,5495,5381,10876
2064,55-59,5119,5047,10166
2064,60-64,6225,5975,12200
2064,65-69,6751,6966,13717
2064,70-74,6805,7306,14111
2064,75-79,5907,7430,13337
2064,80-84,5759,8011,13770
2064,85-89,3699,5788,9487
2064,90-94,1716,3236,4952
2064,95-99,632,1501,2133
2064,100+,0,0,0
2065,0-4,1407,1315,2722
2065,5-9,1678,1568,3246
2065,10-14,2042,1910,3952
2065,15-19,2381,2225,4606
2065,20-24,2505,2343,4848
2065,25-29,2647,2472,5119
2065,30-34,3047,2845,5892
2065,35-39,3591,3364,6955
2065,40-44,4199,3957,8156
2065,45-49,5765,5479,11244
2065,50-54,5835,5658,11493
2065,55-59,4962,4901,9863
2065,60-64,5767,5529,11296
2065,65-69,6742,6912,13654
2065,70-74,6718,7206,13924
2065,75-79,5940,7229,13169
2065,80-84,5604,7857,13461
2065,85-89,3866,6094,9960
2065,90-94,1717,3249,4966
2065,95-99,653,1528,2181
2065,100+,0,0,0
