year,age_range,male,female,total
2019,0-4,3173,3000,6173
2019,5-9,3140,2879,6019
2019,10-14,2685,2475,5160
2019,15-19,3885,3579,7464
2019,20-24,4674,4230,8904
2019,25-29,4297,4277,8574
2019,30-34,4234,4457,8691
2019,35-39,5137,5836,10973
2019,40-44,5341,6290,11631
2019,45-49,5052,6339,11391
2019,50-54,4871,5656,10527
2019,55-59,4182,4770,8952
2019,60-64,3332,3920,7252
2019,65-69,2685,3315,6000
2019,70-74,1530,1850,3380
2019,75-79,1059,1400,2459
2019,80-84,686,932,1618
2019,85-89,396,526,922
2019,90-94,156,196,352
2019,95-99,43,49,92
2019,100+,3,6,9
2020,0-4,2991,2831,5822
2020,5-9,3326,3092,6418
2020,10-14,2617,2397,5014
2020,15-19,3508,3246,6754
2020,20-24,4740,4246,8986
2020,25-29,4372,4272,8644
2020,30-34,4105,4345,8450
2020,35-39,5028,5583,10611
2020,40-44,5423,6308,11731
2020,45-49,4973,6248,11221
2020,50-54,4998,5841,10839
2020,55-59,4217,4919,9136
2020,60-64,3468,4040,7508
2020,65-69,2795,3511,6306
2020,70-74,1731,2133,3864
2020,75-79,1045,1345,2390
2020,80-84,718,1003,1721
2020,85-89,386,543,929
2020,90-94,170,224,394
2020,95-99,48,51,99
2020,100+,0,0,0
2021,0-4,2829,2663,5492
2021,5-9,3479,3246,6725
2021,10-14,2590,2409,4999
2021,15-19,3277,3058,6335
2021,20-24,4612,4070,8682
2021,25-29,4434,4351,8785
2021,30-34,4178,4265,8443
2021,35-39,4780,5253,10033
2021,40-44,5322,6182,11504
2021,45-49,5073,6205,11278
2021,50-54,5045,6080,11125
2021,55-59,4338,5118,9456
2021,60-64,3512,4162,7674
2021,65-69,2862,3571,6433
2021,70-74,2046,2456,4502
2021,75-79,1019,1351,2370
2021,80-84,745,1060,1805
2021,85-89,383,581,964
2021,90-94,169,242,411
2021,95-99,56,53,109
2021,100+,0,0,0
2022,0-4,2721,2590,5311
2022,5-9,3489,3219,6708
2022,10-14,2817,2536,5353
2022,15-19,2958,2869,5827
2022,20-24,4398,3875,8273
2022,25-29,4576,4377,8953
2022,30-34,4169,4278,8447
2022,35-39,4561,4971,9532
2022,40-44,5284,6096,11380
2022,45-49,5095,6151,11246
2022,50-54,5071,6258,11329
2022,55-59,4402,5232,9634
2022,60-64,3700,4325,8025
2022,65-69,2945,3618,6563
2022,70-74,2216,2727,4943
2022,75-79,1055,1426,2481
2022,80-84,768,1086,1854
2022,85-89,378,624,1002
2022,90-94,195,257,452
2022,95-99,53,61,114
2022,100+,0,0,0
2023,0-4,2717,2576,5293
2023,5-9,3403,3181,6584
2023,10-14,2972,2691,5663
2023,15-19,2808,2656,5464
2023,20-24,4166,3751,7917
2023,25-29,4606,4269,8875
2023,30-34,4173,4279,8452
2023,35-39,4396,4682,9078
2023,40-44,5200,5976,11176
2023,45-49,5192,6195,11387
2023,50-54,4935,6291,11226
2023,55-59,4602,5380,9982
2023,60-64,3836,4523,8359
2023,65-69,3047,3726,6773
2023,70-74,2304,2960,5264
2023,75-79,1134,1516,2650
2023,80-84,790,1116,1906
2023,85-89,405,635,1040
2023,90-94,199,287,486
2023,95-99,50,67,117
2023,100+,0,0,0
2024,0-4,2828,2630,5458
2024,5-9,3173,3000,6173
2024,10-14,3140,2879,6019
2024,15-19,2685,2475,5160
2024,20-24,3881,3579,7460
2024,25-29,4651,4230,8881
2024,30-34,4272,4277,8549
2024,35-39,4204,4442,8646
2024,40-44,5073,5811,10884
2024,45-49,5238,6247,11485
2024,50-54,4913,6275,11188
2024,55-59,4692,5575,10267
2024,60-64,3977,4673,8650
2024,65-69,3102,3794,6896
2024,70-74,2405,3134,5539
2024,75-79,1285,1676,2961
2024,80-84,794,1170,1964
2024,85-89,438,679,1117
2024,90-94,197,299,496
2024,95-99,52,73,125
2024,100+,0,0,0
2025,0-4,2851,2652,5503
2025,5-9,2991,2831,5822
2025,10-14,3326,3092,6418
2025,15-19,2617,2397,5014
2025,20-24,3508,3246,6754
2025,25-29,4717,4246,8963
2025,30-34,4347,4272,8619
2025,35-39,4077,4331,8408
2025,40-44,4966,5558,10524
2025,45-49,5319,6267,11586
2025,50-54,4836,6187,11023
2025,55-59,4817,5761,10578
2025,60-64,4013,4820,8833
2025,65-69,3233,3913,7146
2025,70-74,2506,3324,5830
2025,75-79,1458,1936,3394
2025,80-84,786,1125,1911
2025,85-89,458,734,1192
2025,90-94,194,312,506
2025,95-99,59,84,143
2025,100+,0,0,0
2026,0-4,2862,2662,5524
2026,5-9,2829,2663,5492
2026,10-14,3479,3246,6725
2026,15-19,2590,2409,4999
2026,20-24,3277,3058,6335
2026,25-29,4594,4070,8664
2026,30-34,4409,4351,8760
2026,35-39,4150,4252,8402
2026,40-44,4722,5228,9950
2026,45-49,5221,6142,11363
2026,50-54,4935,6146,11081
2026,55-59,4864,5998,10862
2026,60-64,4130,5018,9148
2026,65-69,3280,4032,7312
2026,70-74,2571,3385,5956
2026,75-79,1726,2235,3961
2026,80-84,768,1135,1903
2026,85-89,477,778,1255
2026,90-94,193,336,529
2026,95-99,61,92,153
2026,100+,0,0,0
2027,0-4,2847,2648,5495
2027,5-9,2721,2590,5311
2027,10-14,3489,3219,6708
2027,15-19,2817,2536,5353
2027,20-24,2958,2869,5827
2027,25-29,4385,3875,8260
2027,30-34,4551,4377,8928
2027,35-39,4142,4267,8409
2027,40-44,4507,4946,9453
2027,45-49,5184,6058,11242
2027,50-54,4958,6093,11051
2027,55-59,4891,6173,11064
2027,60-64,4195,5131,9326
2027,65-69,3459,4194,7653
2027,70-74,2651,3431,6082
2027,75-79,1867,2487,4354
2027,80-84,798,1203,2001
2027,85-89,495,801,1296
2027,90-94,193,364,557
2027,95-99,71,99,170
2027,100+,0,0,0
2028,0-4,2833,2636,5469
2028,5-9,2717,2576,5293
2028,10-14,3403,3181,6584
2028,15-19,2972,2691,5663
2028,20-24,2808,2656,5464
2028,25-29,4157,3751,7908
2028,30-34,4582,4269,8851
2028,35-39,4146,4269,8415
2028,40-44,4344,4657,9001
2028,45-49,5102,5940,11042
2028,50-54,5053,6138,11191
2028,55-59,4762,6206,10968
2028,60-64,4389,5277,9666
2028,65-69,3589,4390,7979
2028,70-74,2744,3535,6279
2028,75-79,1941,2698,4639
2028,80-84,864,1282,2146
2028,85-89,513,824,1337
2028,90-94,209,373,582
2028,95-99,71,113,184
2028,100+,0,0,0
2029,0-4,2816,2622,5438
2029,5-9,2828,2630,5458
2029,10-14,3173,3000,6173
2029,15-19,3140,2879,6019
2029,20-24,2685,2475,5160
2029,25-29,3876,3579,7455
2029,30-34,4628,4230,8858
2029,35-39,4244,4268,8512
2029,40-44,4155,4417,8572
2029,45-49,4977,5776,10753
2029,50-54,5099,6189,11288
2029,55-59,4740,6191,10931
2029,60-64,4478,5470,9948
2029,65-69,3723,4536,8259
2029,70-74,2796,3604,6400
2029,75-79,2029,2860,4889
2029,80-84,987,1426,2413
2029,85-89,518,868,1386
2029,90-94,227,401,628
2029,95-99,70,117,187
2029,100+,0,0,0
2030,0-4,2790,2600,5390
2030,5-9,2851,2652,5503
2030,10-14,2991,2831,5822
2030,15-19,3326,3092,6418
2030,20-24,2617,2397,5014
2030,25-29,3507,3246,6753
2030,30-34,4692,4246,8938
2030,35-39,4319,4263,8582
2030,40-44,4029,4306,8335
2030,45-49,4872,5524,10396
2030,50-54,5179,6208,11387
2030,55-59,4667,6103,10770
2030,60-64,4597,5651,10248
2030,65-69,3757,4679,8436
2030,70-74,2913,3717,6630
2030,75-79,2113,3032,5145
2030,80-84,1120,1646,2766
2030,85-89,511,832,1343
2030,90-94,237,434,671
2030,95-99,69,123,192
2030,100+,0,0,0
2031,0-4,2755,2569,5324
2031,5-9,2862,2662,5524
2031,10-14,2829,2663,5492
2031,15-19,3479,3246,6725
2031,20-24,2590,2409,4999
2031,25-29,3276,3058,6334
2031,30-34,4572,4070,8642
2031,35-39,4381,4340,8721
2031,40-44,4101,4228,8329
2031,45-49,4632,5195,9827
2031,50-54,5084,6084,11168
2031,55-59,4762,6064,10826
2031,60-64,4641,5886,10527
2031,65-69,3867,4871,8738
2031,70-74,2955,3830,6785
2031,75-79,2172,3088,5260
2031,80-84,1321,1900,3221
2031,85-89,497,840,1337
2031,90-94,245,461,706
2031,95-99,69,132,201
2031,100+,0,0,0
2032,0-4,2713,2531,5244
2032,5-9,2847,2648,5495
2032,10-14,2721,2590,5311
2032,15-19,3489,3219,6708
2032,20-24,2817,2536,5353
2032,25-29,2958,2869,5827
2032,30-34,4365,3875,8240
2032,35-39,4523,4365,8888
2032,40-44,4093,4242,8335
2032,45-49,4422,4915,9337
2032,50-54,5048,6000,11048
2032,55-59,4785,6012,10797
2032,60-64,4666,6057,10723
2032,65-69,3928,4980,8908
2032,70-74,3119,3983,7102
2032,75-79,2237,3129,5366
2032,80-84,1424,2114,3538
2032,85-89,520,895,1415
2032,90-94,255,475,730
2032,95-99,70,143,213
2032,100+,0,0,0
2033,0-4,2664,2487,5151
2033,5-9,2833,2636,5469
2033,10-14,2717,2576,5293
2033,15-19,3403,3181,6584
2033,20-24,2972,2691,5663
2033,25-29,2808,2656,5464
2033,30-34,4140,3751,7891
2033,35-39,4553,4257,8810
2033,40-44,4097,4244,8341
2033,45-49,4263,4628,8891
2033,50-54,4967,5883,10850
2033,55-59,4877,6056,10933
2033,60-64,4542,6089,10631
2033,65-69,4110,5123,9233
2033,70-74,3235,4169,7404
2033,75-79,2313,3223,5536
2033,80-84,1477,2290,3767
2033,85-89,566,954,1520
2033,90-94,264,485,749
2033,95-99,75,146,221
2033,100+,0,0,0
2034,0-4,2611,2437,5048
2034,5-9,2816,2622,5438
2034,10-14,2828,2630,5458
2034,15-19,3173,3000,6173
2034,20-24,3140,2879,6019
2034,25-29,2685,2475,5160
2034,30-34,3861,3579,7440
2034,35-39,4598,4219,8817
2034,40-44,4194,4243,8437
2034,45-49,4076,4390,8466
2034,50-54,4846,5722,10568
2034,55-59,4921,6106,11027
2034,60-64,4521,6074,10595
2034,65-69,4193,5310,9503
2034,70-74,3357,4309,7666
2034,75-79,2358,3285,5643
2034,80-84,1545,2427,3972
2034,85-89,650,1068,1718
2034,90-94,267,512,779
2034,95-99,82,158,240
2034,100+,0,0,0
2035,0-4,2552,2381,4933
2035,5-9,2790,2600,5390
2035,10-14,2851,2652,5503
2035,15-19,2991,2831,5822
2035,20-24,3326,3092,6418
2035,25-29,2617,2397,5014
2035,30-34,3496,3246,6742
2035,35-39,4662,4237,8899
2035,40-44,4270,4238,8508
2035,45-49,3954,4281,8235
2035,50-54,4745,5473,10218
2035,55-59,5002,6128,11130
2035,60-64,4456,5991,10447
2035,65-69,4312,5493,9805
2035,70-74,3395,4456,7851
2035,75-79,2468,3399,5867
2035,80-84,1615,2581,4196
2035,85-89,741,1242,1983
2035,90-94,264,495,759
2035,95-99,86,175,261
2035,100+,0,0,0
2036,0-4,2495,2329,4824
2036,5-9,2755,2569,5324
2036,10-14,2862,2662,5524
2036,15-19,2829,2663,5492
2036,20-24,3479,3246,6725
2036,25-29,2590,2409,4999
2036,30-34,3269,3058,6327
2036,35-39,4544,4065,8609
2036,40-44,4332,4315,8647
2036,45-49,4026,4203,8229
2036,50-54,4512,5151,9663
2036,55-59,4914,6007,10921
2036,60-64,4555,5957,10512
2036,65-69,4359,5727,10086
2036,70-74,3503,4645,8148
2036,75-79,2513,3514,6027
2036,80-84,1672,2639,4311
2036,85-89,881,1443,2324
2036,90-94,258,508,766
2036,95-99,89,189,278
2036,100+,0,0,0
2037,0-4,2442,2280,4722
2037,5-9,2713,2531,5244
2037,10-14,2847,2648,5495
2037,15-19,2721,2590,5311
2037,20-24,3489,3219,6708
2037,25-29,2817,2536,5353
2037,30-34,2954,2869,5823
2037,35-39,4339,3872,8211
2037,40-44,4473,4340,8813
2037,45-49,4020,4217,8237
2037,50-54,4308,4874,9182
2037,55-59,4882,5927,10809
2037,60-64,4582,5910,10492
2037,65-69,4388,5899,10287
2037,70-74,3569,4755,8324
2037,75-79,2662,3664,6326
2037,80-84,1729,2685,4414
2037,85-89,952,1612,2564
2037,90-94,274,549,823
2037,95-99,92,198,290
2037,100+,0,0,0
2038,0-4,2394,2234,4628
2038,5-9,2664,2487,5151
2038,10-14,2833,2636,5469
2038,15-19,2717,2576,5293
2038,20-24,3403,3181,6584
2038,25-29,2972,2691,5663
2038,30-34,2805,2656,5461
2038,35-39,4114,3747,7861
2038,40-44,4504,4235,8739
2038,45-49,4024,4219,8243
2038,50-54,4154,4590,8744
2038,55-59,4806,5814,10620
2038,60-64,4675,5955,10630
2038,65-69,4278,5934,10212
2038,70-74,3742,4900,8642
2038,75-79,2768,3844,6612
2038,80-84,1792,2773,4565
2038,85-89,990,1750,2740
2038,90-94,304,592,896
2038,95-99,97,205,302
2038,100+,0,0,0
2039,0-4,2347,2191,4538
2039,5-9,2611,2437,5048
2039,10-14,2816,2622,5438
2039,15-19,2828,2630,5458
2039,20-24,3173,3000,6173
2039,25-29,3140,2879,6019
2039,30-34,2682,2475,5157
2039,35-39,3837,3576,7413
2039,40-44,4549,4198,8747
2039,45-49,4121,4218,8339
2039,50-54,3974,4354,8328
2039,55-59,4690,5655,10345
2039,60-64,4722,6008,10730
2039,65-69,4265,5922,10187
2039,70-74,3824,5085,8909
2039,75-79,2880,3979,6859
2039,80-84,1835,2836,4671
2039,85-89,1041,1862,2903
2039,90-94,356,676,1032
2039,95-99,100,221,321
2039,100+,0,0,0
2040,0-4,2309,2157,4466
2040,5-9,2552,2381,4933
2040,10-14,2790,2600,5390
2040,15-19,2851,2652,5503
2040,20-24,2991,2831,5822
2040,25-29,3326,3092,6418
2040,30-34,2615,2397,5012
2040,35-39,3474,3246,6720
2040,40-44,4613,4215,8828
2040,45-49,4196,4213,8409
2040,50-54,3856,4246,8102
2040,55-59,4592,5409,10001
2040,60-64,4798,6028,10826
2040,65-69,4203,5841,10044
2040,70-74,3930,5259,9189
2040,75-79,2910,4117,7027
2040,80-84,1923,2937,4860
2040,85-89,1087,1978,3065
2040,90-94,404,784,1188
2040,95-99,99,211,310
2040,100+,0,0,0
2041,0-4,2277,2127,4404
2041,5-9,2495,2329,4824
2041,10-14,2755,2569,5324
2041,15-19,2862,2662,5524
2041,20-24,2829,2663,5492
2041,25-29,3479,3246,6725
2041,30-34,2590,2409,4999
2041,35-39,3247,3058,6305
2041,40-44,4496,4044,8540
2041,45-49,4257,4290,8547
2041,50-54,3926,4168,8094
2041,55-59,4367,5089,9456
2041,60-64,4714,5910,10624
2041,65-69,4298,5809,10107
2041,70-74,3970,5484,9454
2041,75-79,3003,4291,7294
2041,80-84,1959,3037,4996
2041,85-89,1129,2022,3151
2041,90-94,476,913,1389
2041,95-99,95,217,312
2041,100+,0,0,0
2042,0-4,2250,2102,4352
2042,5-9,2442,2280,4722
2042,10-14,2713,2531,5244
2042,15-19,2847,2648,5495
2042,20-24,2721,2590,5311
2042,25-29,3489,3219,6708
2042,30-34,2817,2536,5353
2042,35-39,2934,2869,5803
2042,40-44,4292,3854,8146
2042,45-49,4394,4315,8709
2042,50-54,3920,4183,8103
2042,55-59,4169,4815,8984
2042,60-64,4683,5832,10515
2042,65-69,4324,5762,10086
2042,70-74,3997,5647,9644
2042,75-79,3063,4390,7453
2042,80-84,2075,3167,5242
2042,85-89,1167,2054,3221
2042,90-94,510,1018,1528
2042,95-99,103,237,340
2042,100+,0,0,0
2043,0-4,2230,2085,4315
2043,5-9,2394,2234,4628
2043,10-14,2664,2487,5151
2043,15-19,2833,2636,5469
2043,20-24,2717,2576,5293
2043,25-29,3403,3181,6584
2043,30-34,2971,2691,5662
2043,35-39,2787,2656,5443
2043,40-44,4070,3732,7802
2043,45-49,4423,4210,8633
2043,50-54,3925,4185,8110
2043,55-59,4020,4534,8554
2043,60-64,4611,5721,10332
2043,65-69,4410,5808,10218
2043,70-74,3898,5677,9575
2043,75-79,3212,4525,7737
2043,80-84,2156,3323,5479
2043,85-89,1206,2120,3326
2043,90-94,529,1096,1625
2043,95-99,116,258,374
2043,100+,0,0,0
2044,0-4,2216,2072,4288
2044,5-9,2347,2191,4538
2044,10-14,2611,2437,5048
2044,15-19,2816,2622,5438
2044,20-24,2828,2630,5458
2044,25-29,3173,3000,6173
2044,30-34,3138,2879,6017
2044,35-39,2665,2475,5140
2044,40-44,3796,3563,7359
2044,45-49,4469,4173,8642
2044,50-54,4019,4184,8203
2044,55-59,3845,4302,8147
2044,60-64,4498,5564,10062
2044,65-69,4456,5860,10316
2044,70-74,3886,5665,9551
2044,75-79,3282,4695,7977
2044,80-84,2243,3439,5682
2044,85-89,1234,2171,3405
2044,90-94,557,1164,1721
2044,95-99,137,299,436
2044,100+,0,0,0
2045,0-4,2207,2064,4271
2045,5-9,2309,2157,4466
2045,10-14,2552,2381,4933
2045,15-19,2790,2600,5390
2045,20-24,2851,2652,5503
2045,25-29,2991,2831,5822
2045,30-34,3324,3092,6416
2045,35-39,2598,2397,4995
2045,40-44,3438,3235,6673
2045,45-49,4533,4190,8723
2045,50-54,4094,4180,8274
2045,55-59,3734,4196,7930
2045,60-64,4407,5324,9731
2045,65-69,4532,5883,10415
2045,70-74,3836,5596,9432
2045,75-79,3378,4865,8243
2045,80-84,2275,3571,5846
2045,85-89,1300,2265,3565
2045,90-94,587,1245,1832
2045,95-99,157,352,509
2045,100+,0,0,0
2046,0-4,2200,2058,4258
2046,5-9,2277,2127,4404
2046,10-14,2495,2329,4824
2046,15-19,2755,2569,5324
2046,20-24,2862,2662,5524
2046,25-29,2829,2663,5492
2046,30-34,3476,3246,6722
2046,35-39,2573,2409,4982
2046,40-44,3213,3049,6262
2046,45-49,4418,4019,8437
2046,50-54,4156,4257,8413
2046,55-59,3804,4119,7923
2046,60-64,4193,5012,9205
2046,65-69,4459,5771,10230
2046,70-74,3931,5574,9505
2046,75-79,3418,5084,8502
2046,80-84,2354,3729,6083
2046,85-89,1333,2354,3687
2046,90-94,615,1284,1899
2046,95-99,186,414,600
2046,100+,0,0,0
2047,0-4,2193,2052,4245
2047,5-9,2250,2102,4352
2047,10-14,2442,2280,4722
2047,15-19,2713,2531,5244
2047,20-24,2847,2648,5495
2047,25-29,2721,2590,5311
2047,30-34,3487,3219,6706
2047,35-39,2797,2536,5333
2047,40-44,2903,2863,5766
2047,45-49,4218,3829,8047
2047,50-54,4289,4283,8572
2047,55-59,3798,4133,7931
2047,60-64,4007,4743,8750
2047,65-69,4434,5698,10132
2047,70-74,3963,5535,9498
2047,75-79,3447,5242,8689
2047,80-84,2408,3823,6231
2047,85-89,1420,2463,3883
2047,90-94,637,1314,1951
2047,95-99,201,465,666
2047,100+,0,0,0
2048,0-4,2187,2046,4233
2048,5-9,2230,2085,4315
2048,10-14,2394,2234,4628
2048,15-19,2664,2487,5151
2048,20-24,2833,2636,5469
2048,25-29,2717,2576,5293
2048,30-34,3400,3181,6581
2048,35-39,2951,2691,5642
2048,40-44,2758,2653,5411
2048,45-49,3999,3707,7706
2048,50-54,4317,4179,8496
2048,55-59,3805,4135,7940
2048,60-64,3866,4469,8335
2048,65-69,4369,5591,9960
2048,70-74,4047,5585,9632
2048,75-79,3369,5276,8645
2048,80-84,2536,3949,6485
2048,85-89,1477,2594,4071
2048,90-94,660,1364,2024
2048,95-99,207,499,706
2048,100+,0,0,0
2049,0-4,2181,2041,4222
2049,5-9,2216,2072,4288
2049,10-14,2347,2191,4538
2049,15-19,2611,2437,5048
2049,20-24,2816,2622,5438
2049,25-29,2828,2630,5458
2049,30-34,3170,3000,6170
2049,35-39,3118,2879,5997
2049,40-44,2637,2474,5111
2049,45-49,3731,3539,7270
2049,50-54,4362,4142,8504
2049,55-59,3898,4135,8033
2049,60-64,3700,4240,7940
2049,65-69,4265,5441,9706
2049,70-74,4094,5637,9731
2049,75-79,3365,5268,8633
2049,80-84,2598,4106,6704
2049,85-89,1542,2692,4234
2049,90-94,678,1407,2085
2049,95-99,220,534,754
2049,100+,0,0,0
2050,0-4,2174,2034,4208
2050,5-9,2207,2064,4271
2050,10-14,2309,2157,4466
2050,15-19,2552,2381,4933
2050,20-24,2790,2600,5390
2050,25-29,2851,2652,5503
2050,30-34,2988,2831,5819
2050,35-39,3303,3092,6395
2050,40-44,2571,2396,4967
2050,45-49,3379,3213,6592
2050,50-54,4424,4160,8584
2050,55-59,3970,4131,8101
2050,60-64,3594,4136,7730
2050,65-69,4178,5206,9384
2050,70-74,4161,5656,9817
2050,75-79,3321,5202,8523
2050,80-84,2673,4259,6932
2050,85-89,1564,2797,4361
2050,90-94,714,1472,2186
2050,95-99,231,571,802
2050,100+,0,0,0
2051,0-4,2162,2023,4185
2051,5-9,2200,2058,4258
2051,10-14,2277,2127,4404
2051,15-19,2495,2329,4824
2051,20-24,2755,2569,5324
2051,25-29,2862,2662,5524
2051,30-34,2827,2663,5490
2051,35-39,3454,3246,6700
2051,40-44,2548,2409,4957
2051,45-49,3158,3029,6187
2051,50-54,4312,3991,8303
2051,55-59,4031,4208,8239
2051,60-64,3660,4059,7719
2051,65-69,3975,4900,8875
2051,70-74,4093,5551,9644
2051,75-79,3407,5186,8593
2051,80-84,2703,4453,7156
2051,85-89,1618,2922,4540
2051,90-94,734,1529,2263
2051,95-99,243,590,833
2051,100+,0,0,0
2052,0-4,2146,2008,4154
2052,5-9,2193,2052,4245
2052,10-14,2250,2102,4352
2052,15-19,2442,2280,4722
2052,20-24,2713,2531,5244
2052,25-29,2847,2648,5495
2052,30-34,2721,2590,5311
2052,35-39,3465,3219,6684
2052,40-44,2771,2536,5307
2052,45-49,2854,2845,5699
2052,50-54,4117,3801,7918
2052,55-59,4159,4234,8393
2052,60-64,3656,4074,7730
2052,65-69,3798,4637,8435
2052,70-74,4070,5479,9549
2052,75-79,3436,5149,8585
2052,80-84,2724,4588,7312
2052,85-89,1661,2992,4653
2052,90-94,783,1600,2383
2052,95-99,249,603,852
2052,100+,0,0,0
2053,0-4,2128,1990,4118
2053,5-9,2187,2046,4233
2053,10-14,2230,2085,4315
2053,15-19,2394,2234,4628
2053,20-24,2664,2487,5151
2053,25-29,2833,2636,5469
2053,30-34,2717,2576,5293
2053,35-39,3380,3181,6561
2053,40-44,2925,2691,5616
2053,45-49,2711,2637,5348
2053,50-54,3902,3678,7580
2053,55-59,4186,4132,8318
2053,60-64,3663,4076,7739
2053,65-69,3663,4369,8032
2053,70-74,4011,5376,9387
2053,75-79,3508,5198,8706
2053,80-84,2663,4612,7275
2053,85-89,1750,3095,4845
2053,90-94,814,1685,2499
2053,95-99,257,625,882
2053,100+,0,0,0
2054,0-4,2110,1972,4082
2054,5-9,2181,2041,4222
2054,10-14,2216,2072,4288
2054,15-19,2347,2191,4538
2054,20-24,2611,2437,5048
2054,25-29,2816,2622,5438
2054,30-34,2828,2630,5458
2054,35-39,3153,3000,6153
2054,40-44,3090,2878,5968
2054,45-49,2593,2461,5054
2054,50-54,3639,3511,7150
2054,55-59,4230,4096,8326
2054,60-64,3751,4076,7827
2054,65-69,3506,4147,7653
2054,70-74,3915,5232,9147
2054,75-79,3548,5245,8793
2054,80-84,2658,4601,7259
2054,85-89,1793,3216,5009
2054,90-94,850,1747,2597
2054,95-99,265,645,910
2054,100+,0,0,0
2055,0-4,2088,1952,4040
2055,5-9,2174,2034,4208
2055,10-14,2207,2064,4271
2055,15-19,2309,2157,4466
2055,20-24,2552,2381,4933
2055,25-29,2790,2600,5390
2055,30-34,2851,2652,5503
2055,35-39,2975,2831,5806
2055,40-44,3273,3090,6363
2055,45-49,2528,2385,4913
2055,50-54,3297,3188,6485
2055,55-59,4291,4113,8404
2055,60-64,3821,4074,7895
2055,65-69,3411,4048,7459
2055,70-74,3840,5010,8850
2055,75-79,3611,5268,8879
2055,80-84,2630,4556,7186
2055,85-89,1849,3351,5200
2055,90-94,867,1831,2698
2055,95-99,283,687,970
2055,100+,0,0,0
2056,0-4,2066,1930,3996
2056,5-9,2162,2023,4185
2056,10-14,2200,2058,4258
2056,15-19,2277,2127,4404
2056,20-24,2495,2329,4824
2056,25-29,2755,2569,5324
2056,30-34,2862,2662,5524
2056,35-39,2816,2663,5479
2056,40-44,3423,3243,6666
2056,45-49,2504,2398,4902
2056,50-54,3082,3004,6086
2056,55-59,4187,3946,8133
2056,60-64,3881,4152,8033
2056,65-69,3478,3975,7453
2056,70-74,3657,4719,8376
2056,75-79,3560,5176,8736
2056,80-84,2709,4560,7269
2056,85-89,1871,3521,5392
2056,90-94,901,1924,2825
2056,95-99,295,721,1016
2056,100+,0,0,0
2057,0-4,2045,1909,3954
2057,5-9,2146,2008,4154
2057,10-14,2193,2052,4245
2057,15-19,2250,2102,4352
2057,20-24,2442,2280,4722
2057,25-29,2713,2531,5244
2057,30-34,2847,2648,5495
2057,35-39,2710,2590,5300
2057,40-44,3434,3216,6650
2057,45-49,2724,2522,5246
2057,50-54,2786,2820,5606
2057,55-59,4000,3761,7761
2057,60-64,4009,4180,8189
2057,65-69,3476,3990,7466
2057,70-74,3498,4469,7967
2057,75-79,3547,5115,8662
2057,80-84,2740,4536,7276
2057,85-89,1891,3632,5523
2057,90-94,930,1978,2908
2057,95-99,318,759,1077
2057,100+,0,0,0
2058,0-4,2021,1888,3909
2058,5-9,2128,1990,4118
2058,10-14,2187,2046,4233
2058,15-19,2230,2085,4315
2058,20-24,2394,2234,4628
2058,25-29,2664,2487,5151
2058,30-34,2833,2636,5469
2058,35-39,2706,2576,5282
2058,40-44,3349,3176,6525
2058,45-49,2876,2674,5550
2058,50-54,2647,2613,5260
2058,55-59,3791,3642,7433
2058,60-64,4038,4078,8116
2058,65-69,3487,3995,7482
2058,70-74,3379,4214,7593
2058,75-79,3501,5028,8529
2058,80-84,2804,4586,7390
2058,85-89,1855,3658,5513
2058,90-94,986,2057,3043
2058,95-99,329,806,1135
2058,100+,0,0,0
2059,0-4,1997,1866,3863
2059,5-9,2110,1972,4082
2059,10-14,2181,2041,4222
2059,15-19,2216,2072,4288
2059,20-24,2347,2191,4538
2059,25-29,2611,2437,5048
2059,30-34,2816,2622,5438
2059,35-39,2815,2630,5445
2059,40-44,3123,2995,6118
2059,45-49,3040,2859,5899
2059,50-54,2533,2436,4969
2059,55-59,3536,3479,7015
2059,60-64,4082,4041,8123
2059,65-69,3574,3996,7570
2059,70-74,3238,4005,7243
2059,75-79,3421,4898,8319
2059,80-84,2844,4635,7479
2059,85-89,1859,3657,5516
2059,90-94,1014,2147,3161
2059,95-99,345,840,1185
2059,100+,0,0,0
2060,0-4,1975,1844,3819
2060,5-9,2088,1952,4040
2060,10-14,2174,2034,4208
2060,15-19,2207,2064,4271
2060,20-24,2309,2157,4466
2060,25-29,2552,2381,4933
2060,30-34,2790,2600,5390
2060,35-39,2837,2652,5489
2060,40-44,2945,2827,5772
2060,45-49,3221,3068,6289
2060,50-54,2473,2360,4833
2060,55-59,3203,3159,6362
2060,60-64,4142,4058,8200
2060,65-69,3641,3995,7636
2060,70-74,3153,3911,7064
2060,75-79,3355,4688,8043
2060,80-84,2892,4653,7545
2060,85-89,1838,3619,5457
2060,90-94,1042,2240,3282
2060,95-99,352,882,1234
2060,100+,0,0,0
2061,0-4,1953,1824,3777
2061,5-9,2066,1930,3996
2061,10-14,2162,2023,4185
2061,15-19,2200,2058,4258
2061,20-24,2277,2127,4404
2061,25-29,2495,2329,4824
2061,30-34,2755,2569,5324
2061,35-39,2847,2662,5509
2061,40-44,2788,2661,5449
2061,45-49,3367,3219,6586
2061,50-54,2451,2373,4824
2061,55-59,2994,2977,5971
2061,60-64,4041,3894,7935
2061,65-69,3699,4071,7770
2061,70-74,3214,3840,7054
2061,75-79,3191,4414,7605
2061,80-84,2852,4574,7426
2061,85-89,1897,3629,5526
2061,90-94,1053,2357,3410
2061,95-99,365,928,1293
2061,100+,0,0,0
2062,0-4,1930,1804,3734
2062,5-9,2045,1909,3954
2062,10-14,2146,2008,4154
2062,15-19,2193,2052,4245
2062,20-24,2250,2102,4352
2062,25-29,2442,2280,4722
2062,30-34,2713,2531,5244
2062,35-39,2833,2648,5481
2062,40-44,2684,2590,5274
2062,45-49,3377,3193,6570
2062,50-54,2663,2497,5160
2062,55-59,2707,2794,5501
2062,60-64,3859,3711,7570
2062,65-69,3820,4097,7917
2062,70-74,3213,3854,7067
2062,75-79,3054,4180,7234
2062,80-84,2840,4514,7354
2062,85-89,1923,3609,5532
2062,90-94,1063,2426,3489
2062,95-99,379,950,1329
2062,100+,0,0,0
2063,0-4,1908,1782,3690
2063,5-9,2021,1888,3909
2063,10-14,2128,1990,4118
2063,15-19,2187,2046,4233
2063,20-24,2230,2085,4315
2063,25-29,2394,2234,4628
2063,30-34,2664,2487,5151
2063,35-39,2820,2636,5456
2063,40-44,2681,2576,5257
2063,45-49,3294,3156,6450
2063,50-54,2809,2649,5458
2063,55-59,2572,2587,5159
2063,60-64,3657,3593,7250
2063,65-69,3847,3997,7844
2063,70-74,3224,3859,7083
2063,75-79,2951,3942,6893
2063,80-84,2802,4439,7241
2063,85-89,1965,3650,5615
2063,90-94,1042,2437,3479
2063,95-99,403,991,1394
2063,100+,0,0,0
2064,0-4,1885,1760,3645
2064,5-9,1997,1866,3863
2064,10-14,2110,1972,4082
2064,15-19,2181,2041,4222
2064,20-24,2216,2072,4288
2064,25-29,2347,2191,4538
2064,30-34,2611,2437,5048
2064,35-39,2804,2622,5426
2064,40-44,2789,2630,5419
2064,45-49,3072,2978,6050
2064,50-54,2968,2834,5802
2064,55-59,2460,2411,4871
2064,60-64,3411,3432,6843
2064,65-69,3889,3961,7850
2064,70-74,3305,3861,7166
2064,75-79,2826,3748,6574
2064,80-84,2738,4325,7063
2064,85-89,1993,3688,5681
2064,90-94,1044,2428,3472
2064,95-99,414,1035,1449
2064,100+,0,0,0
2065,0-4,1860,1738,3598
2065,5-9,1975,1844,3819
2065,10-14,2088,1952,4040
2065,15-19,2174,2034,4208
2065,20-24,2207,2064,4271
2065,25-29,2309,2157,4466
2065,30-34,2552,2381,4933
2065,35-39,2779,2600,5379
2065,40-44,2811,2652,5463
2065,45-49,2897,2814,5711
2065,50-54,3146,3043,6189
2065,55-59,2400,2335,4735
2065,60-64,3091,3117,6208
2065,65-69,3948,3980,7928
2065,70-74,3371,3863,7234
2065,75-79,2761,3666,6427
2065,80-84,2690,4145,6835
2065,85-89,2030,3710,5740
2065,90-94,1036,2415,3451
2065,95-99,425,1091,1516
2065,100+,0,0,0
