year,age_range,male,female,total
2019,0-4,656,641,1297
2019,5-9,928,904,1832
2019,10-14,1055,933,1988
2019,15-19,1391,1293,2684
2019,20-24,1488,1364,2852
2019,25-29,1366,1250,2616
2019,30-34,1254,1189,2443
2019,35-39,1483,1504,2987
2019,40-44,1534,1676,3210
2019,45-49,1562,1522,3084
2019,50-54,1671,1463,3134
2019,55-59,1783,1454,3237
2019,60-64,1468,1267,2735
2019,65-69,1218,1190,2408
2019,70-74,726,814,1540
2019,75-79,640,827,1467
2019,80-84,495,671,1166
2019,85-89,278,527,805
2019,90-94,126,178,304
2019,95-99,16,51,67
2019,100+,4,4,8
2020,0-4,629,637,1266
2020,5-9,940,878,1818
2020,10-14,991,891,1882
2020,15-19,1309,1214,2523
2020,20-24,1509,1376,2885
2020,25-29,1389,1267,2656
2020,30-34,1266,1192,2458
2020,35-39,1430,1484,2914
2020,40-44,1549,1627,3176
2020,45-49,1468,1533,3001
2020,50-54,1688,1514,3202
2020,55-59,1759,1422,3181
2020,60-64,1495,1297,2792
2020,65-69,1325,1238,2563
2020,70-74,761,859,1620
2020,75-79,608,756,1364
2020,80-84,501,708,1209
2020,85-89,286,518,804
2020,90-94,145,214,359
2020,95-99,17,46,63
2020,100+,0,0,0
2021,0-4,649,642,1291
2021,5-9,898,813,1711
2021,10-14,938,886,1824
2021,15-19,1257,1124,2381
2021,20-24,1479,1395,2874
2021,25-29,1434,1302,2736
2021,30-34,1283,1199,2482
2021,35-39,1363,1380,2743
2021,40-44,1536,1623,3159
2021,45-49,1476,1555,3031
2021,50-54,1663,1522,3185
2021,55-59,1722,1421,3143
2021,60-64,1554,1341,2895
2021,65-69,1307,1229,2536
2021,70-74,892,953,1845
2021,75-79,579,723,1302
2021,80-84,496,726,1222
2021,85-89,289,500,789
2021,90-94,145,231,376
2021,95-99,23,53,76
2021,100+,0,0,0
2022,0-4,681,635,1316
2022,5-9,802,762,1564
2022,10-14,947,882,1829
2022,15-19,1174,1067,2241
2022,20-24,1455,1377,2832
2022,25-29,1492,1315,2807
2022,30-34,1267,1228,2495
2022,35-39,1318,1335,2653
2022,40-44,1564,1579,3143
2022,45-49,1457,1587,3044
2022,50-54,1628,1506,3134
2022,55-59,1660,1432,3092
2022,60-64,1640,1379,3019
2022,65-69,1298,1249,2547
2022,70-74,989,1000,1989
2022,75-79,554,701,1255
2022,80-84,503,725,1228
2022,85-89,289,497,786
2022,90-94,146,253,399
2022,95-99,34,53,87
2022,100+,0,0,0
2023,0-4,722,659,1381
2023,5-9,692,689,1381
2023,10-14,977,911,1888
2023,15-19,1067,985,2052
2023,20-24,1456,1335,2791
2023,25-29,1489,1357,2846
2023,30-34,1309,1236,2545
2023,35-39,1290,1262,2552
2023,40-44,1528,1538,3066
2023,45-49,1470,1635,3105
2023,50-54,1566,1505,3071
2023,55-59,1639,1427,3066
2023,60-64,1674,1398,3072
2023,65-69,1308,1246,2554
2023,70-74,1086,1073,2159
2023,75-79,554,726,1280
2023,80-84,501,702,1203
2023,85-89,300,486,786
2023,90-94,146,276,422
2023,95-99,38,57,95
2023,100+,0,0,0
2024,0-4,743,691,1434
2024,5-9,656,641,1297
2024,10-14,928,904,1832
2024,15-19,1055,933,1988
2024,20-24,1391,1293,2684
2024,25-29,1488,1364,2852
2024,30-34,1366,1250,2616
2024,35-39,1253,1189,2442
2024,40-44,1461,1504,2965
2024,45-49,1508,1670,3178
2024,50-54,1518,1501,3019
2024,55-59,1611,1438,3049
2024,60-64,1694,1427,3121
2024,65-69,1368,1226,2594
2024,70-74,1090,1125,2215
2024,75-79,610,736,1346
2024,80-84,479,688,1167
2024,85-89,315,489,804
2024,90-94,139,301,440
2024,95-99,45,66,111
2024,100+,0,0,0
2025,0-4,745,694,1439
2025,5-9,629,637,1266
2025,10-14,940,878,1818
2025,15-19,991,891,1882
2025,20-24,1309,1214,2523
2025,25-29,1509,1376,2885
2025,30-34,1389,1267,2656
2025,35-39,1266,1192,2458
2025,40-44,1409,1484,2893
2025,45-49,1522,1621,3143
2025,50-54,1427,1510,2937
2025,55-59,1628,1489,3117
2025,60-64,1672,1395,3067
2025,65-69,1395,1255,2650
2025,70-74,1188,1171,2359
2025,75-79,641,779,1420
2025,80-84,458,631,1089
2025,85-89,321,519,840
2025,90-94,144,297,441
2025,95-99,52,82,134
2025,100+,0,0,0
2026,0-4,750,699,1449
2026,5-9,649,642,1291
2026,10-14,898,813,1711
2026,15-19,938,886,1824
2026,20-24,1257,1124,2381
2026,25-29,1479,1395,2874
2026,30-34,1434,1302,2736
2026,35-39,1282,1199,2481
2026,40-44,1344,1380,2724
2026,45-49,1511,1617,3128
2026,50-54,1434,1531,2965
2026,55-59,1602,1497,3099
2026,60-64,1639,1396,3035
2026,65-69,1452,1297,2749
2026,70-74,1173,1164,2337
2026,75-79,751,867,1618
2026,80-84,435,605,1040
2026,85-89,320,532,852
2026,90-94,147,286,433
2026,95-99,51,91,142
2026,100+,0,0,0
2027,0-4,754,703,1457
2027,5-9,681,635,1316
2027,10-14,802,762,1564
2027,15-19,947,882,1829
2027,20-24,1174,1067,2241
2027,25-29,1455,1377,2832
2027,30-34,1492,1315,2807
2027,35-39,1266,1228,2494
2027,40-44,1300,1335,2635
2027,45-49,1537,1574,3111
2027,50-54,1417,1563,2980
2027,55-59,1567,1481,3048
2027,60-64,1580,1407,2987
2027,65-69,1535,1336,2871
2027,70-74,1167,1183,2350
2027,75-79,835,908,1743
2027,80-84,416,590,1006
2027,85-89,326,533,859
2027,90-94,149,285,434
2027,95-99,51,99,150
2027,100+,0,0,0
2028,0-4,762,710,1472
2028,5-9,722,659,1381
2028,10-14,692,689,1381
2028,15-19,977,911,1888
2028,20-24,1067,985,2052
2028,25-29,1456,1335,2791
2028,30-34,1489,1357,2846
2028,35-39,1309,1236,2545
2028,40-44,1272,1262,2534
2028,45-49,1501,1535,3036
2028,50-54,1429,1611,3040
2028,55-59,1508,1480,2988
2028,60-64,1561,1402,2963
2028,65-69,1567,1355,2922
2028,70-74,1178,1182,2360
2028,75-79,917,976,1893
2028,80-84,420,612,1032
2028,85-89,326,514,840
2028,90-94,154,282,436
2028,95-99,51,108,159
2028,100+,0,0,0
2029,0-4,768,716,1484
2029,5-9,743,691,1434
2029,10-14,656,641,1297
2029,15-19,928,904,1832
2029,20-24,1055,933,1988
2029,25-29,1391,1293,2684
2029,30-34,1488,1364,2852
2029,35-39,1365,1250,2615
2029,40-44,1236,1189,2425
2029,45-49,1436,1503,2939
2029,50-54,1466,1646,3112
2029,55-59,1463,1476,2939
2029,60-64,1535,1413,2948
2029,65-69,1586,1386,2972
2029,70-74,1233,1164,2397
2029,75-79,920,1025,1945
2029,80-84,466,625,1091
2029,85-89,311,507,818
2029,90-94,163,289,452
2029,95-99,50,119,169
2029,100+,0,0,0
2030,0-4,770,717,1487
2030,5-9,745,694,1439
2030,10-14,629,637,1266
2030,15-19,940,878,1818
2030,20-24,991,891,1882
2030,25-29,1309,1214,2523
2030,30-34,1509,1376,2885
2030,35-39,1388,1267,2655
2030,40-44,1248,1192,2440
2030,45-49,1383,1482,2865
2030,50-54,1480,1600,3080
2030,55-59,1376,1485,2861
2030,60-64,1552,1463,3015
2030,65-69,1565,1355,2920
2030,70-74,1258,1192,2450
2030,75-79,1002,1066,2068
2030,80-84,488,661,1149
2030,85-89,298,465,763
2030,90-94,167,308,475
2030,95-99,53,116,169
2030,100+,0,0,0
2031,0-4,767,715,1482
2031,5-9,750,699,1449
2031,10-14,649,642,1291
2031,15-19,898,813,1711
2031,20-24,938,886,1824
2031,25-29,1257,1124,2381
2031,30-34,1479,1395,2874
2031,35-39,1432,1302,2734
2031,40-44,1264,1199,2463
2031,45-49,1318,1380,2698
2031,50-54,1468,1597,3065
2031,55-59,1384,1506,2890
2031,60-64,1529,1472,3001
2031,65-69,1533,1356,2889
2031,70-74,1308,1233,2541
2031,75-79,990,1061,2051
2031,80-84,574,735,1309
2031,85-89,280,446,726
2031,90-94,165,314,479
2031,95-99,53,110,163
2031,100+,0,0,0
2032,0-4,764,713,1477
2032,5-9,754,703,1457
2032,10-14,681,635,1316
2032,15-19,802,762,1564
2032,20-24,947,882,1829
2032,25-29,1174,1067,2241
2032,30-34,1455,1377,2832
2032,35-39,1489,1315,2804
2032,40-44,1248,1228,2476
2032,45-49,1275,1334,2609
2032,50-54,1494,1556,3050
2032,55-59,1367,1538,2905
2032,60-64,1495,1456,2951
2032,65-69,1478,1367,2845
2032,70-74,1382,1270,2652
2032,75-79,982,1079,2061
2032,80-84,637,768,1405
2032,85-89,268,435,703
2032,90-94,168,312,480
2032,95-99,54,108,162
2032,100+,0,0,0
2033,0-4,755,705,1460
2033,5-9,762,710,1472
2033,10-14,722,659,1381
2033,15-19,692,689,1381
2033,20-24,977,911,1888
2033,25-29,1067,985,2052
2033,30-34,1456,1335,2791
2033,35-39,1486,1357,2843
2033,40-44,1289,1236,2525
2033,45-49,1247,1261,2508
2033,50-54,1460,1517,2977
2033,55-59,1379,1586,2965
2033,60-64,1438,1454,2892
2033,65-69,1461,1362,2823
2033,70-74,1411,1288,2699
2033,75-79,992,1080,2072
2033,80-84,701,826,1527
2033,85-89,271,454,725
2033,90-94,167,299,466
2033,95-99,55,109,164
2033,100+,0,0,0
2034,0-4,745,696,1441
2034,5-9,768,716,1484
2034,10-14,743,691,1434
2034,15-19,656,641,1297
2034,20-24,928,904,1832
2034,25-29,1055,933,1988
2034,30-34,1391,1293,2684
2034,35-39,1484,1364,2848
2034,40-44,1344,1250,2594
2034,45-49,1211,1189,2400
2034,50-54,1396,1485,2881
2034,55-59,1416,1621,3037
2034,60-64,1395,1450,2845
2034,65-69,1437,1372,2809
2034,70-74,1428,1317,2745
2034,75-79,1038,1063,2101
2034,80-84,700,868,1568
2034,85-89,303,468,771
2034,90-94,158,297,455
2034,95-99,58,113,171
2034,100+,0,0,0
2035,0-4,732,684,1416
2035,5-9,770,717,1487
2035,10-14,745,694,1439
2035,15-19,629,637,1266
2035,20-24,940,878,1818
2035,25-29,991,891,1882
2035,30-34,1309,1214,2523
2035,35-39,1506,1376,2882
2035,40-44,1366,1267,2633
2035,45-49,1223,1192,2415
2035,50-54,1347,1466,2813
2035,55-59,1430,1575,3005
2035,60-64,1315,1460,2775
2035,65-69,1455,1422,2877
2035,70-74,1413,1289,2702
2035,75-79,1066,1092,2158
2035,80-84,766,907,1673
2035,85-89,322,496,818
2035,90-94,154,278,432
2035,95-99,60,125,185
2035,100+,0,0,0
2036,0-4,716,669,1385
2036,5-9,767,715,1482
2036,10-14,750,699,1449
2036,15-19,649,642,1291
2036,20-24,898,813,1711
2036,25-29,938,886,1824
2036,30-34,1257,1124,2381
2036,35-39,1477,1395,2872
2036,40-44,1410,1302,2712
2036,45-49,1239,1199,2438
2036,50-54,1286,1366,2652
2036,55-59,1418,1572,2990
2036,60-64,1326,1481,2807
2036,65-69,1435,1432,2867
2036,70-74,1387,1293,2680
2036,75-79,1112,1132,2244
2036,80-84,761,907,1668
2036,85-89,383,556,939
2036,90-94,146,271,417
2036,95-99,59,127,186
2036,100+,0,0,0
2037,0-4,696,650,1346
2037,5-9,764,713,1477
2037,10-14,754,703,1457
2037,15-19,681,635,1316
2037,20-24,802,762,1564
2037,25-29,947,882,1829
2037,30-34,1174,1067,2241
2037,35-39,1454,1377,2831
2037,40-44,1467,1315,2782
2037,45-49,1223,1228,2451
2037,50-54,1247,1324,2571
2037,55-59,1444,1531,2975
2037,60-64,1312,1513,2825
2037,65-69,1404,1417,2821
2037,70-74,1341,1305,2646
2037,75-79,1179,1166,2345
2037,80-84,760,924,1684
2037,85-89,427,583,1010
2037,90-94,142,267,409
2037,95-99,62,129,191
2037,100+,0,0,0
2038,0-4,677,632,1309
2038,5-9,755,705,1460
2038,10-14,762,710,1472
2038,15-19,722,659,1381
2038,20-24,692,689,1381
2038,25-29,977,911,1888
2038,30-34,1067,985,2052
2038,35-39,1455,1335,2790
2038,40-44,1465,1357,2822
2038,45-49,1264,1236,2500
2038,50-54,1221,1255,2476
2038,55-59,1411,1492,2903
2038,60-64,1326,1561,2887
2038,65-69,1351,1418,2769
2038,70-74,1331,1301,2632
2038,75-79,1207,1187,2394
2038,80-84,772,928,1700
2038,85-89,472,629,1101
2038,90-94,146,280,426
2038,95-99,63,124,187
2038,100+,0,0,0
2039,0-4,657,612,1269
2039,5-9,745,696,1441
2039,10-14,768,716,1484
2039,15-19,743,691,1434
2039,20-24,656,641,1297
2039,25-29,928,904,1832
2039,30-34,1055,933,1988
2039,35-39,1390,1293,2683
2039,40-44,1465,1364,2829
2039,45-49,1319,1250,2569
2039,50-54,1186,1187,2373
2039,55-59,1350,1460,2810
2039,60-64,1362,1596,2958
2039,65-69,1314,1416,2730
2039,70-74,1310,1313,2623
2039,75-79,1223,1214,2437
2039,80-84,810,917,1727
2039,85-89,473,666,1139
2039,90-94,165,293,458
2039,95-99,59,127,186
2039,100+,0,0,0
2040,0-4,636,593,1229
2040,5-9,732,684,1416
2040,10-14,770,717,1487
2040,15-19,745,694,1439
2040,20-24,629,637,1266
2040,25-29,940,878,1818
2040,30-34,991,891,1882
2040,35-39,1308,1214,2522
2040,40-44,1487,1376,2863
2040,45-49,1341,1267,2608
2040,50-54,1198,1191,2389
2040,55-59,1303,1443,2746
2040,60-64,1374,1550,2924
2040,65-69,1240,1426,2666
2040,70-74,1327,1361,2688
2040,75-79,1210,1188,2398
2040,80-84,834,943,1777
2040,85-89,516,695,1211
2040,90-94,175,310,485
2040,95-99,58,117,175
2040,100+,0,0,0
2041,0-4,615,573,1188
2041,5-9,716,669,1385
2041,10-14,767,715,1482
2041,15-19,750,699,1449
2041,20-24,649,642,1291
2041,25-29,898,813,1711
2041,30-34,938,886,1824
2041,35-39,1256,1124,2380
2041,40-44,1458,1395,2853
2041,45-49,1385,1302,2687
2041,50-54,1213,1198,2411
2041,55-59,1245,1345,2590
2041,60-64,1362,1547,2909
2041,65-69,1251,1446,2697
2041,70-74,1307,1371,2678
2041,75-79,1187,1193,2380
2041,80-84,867,976,1843
2041,85-89,510,695,1205
2041,90-94,208,348,556
2041,95-99,54,114,168
2041,100+,0,0,0
2042,0-4,596,554,1150
2042,5-9,696,650,1346
2042,10-14,764,713,1477
2042,15-19,754,703,1457
2042,20-24,681,635,1316
2042,25-29,802,762,1564
2042,30-34,947,882,1829
2042,35-39,1173,1067,2240
2042,40-44,1435,1377,2812
2042,45-49,1442,1315,2757
2042,50-54,1198,1226,2424
2042,55-59,1206,1304,2510
2042,60-64,1387,1506,2893
2042,65-69,1238,1477,2715
2042,70-74,1278,1357,2635
2042,75-79,1148,1205,2353
2042,80-84,918,1006,1924
2042,85-89,508,705,1213
2042,90-94,231,364,595
2042,95-99,53,112,165
2042,100+,0,0,0
2043,0-4,575,535,1110
2043,5-9,677,632,1309
2043,10-14,755,705,1460
2043,15-19,762,710,1472
2043,20-24,722,659,1381
2043,25-29,692,689,1381
2043,30-34,977,911,1888
2043,35-39,1067,985,2052
2043,40-44,1436,1335,2771
2043,45-49,1440,1357,2797
2043,50-54,1239,1233,2472
2043,55-59,1181,1236,2417
2043,60-64,1354,1467,2821
2043,65-69,1250,1524,2774
2043,70-74,1231,1357,2588
2043,75-79,1139,1200,2339
2043,80-84,940,1025,1965
2043,85-89,518,709,1227
2043,90-94,254,395,649
2043,95-99,55,120,175
2043,100+,0,0,0
2044,0-4,555,518,1073
2044,5-9,657,612,1269
2044,10-14,745,696,1441
2044,15-19,768,716,1484
2044,20-24,743,691,1434
2044,25-29,656,641,1297
2044,30-34,928,904,1832
2044,35-39,1055,933,1988
2044,40-44,1373,1293,2666
2044,45-49,1440,1364,2804
2044,50-54,1292,1246,2538
2044,55-59,1147,1168,2315
2044,60-64,1295,1435,2730
2044,65-69,1284,1558,2842
2044,70-74,1196,1355,2551
2044,75-79,1123,1211,2334
2044,80-84,952,1048,2000
2044,85-89,542,701,1243
2044,90-94,253,419,672
2044,95-99,63,128,191
2044,100+,0,0,0
2045,0-4,537,502,1039
2045,5-9,636,593,1229
2045,10-14,732,684,1416
2045,15-19,770,717,1487
2045,20-24,745,694,1439
2045,25-29,629,637,1266
2045,30-34,940,878,1818
2045,35-39,991,891,1882
2045,40-44,1294,1214,2508
2045,45-49,1462,1376,2838
2045,50-54,1315,1265,2580
2045,55-59,1159,1170,2329
2045,60-64,1249,1418,2667
2045,65-69,1298,1512,2810
2045,70-74,1132,1367,2499
2045,75-79,1141,1258,2399
2045,80-84,945,1027,1972
2045,85-89,565,725,1290
2045,90-94,277,436,713
2045,95-99,67,138,205
2045,100+,0,0,0
2046,0-4,521,488,1009
2046,5-9,615,573,1188
2046,10-14,716,669,1385
2046,15-19,767,715,1482
2046,20-24,750,699,1449
2046,25-29,649,642,1291
2046,30-34,898,813,1711
2046,35-39,938,886,1824
2046,40-44,1245,1124,2369
2046,45-49,1433,1395,2828
2046,50-54,1358,1299,2657
2046,55-59,1176,1178,2354
2046,60-64,1193,1320,2513
2046,65-69,1288,1511,2799
2046,70-74,1144,1387,2531
2046,75-79,1126,1271,2397
2046,80-84,928,1035,1963
2046,85-89,591,756,1347
2046,90-94,276,440,716
2046,95-99,82,157,239
2046,100+,0,0,0
2047,0-4,505,474,979
2047,5-9,596,554,1150
2047,10-14,696,650,1346
2047,15-19,764,713,1477
2047,20-24,754,703,1457
2047,25-29,681,635,1316
2047,30-34,802,762,1564
2047,35-39,947,882,1829
2047,40-44,1165,1067,2232
2047,45-49,1410,1377,2787
2047,50-54,1413,1315,2728
2047,55-59,1163,1205,2368
2047,60-64,1156,1279,2435
2047,65-69,1311,1471,2782
2047,70-74,1133,1418,2551
2047,75-79,1101,1260,2361
2047,80-84,899,1048,1947
2047,85-89,627,783,1410
2047,90-94,275,447,722
2047,95-99,91,165,256
2047,100+,0,0,0
2048,0-4,491,461,952
2048,5-9,575,535,1110
2048,10-14,677,632,1309
2048,15-19,755,705,1460
2048,20-24,762,710,1472
2048,25-29,722,659,1381
2048,30-34,692,689,1381
2048,35-39,977,911,1888
2048,40-44,1061,985,2046
2048,45-49,1411,1335,2746
2048,50-54,1410,1355,2765
2048,55-59,1201,1214,2415
2048,60-64,1131,1211,2342
2048,65-69,1282,1434,2716
2048,70-74,1147,1466,2613
2048,75-79,1063,1259,2322
2048,80-84,897,1047,1944
2048,85-89,644,799,1443
2048,90-94,283,456,739
2048,95-99,100,180,280
2048,100+,0,0,0
2049,0-4,478,449,927
2049,5-9,555,518,1073
2049,10-14,657,612,1269
2049,15-19,745,696,1441
2049,20-24,768,716,1484
2049,25-29,743,691,1434
2049,30-34,656,641,1297
2049,35-39,928,904,1832
2049,40-44,1049,933,1982
2049,45-49,1349,1293,2642
2049,50-54,1409,1361,2770
2049,55-59,1250,1228,2478
2049,60-64,1100,1143,2243
2049,65-69,1228,1405,2633
2049,70-74,1179,1498,2677
2049,75-79,1033,1260,2293
2049,80-84,887,1060,1947
2049,85-89,655,819,1474
2049,90-94,298,455,753
2049,95-99,99,192,291
2049,100+,0,0,0
2050,0-4,467,439,906
2050,5-9,537,502,1039
2050,10-14,636,593,1229
2050,15-19,732,684,1416
2050,20-24,770,717,1487
2050,25-29,745,694,1439
2050,30-34,629,637,1266
2050,35-39,940,878,1818
2050,40-44,986,891,1877
2050,45-49,1270,1214,2484
2050,50-54,1431,1372,2803
2050,55-59,1271,1246,2517
2050,60-64,1111,1145,2256
2050,65-69,1184,1387,2571
2050,70-74,1191,1454,2645
2050,75-79,980,1271,2251
2050,80-84,903,1100,2003
2050,85-89,648,801,1449
2050,90-94,313,472,785
2050,95-99,108,200,308
2050,100+,0,0,0
2051,0-4,458,430,888
2051,5-9,521,488,1009
2051,10-14,615,573,1188
2051,15-19,716,669,1385
2051,20-24,767,715,1482
2051,25-29,750,699,1449
2051,30-34,649,642,1291
2051,35-39,898,813,1711
2051,40-44,933,886,1819
2051,45-49,1221,1124,2345
2051,50-54,1402,1391,2793
2051,55-59,1311,1279,2590
2051,60-64,1127,1153,2280
2051,65-69,1131,1290,2421
2051,70-74,1184,1453,2637
2051,75-79,990,1291,2281
2051,80-84,890,1112,2002
2051,85-89,635,808,1443
2051,90-94,325,491,816
2051,95-99,107,204,311
2051,100+,0,0,0
2052,0-4,450,422,872
2052,5-9,505,474,979
2052,10-14,596,554,1150
2052,15-19,696,650,1346
2052,20-24,764,713,1477
2052,25-29,754,703,1457
2052,30-34,681,635,1316
2052,35-39,802,762,1564
2052,40-44,943,882,1825
2052,45-49,1141,1067,2208
2052,50-54,1380,1373,2753
2052,55-59,1363,1293,2656
2052,60-64,1113,1180,2293
2052,65-69,1097,1249,2346
2052,70-74,1205,1414,2619
2052,75-79,980,1320,2300
2052,80-84,870,1101,1971
2052,85-89,617,819,1436
2052,90-94,345,507,852
2052,95-99,108,203,311
2052,100+,0,0,0
2053,0-4,443,415,858
2053,5-9,491,461,952
2053,10-14,575,535,1110
2053,15-19,677,632,1309
2053,20-24,755,705,1460
2053,25-29,762,710,1472
2053,30-34,722,659,1381
2053,35-39,692,689,1381
2053,40-44,974,911,1885
2053,45-49,1038,985,2023
2053,50-54,1381,1331,2712
2053,55-59,1362,1332,2694
2053,60-64,1151,1189,2340
2053,65-69,1073,1183,2256
2053,70-74,1177,1378,2555
2053,75-79,994,1364,2358
2053,80-84,838,1100,1938
2053,85-89,617,820,1437
2053,90-94,355,517,872
2053,95-99,112,209,321
2053,100+,0,0,0
2054,0-4,437,409,846
2054,5-9,478,449,927
2054,10-14,555,518,1073
2054,15-19,657,612,1269
2054,20-24,745,696,1441
2054,25-29,768,716,1484
2054,30-34,743,691,1434
2054,35-39,656,641,1297
2054,40-44,926,904,1830
2054,45-49,1026,933,1959
2054,50-54,1320,1288,2608
2054,55-59,1362,1339,2701
2054,60-64,1200,1203,2403
2054,65-69,1043,1117,2160
2054,70-74,1127,1351,2478
2054,75-79,1022,1394,2416
2054,80-84,815,1100,1915
2054,85-89,610,830,1440
2054,90-94,359,528,887
2054,95-99,117,210,327
2054,100+,0,0,0
2055,0-4,432,403,835
2055,5-9,467,439,906
2055,10-14,537,502,1039
2055,15-19,636,593,1229
2055,20-24,732,684,1416
2055,25-29,770,717,1487
2055,30-34,745,694,1439
2055,35-39,629,637,1266
2055,40-44,936,878,1814
2055,45-49,964,891,1855
2055,50-54,1245,1211,2456
2055,55-59,1382,1350,2732
2055,60-64,1221,1221,2442
2055,65-69,1055,1120,2175
2055,70-74,1088,1336,2424
2055,75-79,1034,1354,2388
2055,80-84,775,1115,1890
2055,85-89,624,864,1488
2055,90-94,357,519,876
2055,95-99,124,221,345
2055,100+,0,0,0
2056,0-4,427,399,826
2056,5-9,458,430,888
2056,10-14,521,488,1009
2056,15-19,615,573,1188
2056,20-24,716,669,1385
2056,25-29,767,715,1482
2056,30-34,750,699,1449
2056,35-39,649,642,1291
2056,40-44,893,813,1706
2056,45-49,913,886,1799
2056,50-54,1195,1124,2319
2056,55-59,1356,1368,2724
2056,60-64,1261,1254,2515
2056,65-69,1072,1128,2200
2056,70-74,1040,1245,2285
2056,75-79,1030,1357,2387
2056,80-84,787,1137,1924
2056,85-89,615,877,1492
2056,90-94,351,529,880
2056,95-99,129,231,360
2056,100+,0,0,0
2057,0-4,424,396,820
2057,5-9,450,422,872
2057,10-14,505,474,979
2057,15-19,596,554,1150
2057,20-24,696,650,1346
2057,25-29,764,713,1477
2057,30-34,754,703,1457
2057,35-39,681,635,1316
2057,40-44,799,762,1561
2057,45-49,922,882,1804
2057,50-54,1115,1067,2182
2057,55-59,1336,1352,2688
2057,60-64,1313,1268,2581
2057,65-69,1060,1155,2215
2057,70-74,1010,1206,2216
2057,75-79,1051,1322,2373
2057,80-84,781,1165,1946
2057,85-89,602,870,1472
2057,90-94,343,540,883
2057,95-99,139,240,379
2057,100+,0,0,0
2058,0-4,422,395,817
2058,5-9,443,415,858
2058,10-14,491,461,952
2058,15-19,575,535,1110
2058,20-24,677,632,1309
2058,25-29,755,705,1460
2058,30-34,762,710,1472
2058,35-39,722,659,1381
2058,40-44,692,689,1381
2058,45-49,951,911,1862
2058,50-54,1013,985,1998
2058,55-59,1338,1314,2652
2058,60-64,1312,1307,2619
2058,65-69,1098,1164,2262
2058,70-74,990,1143,2133
2058,75-79,1029,1292,2321
2058,80-84,795,1205,2000
2058,85-89,582,872,1454
2058,90-94,344,545,889
2058,95-99,143,247,390
2058,100+,0,0,0
2059,0-4,422,395,817
2059,5-9,437,409,846
2059,10-14,478,449,927
2059,15-19,555,518,1073
2059,20-24,657,612,1269
2059,25-29,745,696,1441
2059,30-34,768,716,1484
2059,35-39,743,691,1434
2059,40-44,655,641,1296
2059,45-49,905,904,1809
2059,50-54,1001,933,1934
2059,55-59,1279,1275,2554
2059,60-64,1312,1314,2626
2059,65-69,1145,1178,2323
2059,70-74,965,1080,2045
2059,75-79,986,1268,2254
2059,80-84,820,1232,2052
2059,85-89,569,875,1444
2059,90-94,342,555,897
2059,95-99,146,253,399
2059,100+,0,0,0
2060,0-4,422,395,817
2060,5-9,432,403,835
2060,10-14,467,439,906
2060,15-19,537,502,1039
2060,20-24,636,593,1229
2060,25-29,732,684,1416
2060,30-34,770,717,1487
2060,35-39,745,694,1439
2060,40-44,629,637,1266
2060,45-49,917,878,1795
2060,50-54,939,891,1830
2060,55-59,1206,1201,2407
2060,60-64,1332,1325,2657
2060,65-69,1165,1196,2361
2060,70-74,976,1084,2060
2060,75-79,952,1251,2203
2060,80-84,831,1197,2028
2060,85-89,542,887,1429
2060,90-94,352,577,929
2060,95-99,144,247,391
2060,100+,0,0,0
2061,0-4,422,394,816
2061,5-9,427,399,826
2061,10-14,458,430,888
2061,15-19,521,488,1009
2061,20-24,615,573,1188
2061,25-29,716,669,1385
2061,30-34,767,715,1482
2061,35-39,750,699,1449
2061,40-44,649,642,1291
2061,45-49,877,813,1690
2061,50-54,888,886,1774
2061,55-59,1160,1117,2277
2061,60-64,1306,1343,2649
2061,65-69,1202,1229,2431
2061,70-74,991,1092,2083
2061,75-79,909,1166,2075
2061,80-84,827,1198,2025
2061,85-89,551,907,1458
2061,90-94,345,586,931
2061,95-99,141,253,394
2061,100+,0,0,0
2062,0-4,421,393,814
2062,5-9,424,396,820
2062,10-14,450,422,872
2062,15-19,505,474,979
2062,20-24,596,554,1150
2062,25-29,696,650,1346
2062,30-34,764,713,1477
2062,35-39,754,703,1457
2062,40-44,681,635,1316
2062,45-49,786,762,1548
2062,50-54,897,882,1779
2062,55-59,1085,1064,2149
2062,60-64,1286,1327,2613
2062,65-69,1251,1243,2494
2062,70-74,979,1118,2097
2062,75-79,883,1128,2011
2062,80-84,843,1167,2010
2062,85-89,546,929,1475
2062,90-94,336,580,916
2062,95-99,137,259,396
2062,100+,0,0,0
2063,0-4,418,390,808
2063,5-9,422,395,817
2063,10-14,443,415,858
2063,15-19,491,461,952
2063,20-24,575,535,1110
2063,25-29,677,632,1309
2063,30-34,755,705,1460
2063,35-39,762,710,1472
2063,40-44,722,659,1381
2063,45-49,681,689,1370
2063,50-54,926,911,1837
2063,55-59,988,984,1972
2063,60-64,1288,1290,2578
2063,65-69,1250,1282,2532
2063,70-74,1015,1126,2141
2063,75-79,866,1069,1935
2063,80-84,824,1141,1965
2063,85-89,556,958,1514
2063,90-94,325,579,904
2063,95-99,139,262,401
2063,100+,0,0,0
2064,0-4,412,384,796
2064,5-9,422,395,817
2064,10-14,437,409,846
2064,15-19,478,449,927
2064,20-24,555,518,1073
2064,25-29,657,612,1269
2064,30-34,745,696,1441
2064,35-39,768,716,1484
2064,40-44,743,691,1434
2064,45-49,648,641,1289
2064,50-54,880,904,1784
2064,55-59,976,932,1908
2064,60-64,1234,1253,2487
2064,65-69,1250,1288,2538
2064,70-74,1058,1138,2196
2064,75-79,843,1011,1854
2064,80-84,790,1121,1911
2064,85-89,574,980,1554
2064,90-94,316,582,898
2064,95-99,139,267,406
2064,100+,0,0,0
2065,0-4,405,377,782
2065,5-9,422,395,817
2065,10-14,432,403,835
2065,15-19,467,439,906
2065,20-24,537,502,1039
2065,25-29,636,593,1229
2065,30-34,732,684,1416
2065,35-39,770,717,1487
2065,40-44,745,694,1439
2065,45-49,626,637,1263
2065,50-54,892,878,1770
2065,55-59,914,891,1805
2065,60-64,1166,1182,2348
2065,65-69,1271,1300,2571
2065,70-74,1079,1156,2235
2065,75-79,853,1016,1869
2065,80-84,764,1105,1869
2065,85-89,583,953,1536
2065,90-94,304,594,898
2065,95-99,143,280,423
2065,100+,0,0,0
