year,age_range,male,female,total
2019,0-4,68931,63693,132624
2019,5-9,70612,65665,136277
2019,10-14,68979,63632,132611
2019,15-19,83715,77788,161503
2019,20-24,100860,93840,194700
2019,25-29,104376,98574,202950
2019,30-34,102188,100844,203032
2019,35-39,119865,124877,244742
2019,40-44,114477,121716,236193
2019,45-49,99776,110591,210367
2019,50-54,101683,111767,213450
2019,55-59,98770,108361,207131
2019,60-64,85635,94541,180176
2019,65-69,68477,76521,144998
2019,70-74,37113,42492,79605
2019,75-79,25948,33025,58973
2019,80-84,16471,23085,39556
2019,85-89,9771,12605,22376
2019,90-94,4718,5047,9765
2019,95-99,958,1132,2090
2019,100+,114,164,278
2020,0-4,65400,60520,125920
2020,5-9,74296,69312,143608
2020,10-14,66888,61510,128398
2020,15-19,78120,72489,150609
2020,20-24,99649,92364,192013
2020,25-29,103884,97701,201585
2020,30-34,101728,99075,200803
2020,35-39,116910,121391,238301
2020,40-44,118483,125396,243879
2020,45-49,98681,109430,208111
2020,50-54,101314,111929,213243
2020,55-59,99258,109678,208936
2020,60-64,86997,96488,183485
2020,65-69,72594,81599,154193
2020,70-74,42020,48086,90106
2020,75-79,25451,32385,57836
2020,80-84,17363,24309,41672
2020,85-89,9555,13419,22974
2020,90-94,4997,5528,10525
2020,95-99,1107,1274,2381
2020,100+,0,0,0
2021,0-4,62547,57885,120432
2021,5-9,76342,71091,147433
2021,10-14,66149,61157,127306
2021,15-19,74377,68769,143146
2021,20-24,96009,88910,184919
2021,25-29,104615,98307,202922
2021,30-34,102591,98704,201295
2021,35-39,111152,114906,226058
2021,40-44,120254,126488,246742
2021,45-49,101221,111650,212871
2021,50-54,100557,112009,212566
2021,55-59,99488,110509,209997
2021,60-64,88438,98360,186798
2021,65-69,74631,84293,158924
2021,70-74,48505,55690,104195
2021,75-79,25192,32190,57382
2021,80-84,18103,25467,43570
2021,85-89,9552,14224,23776
2021,90-94,5066,5925,10991
2021,95-99,1269,1378,2647
2021,100+,0,0,0
2022,0-4,61011,56838,117849
2022,5-9,74852,69278,144130
2022,10-14,68242,63043,131285
2022,15-19,71853,66388,138241
2022,20-24,90597,84414,175011
2022,25-29,105424,98652,204076
2022,30-34,103615,98820,202435
2022,35-39,106434,108600,215034
2022,40-44,121381,127732,249113
2022,45-49,104195,113803,217998
2022,50-54,99765,111740,211505
2022,55-59,98300,110316,208616
2022,60-64,91158,101605,192763
2022,65-69,76078,86360,162438
2022,70-74,53541,61941,115482
2022,75-79,26173,33138,59311
2022,80-84,18667,26335,45002
2022,85-89,9767,15081,24848
2022,90-94,5094,6372,11466
2022,95-99,1396,1550,2946
2022,100+,0,0,0
2023,0-4,61352,57033,118385
2023,5-9,72962,67594,140556
2023,10-14,68926,63818,132744
2023,15-19,70223,65042,135265
2023,20-24,87786,81314,169100
2023,25-29,102663,95854,198517
2023,30-34,103428,98538,201966
2023,35-39,103932,104312,208244
2023,40-44,120802,126966,247768
2023,45-49,107667,116887,224554
2023,50-54,98086,110535,208621
2023,55-59,98376,110320,208696
2023,60-64,93031,104804,197835
2023,65-69,77770,88633,166403
2023,70-74,57879,67564,125443
2023,75-79,27968,35040,63008
2023,80-84,19194,27080,46274
2023,85-89,10006,15813,25819
2023,90-94,5020,6811,11831
2023,95-99,1535,1712,3247
2023,100+,0,0,0
2024,0-4,63297,58865,122162
2024,5-9,68880,63658,132538
2024,10-14,70575,65640,136215
2024,15-19,68882,63591,132473
2024,20-24,83507,77707,161214
2024,25-29,100550,93712,194262
2024,30-34,103917,98378,202295
2024,35-39,101441,100538,201979
2024,40-44,118385,124327,242712
2024,45-49,112286,120916,233202
2024,50-54,97046,109481,206527
2024,55-59,97941,110159,208100
2024,60-64,93898,106129,200027
2024,65-69,79722,91494,171216
2024,70-74,61305,72321,133626
2024,75-79,31132,38506,69638
2024,80-84,19446,27576,47022
2024,85-89,10529,16800,27329
2024,90-94,4863,7186,12049
2024,95-99,1639,1882,3521
2024,100+,0,0,0
2025,0-4,63906,59441,123347
2025,5-9,65353,60487,125840
2025,10-14,74260,69287,143547
2025,15-19,66796,61471,128267
2025,20-24,77932,72415,150347
2025,25-29,99353,92241,191594
2025,30-34,103440,97509,200949
2025,35-39,101002,98780,199782
2025,40-44,115478,120864,236342
2025,45-49,116221,124579,240800
2025,50-54,96008,108349,204357
2025,55-59,97634,110352,207986
2025,60-64,94441,107468,201909
2025,65-69,81103,93457,174560
2025,70-74,65084,77205,142289
2025,75-79,35326,43664,78990
2025,80-84,19117,27098,46215
2025,85-89,11155,17795,28950
2025,90-94,4793,7734,12527
2025,95-99,1744,2093,3837
2025,100+,0,0,0
2026,0-4,64139,59680,123819
2026,5-9,62505,57854,120359
2026,10-14,76304,71066,147370
2026,15-19,66063,61120,127183
2026,20-24,74206,68702,142908
2026,25-29,95733,88792,184525
2026,30-34,104181,98117,202298
2026,35-39,101870,98416,200286
2026,40-44,109800,114410,224210
2026,45-49,117974,125675,243649
2026,50-54,98514,110569,209083
2026,55-59,96946,110457,207403
2026,60-64,94727,108325,203052
2026,65-69,82547,95342,177889
2026,70-74,67022,79856,146878
2026,75-79,40850,50667,91517
2026,80-84,18979,27010,45989
2026,85-89,11675,18715,30390
2026,90-94,4829,8254,13083
2026,95-99,1775,2262,4037
2026,100+,0,0,0
2027,0-4,63876,59444,123320
2027,5-9,60973,56807,117780
2027,10-14,74815,69253,144068
2027,15-19,68157,63006,131163
2027,20-24,71693,66324,138017
2027,25-29,90346,84305,174651
2027,30-34,104999,98463,203462
2027,35-39,102898,98535,201433
2027,40-44,105154,108139,213293
2027,45-49,119089,126919,246008
2027,50-54,101431,112715,214146
2027,55-59,96210,110215,206425
2027,60-64,93660,108173,201833
2027,65-69,85172,98547,183719
2027,70-74,68404,81887,150291
2027,75-79,45143,56422,101565
2027,80-84,19829,27928,47757
2027,85-89,12082,19424,31506
2027,90-94,4981,8829,13810
2027,95-99,1788,2467,4255
2027,100+,0,0,0
2028,0-4,63526,59139,122665
2028,5-9,61317,57003,118320
2028,10-14,72928,67569,140497
2028,15-19,68846,63781,132627
2028,20-24,70072,64980,135052
2028,25-29,87550,81211,168761
2028,30-34,102259,95673,197932
2028,35-39,102727,98255,200982
2028,40-44,102702,103875,206577
2028,45-49,118530,126163,244693
2028,50-54,104829,115782,220611
2028,55-59,94621,109045,203666
2028,60-64,93797,108217,202014
2028,65-69,86998,101703,188701
2028,70-74,70007,84110,154117
2028,75-79,48836,61589,110425
2028,80-84,21307,29660,50967
2028,85-89,12452,20015,32467
2028,90-94,5132,9309,14441
2028,95-99,1766,2662,4428
2028,100+,0,0,0
2029,0-4,63096,58760,121856
2029,5-9,63265,58836,122101
2029,10-14,68848,63633,132481
2029,15-19,70495,65603,136098
2029,20-24,68739,63531,132270
2029,25-29,83289,77612,160901
2029,30-34,100164,93536,193700
2029,35-39,103225,98100,201325
2029,40-44,100261,100123,200384
2029,45-49,116172,123550,239722
2029,50-54,109340,119782,229122
2029,55-59,93646,108022,201668
2029,60-64,93436,108092,201528
2029,65-69,87884,103041,190925
2029,70-74,71862,86908,158770
2029,75-79,51791,65995,117786
2029,80-84,23848,32753,56601
2029,85-89,12652,20447,33099
2029,90-94,5429,9947,15376
2029,95-99,1716,2833,4549
2029,100+,0,0,0
2030,0-4,62515,58250,120765
2030,5-9,63874,59412,123286
2030,10-14,65322,60462,125784
2030,15-19,74174,69248,143422
2030,20-24,66657,61413,128070
2030,25-29,77731,72326,150057
2030,30-34,98970,92067,191037
2030,35-39,102752,97234,199986
2030,40-44,99835,98375,198210
2030,45-49,113314,120106,233420
2030,50-54,113160,123408,236568
2030,55-59,92648,106905,199553
2030,60-64,93144,108282,201426
2030,65-69,88388,104338,192726
2030,70-74,73126,88786,161912
2030,75-79,54961,70422,125383
2030,80-84,27054,37141,64195
2030,85-89,12413,20052,32465
2030,90-94,5757,10542,16299
2030,95-99,1697,3056,4753
2030,100+,0,0,0
2031,0-4,61750,57557,119307
2031,5-9,64107,59651,123758
2031,10-14,62475,57829,120304
2031,15-19,76214,71025,147239
2031,20-24,65925,61063,126988
2031,25-29,74014,68617,142631
2031,30-34,95366,88626,183992
2031,35-39,103487,97839,201326
2031,40-44,100693,98011,198704
2031,45-49,107738,113689,221427
2031,50-54,114870,124495,239365
2031,55-59,95081,109103,204184
2031,60-64,92483,108383,200866
2031,65-69,88646,105162,193808
2031,70-74,74437,90582,165019
2031,75-79,56603,72850,129453
2031,80-84,31267,43101,74368
2031,85-89,12318,19984,32302
2031,90-94,6018,11071,17089
2031,95-99,1716,3251,4967
2031,100+,0,0,0
2032,0-4,60838,56739,117577
2032,5-9,63844,59415,123259
2032,10-14,60945,56782,117727
2032,15-19,74727,69213,143940
2032,20-24,68017,62949,130966
2032,25-29,71508,66242,137750
2032,30-34,89999,84147,174146
2032,35-39,104301,98184,202485
2032,40-44,101706,98128,199834
2032,45-49,103181,107457,210638
2032,50-54,115951,125725,241676
2032,55-59,97902,111223,209125
2032,60-64,91772,108141,199913
2032,65-69,87643,105007,192650
2032,70-74,76796,93618,170414
2032,75-79,57738,74676,132414
2032,80-84,34508,47952,82460
2032,85-89,12923,20724,33647
2032,90-94,6223,11480,17703
2032,95-99,1783,3482,5265
2032,100+,0,0,0
2033,0-4,59907,55892,115799
2033,5-9,63494,59110,122604
2033,10-14,61289,56978,118267
2033,15-19,72841,67529,140370
2033,20-24,68703,63725,132428
2033,25-29,69891,64899,134790
2033,30-34,87214,81059,168273
2033,35-39,101575,95401,196976
2033,40-44,101538,97850,199388
2033,45-49,100783,103222,204005
2033,50-54,115399,124976,240375
2033,55-59,101182,114251,215433
2033,60-64,90259,106992,197251
2033,65-69,87778,105055,192833
2033,70-74,78423,96607,175030
2033,75-79,59065,76678,135743
2033,80-84,37264,52265,89529
2033,85-89,13948,22082,36030
2033,90-94,6398,11796,18194
2033,95-99,1841,3665,5506
2033,100+,0,0,0
2034,0-4,58923,54994,113917
2034,5-9,63064,58731,121795
2034,10-14,63237,58811,122048
2034,15-19,68764,63594,132358
2034,20-24,70350,65544,135894
2034,25-29,68562,63452,132014
2034,30-34,82968,77466,160434
2034,35-39,99492,93269,192761
2034,40-44,102029,97695,199724
2034,45-49,98396,99495,197891
2034,50-54,113099,122383,235482
2034,55-59,105535,118197,223732
2034,60-64,89332,105989,195321
2034,65-69,87443,104933,192376
2034,70-74,79212,97879,177091
2034,75-79,60635,79241,139876
2034,80-84,39485,55963,95448
2034,85-89,15683,24498,40181
2034,90-94,6492,12043,18535
2034,95-99,1948,3915,5863
2034,100+,0,0,0
2035,0-4,57875,54026,111901
2035,5-9,62483,58221,120704
2035,10-14,63847,59387,123234
2035,15-19,65248,60427,125675
2035,20-24,74029,69187,143216
2035,25-29,66494,61340,127834
2035,30-34,77446,72193,149639
2035,35-39,98328,91813,190141
2035,40-44,101584,96842,198426
2035,45-49,98006,97774,195780
2035,50-54,110354,118997,229351
2035,55-59,109292,121819,231111
2035,60-64,88496,104965,193461
2035,65-69,87336,105241,192577
2035,70-74,79862,99292,179154
2035,75-79,61956,81210,143166
2035,80-84,42100,59954,102054
2035,85-89,17910,27990,45900
2035,90-94,6407,11934,18341
2035,95-99,2095,4252,6347
2035,100+,0,0,0
2036,0-4,56828,53069,109897
2036,5-9,61718,57528,119246
2036,10-14,64081,59626,123707
2036,15-19,62411,57797,120208
2036,20-24,76073,70965,147038
2036,25-29,65773,60995,126768
2036,30-34,73756,68494,142250
2036,35-39,94767,88386,183153
2036,40-44,102334,97455,199789
2036,45-49,98862,97424,196286
2036,50-54,104957,112660,217617
2036,55-59,111019,122936,233955
2036,60-64,90941,107195,198136
2036,65-69,86862,105447,192309
2036,70-74,80276,100234,180510
2036,75-79,63291,83089,146380
2036,80-84,43574,62299,105873
2036,85-89,20821,32709,53530
2036,90-94,6410,12042,18452
2036,95-99,2213,4547,6760
2036,100+,0,0,0
2037,0-4,55833,52150,107983
2037,5-9,60807,56710,117517
2037,10-14,63818,59390,123208
2037,15-19,60888,56754,117642
2037,20-24,74596,69156,143752
2037,25-29,67868,62880,130748
2037,30-34,71273,66128,137401
2037,35-39,89453,83923,173376
2037,40-44,103164,97807,200971
2037,45-49,99873,97551,197424
2037,50-54,100548,106504,207052
2037,55-59,112122,124188,236310
2037,60-64,93743,109339,203082
2037,65-69,86314,105303,191617
2037,70-74,79544,100234,179778
2037,75-79,65494,86077,151571
2037,80-84,44617,64070,108687
2037,85-89,23078,36560,59638
2037,90-94,6821,12693,19514
2037,95-99,2310,4795,7105
2037,100+,0,0,0
2038,0-4,54885,51274,106159
2038,5-9,59877,55864,115741
2038,10-14,63468,59085,122553
2038,15-19,61237,56953,118190
2038,20-24,72716,67475,140191
2038,25-29,68564,63656,132220
2038,30-34,69672,64790,134462
2038,35-39,86696,80847,167543
2038,40-44,100479,95039,195518
2038,45-49,99729,97284,197013
2038,50-54,98243,102324,200567
2038,55-59,111635,123480,235115
2038,60-64,96978,112371,209349
2038,65-69,85018,104267,189285
2038,70-74,79848,100431,180279
2038,75-79,67054,89013,156067
2038,80-84,45811,65986,111797
2038,85-89,25005,39970,64975
2038,90-94,7462,13736,21198
2038,95-99,2390,4987,7377
2038,100+,0,0,0
2039,0-4,53974,50434,104408
2039,5-9,58896,54968,113864
2039,10-14,63038,58706,121744
2039,15-19,63184,58784,121968
2039,20-24,68652,63546,132198
2039,25-29,70213,65476,135689
2039,30-34,68356,63348,131704
2039,35-39,82488,77267,159755
2039,40-44,98436,92923,191359
2039,45-49,100231,97138,197369
2039,50-54,95942,98645,194587
2039,55-59,109456,120945,230401
2039,60-64,101236,116304,217540
2039,65-69,84263,103362,187625
2039,70-74,79702,100444,180146
2039,75-79,67906,90373,158279
2039,80-84,47220,68433,115653
2039,85-89,26612,42964,69576
2039,90-94,8503,15480,23983
2039,95-99,2443,5166,7609
2039,100+,0,0,0
2040,0-4,53176,49699,102875
2040,5-9,57849,54000,111849
2040,10-14,62457,58196,120653
2040,15-19,63792,59359,123151
2040,20-24,65143,60381,125524
2040,25-29,73884,69114,142998
2040,30-34,66292,61240,127532
2040,35-39,77001,72009,149010
2040,40-44,97285,91471,188756
2040,45-49,99795,96292,196087
2040,50-54,95567,96943,192510
2040,55-59,106794,117597,224391
2040,60-64,104826,119861,224687
2040,65-69,83484,102367,185851
2040,70-74,79607,100743,180350
2040,75-79,68453,91666,160119
2040,80-84,48277,70157,118434
2040,85-89,28349,45978,74327
2040,90-94,9702,17676,27378
2040,95-99,2399,5084,7483
2040,100+,0,0,0
2041,0-4,52472,49040,101512
2041,5-9,56802,53043,109845
2041,10-14,61692,57503,119195
2041,15-19,64024,59598,123622
2041,20-24,62313,57753,120066
2041,25-29,75922,70890,146812
2041,30-34,65573,60894,126467
2041,35-39,73336,68321,141657
2041,40-44,93762,88057,181819
2041,45-49,100535,96900,197435
2041,50-54,96397,96594,192991
2041,55-59,101567,111331,212898
2041,60-64,106484,120961,227445
2041,65-69,85818,104560,190378
2041,70-74,79168,100937,180105
2041,75-79,68787,92512,161299
2041,80-84,49326,71794,121120
2041,85-89,29347,47789,77136
2041,90-94,11264,20661,31925
2041,95-99,2399,5129,7528
2041,100+,0,0,0
2042,0-4,51814,48425,100239
2042,5-9,55807,52124,107931
2042,10-14,60781,56685,117466
2042,15-19,63761,59362,123123
2042,20-24,60792,56709,117501
2042,25-29,74450,69084,143534
2042,30-34,67664,62779,130443
2042,35-39,70868,65962,136830
2042,40-44,88509,83613,172122
2042,45-49,101353,97250,198603
2042,50-54,97379,96719,194098
2042,55-59,97298,105248,202546
2042,60-64,107536,122187,229723
2042,65-69,88472,106657,195129
2042,70-74,78642,100785,179427
2042,75-79,68149,92499,160648
2042,80-84,51031,74356,125387
2042,85-89,30010,49093,79103
2042,90-94,12446,23029,35475
2042,95-99,2582,5459,8041
2042,100+,0,0,0
2043,0-4,51202,47853,99055
2043,5-9,54859,51248,106107
2043,10-14,59851,55839,115690
2043,15-19,63411,59057,122468
2043,20-24,61140,56906,118046
2043,25-29,72573,67405,139978
2043,30-34,68359,63554,131913
2043,35-39,69277,64630,133907
2043,40-44,85774,80545,166319
2043,45-49,98707,94498,193205
2043,50-54,97242,96456,193698
2043,55-59,95072,101120,196192
2043,60-64,107061,121487,228548
2043,65-69,91526,109617,201143
2043,70-74,77466,99791,177257
2043,75-79,68424,92695,161119
2043,80-84,52220,76869,129089
2043,85-89,30783,50515,81298
2043,90-94,13434,25068,38502
2043,95-99,2854,5963,8817
2043,100+,0,0,0
2044,0-4,50636,47323,97959
2044,5-9,53948,50408,104356
2044,10-14,58870,54943,113813
2044,15-19,62981,58678,121659
2044,20-24,63083,58737,121820
2044,25-29,68517,63479,131996
2044,30-34,70004,65372,135376
2044,35-39,67968,63189,131157
2044,40-44,81607,76978,158585
2044,45-49,96697,92390,189087
2044,50-54,97733,96310,194043
2044,55-59,92853,97485,190338
2044,60-64,104968,118990,223958
2044,65-69,95543,113449,208992
2044,70-74,76785,98919,175704
2044,75-79,68301,92710,161011
2044,80-84,52870,78040,130910
2044,85-89,31738,52415,84153
2044,90-94,14273,26891,41164
2044,95-99,3282,6796,10078
2044,100+,0,0,0
2045,0-4,50200,46916,97116
2045,5-9,53150,49673,102823
2045,10-14,57824,53975,111799
2045,15-19,62404,58170,120574
2045,20-24,63692,59312,123004
2045,25-29,65020,60318,125338
2045,30-34,73672,69007,142679
2045,35-39,65922,61088,127010
2045,40-44,76194,71743,147937
2045,45-49,95579,90955,186534
2045,50-54,97335,95486,192821
2045,55-59,92544,95830,188374
2045,60-64,102491,115738,218229
2045,65-69,99025,116986,216011
2045,70-74,76220,98092,174312
2045,75-79,68393,93170,161563
2045,80-84,53474,79377,132851
2045,85-89,32654,54066,86720
2045,90-94,15291,29007,44298
2045,95-99,3775,7879,11654
2045,100+,0,0,0
2046,0-4,49831,46571,96402
2046,5-9,52446,49015,101461
2046,10-14,56777,53018,109795
2046,15-19,61643,57478,119121
2046,20-24,63926,59552,123478
2046,25-29,62199,57695,119894
2046,30-34,75709,70780,146489
2046,35-39,65216,60747,125963
2046,40-44,72580,68074,140654
2046,45-49,92131,87566,179697
2046,50-54,98079,96104,194183
2046,55-59,93388,95506,188894
2046,60-64,97543,109609,207152
2046,65-69,100705,118135,218840
2046,70-74,78525,100334,178859
2046,75-79,68162,93506,161668
2046,80-84,53890,80293,134183
2046,85-89,33539,55612,89151
2046,90-94,15928,30427,46355
2046,95-99,4415,9351,13766
2046,100+,0,0,0
2047,0-4,49447,46211,95658
2047,5-9,51788,48402,100190
2047,10-14,55782,52099,107881
2047,15-19,60735,56660,117395
2047,20-24,63667,59318,122985
2047,25-29,60684,56655,117339
2047,30-34,74248,68979,143227
2047,35-39,67308,62630,129938
2047,40-44,70152,65728,135880
2047,45-49,86983,83152,170135
2047,50-54,98898,96462,195360
2047,55-59,94376,95649,190025
2047,60-64,93509,103654,197163
2047,65-69,101792,119392,221184
2047,70-74,81087,102456,183543
2047,75-79,67816,93491,161307
2047,80-84,53542,80461,134003
2047,85-89,34849,57819,92668
2047,90-94,16349,31445,47794
2047,95-99,4896,10504,15400
2047,100+,0,0,0
2048,0-4,49080,45868,94948
2048,5-9,51176,47830,99006
2048,10-14,54834,51226,106060
2048,15-19,59807,55814,115621
2048,20-24,63321,59015,122336
2048,25-29,61036,56853,117889
2048,30-34,72379,67302,139681
2048,35-39,68009,63406,131415
2048,40-44,68587,64402,132989
2048,45-49,84299,80105,164404
2048,50-54,96324,93738,190062
2048,55-59,94275,95408,189683
2048,60-64,91436,99621,191057
2048,65-69,101421,118760,220181
2048,70-74,84007,105393,189400
2048,75-79,66939,92699,159638
2048,80-84,53928,80839,134767
2048,85-89,35781,59968,95749
2048,90-94,16846,32539,49385
2048,95-99,5291,11485,16776
2048,100+,0,0,0
2049,0-4,48725,45537,94262
2049,5-9,50611,47301,97912
2049,10-14,53923,50390,104313
2049,15-19,58828,54918,113746
2049,20-24,62896,58639,121535
2049,25-29,62981,58682,121663
2049,30-34,68338,63381,131719
2049,35-39,69655,65222,134877
2049,40-44,67300,62972,130272
2049,45-49,80213,76561,156774
2049,50-54,94374,91654,186028
2049,55-59,94778,95278,190056
2049,60-64,89359,96071,185430
2049,65-69,99520,116366,215886
2049,70-74,87803,109155,196958
2049,75-79,66479,92002,158481
2049,80-84,53978,81023,135001
2049,85-89,36352,61083,97435
2049,90-94,17475,34005,51480
2049,95-99,5642,12411,18053
2049,100+,0,0,0
2050,0-4,48339,45176,93515
2050,5-9,50175,46894,97069
2050,10-14,53125,49660,102785
2050,15-19,57783,53950,111733
2050,20-24,62320,58132,120452
2050,25-29,63589,59256,122845
2050,30-34,64851,60227,125078
2050,35-39,73301,68846,142147
2050,40-44,65271,60877,126148
2050,45-49,74896,71360,146256
2050,50-54,93287,90232,183519
2050,55-59,94390,94464,188854
2050,60-64,89071,94447,183518
2050,65-69,97157,113176,210333
2050,70-74,90960,112535,203495
2050,75-79,66008,91242,157250
2050,80-84,54056,81439,135495
2050,85-89,36752,62104,98856
2050,90-94,18003,35105,53108
2050,95-99,6033,13351,19384
2050,100+,0,0,0
2051,0-4,47907,44773,92680
2051,5-9,49806,46549,96355
2051,10-14,52421,49006,101427
2051,15-19,56737,52993,109730
2051,20-24,61560,57441,119001
2051,25-29,63823,59496,123319
2051,30-34,62040,57607,119647
2051,35-39,75326,70614,145940
2051,40-44,64574,60536,125110
2051,45-49,71347,67712,139059
2051,50-54,89919,86869,176788
2051,55-59,95111,95076,190187
2051,60-64,89881,94128,184009
2051,65-69,92457,107172,199629
2051,70-74,92507,113646,206153
2051,75-79,68077,93382,161459
2051,80-84,53859,81720,135579
2051,85-89,37014,62775,99789
2051,90-94,18493,36116,54609
2051,95-99,6284,14009,20293
2051,100+,0,0,0
2052,0-4,47455,44352,91807
2052,5-9,49422,46189,95611
2052,10-14,51763,48396,100159
2052,15-19,55743,52074,107817
2052,20-24,60653,56624,117277
2052,25-29,63564,59262,122826
2052,30-34,60531,56568,117099
2052,35-39,73873,68817,142690
2052,40-44,66653,62414,129067
2052,45-49,68964,65380,134344
2052,50-54,84894,82490,167384
2052,55-59,95907,95429,191336
2052,60-64,90828,94268,185096
2052,65-69,88635,101349,189984
2052,70-74,93482,114842,208324
2052,75-79,70319,95374,165693
2052,80-84,53542,81674,135216
2052,85-89,36760,62878,99638
2052,90-94,19206,37518,56724
2052,95-99,6429,14423,20852
2052,100+,0,0,0
2053,0-4,47010,43936,90946
2053,5-9,49056,45846,94902
2053,10-14,51151,47824,98975
2053,15-19,54796,51203,105999
2053,20-24,59725,55779,115504
2053,25-29,63218,58959,122177
2053,30-34,60884,56768,117652
2053,35-39,72010,67142,139152
2053,40-44,67350,63187,130537
2053,45-49,67429,64062,131491
2053,50-54,82268,79465,161733
2053,55-59,93403,92730,186133
2053,60-64,90732,94033,184765
2053,65-69,86683,97415,184098
2053,70-74,93108,114215,207323
2053,75-79,72856,98118,170974
2053,80-84,52856,80976,133832
2053,85-89,37045,63202,100247
2053,90-94,19696,38883,58579
2053,95-99,6611,14885,21496
2053,100+,0,0,0
2054,0-4,46617,43568,90185
2054,5-9,48701,45515,94216
2054,10-14,50588,47295,97883
2054,15-19,53885,50368,104253
2054,20-24,58747,54883,113630
2054,25-29,62793,58583,121376
2054,30-34,62824,58593,121417
2054,35-39,67985,63230,131215
2054,40-44,68981,64999,133980
2054,45-49,66163,62637,128800
2054,50-54,78278,75949,154227
2054,55-59,91507,90667,182174
2054,60-64,91214,93901,185115
2054,65-69,84730,93954,178684
2054,70-74,91351,111896,203247
2054,75-79,76145,101609,177754
2054,80-84,52504,80353,132857
2054,85-89,37080,63350,100430
2054,90-94,19997,39600,59597
2054,95-99,6865,15586,22451
2054,100+,0,0,0
2055,0-4,46199,43177,89376
2055,5-9,48319,45157,93476
2055,10-14,50155,46890,97045
2055,15-19,53090,49638,102728
2055,20-24,57706,53917,111623
2055,25-29,62222,58078,120300
2055,30-34,63437,59167,122604
2055,35-39,64524,60085,124609
2055,40-44,72597,68614,141211
2055,45-49,64171,60554,124725
2055,50-54,73111,70798,143909
2055,55-59,90495,89282,179777
2055,60-64,90906,93133,184039
2055,65-69,84566,92436,177002
2055,70-74,89293,108929,198222
2055,75-79,78994,104889,183883
2055,80-84,52326,79928,132254
2055,85-89,37289,63958,101247
2055,90-94,20307,40526,60833
2055,95-99,7141,16311,23452
2055,100+,0,0,0
2056,0-4,45771,42776,88547
2056,5-9,47892,44758,92650
2056,10-14,49789,46546,96335
2056,15-19,52388,48985,101373
2056,20-24,56664,52962,109626
2056,25-29,61467,57389,118856
2056,30-34,63675,59408,123083
2056,35-39,61737,57475,119212
2056,40-44,74608,70378,144986
2056,45-49,63497,60220,123717
2056,50-54,69666,67189,136855
2056,55-59,87262,85970,173232
2056,60-64,91663,93767,185430
2056,65-69,85412,92170,177582
2056,70-74,85076,103232,188308
2056,75-79,80510,106095,186605
2056,80-84,54214,82094,136308
2056,85-89,37284,64409,101693
2056,90-94,20529,41177,61706
2056,95-99,7388,16970,24358
2056,100+,0,0,0
2057,0-4,45364,42394,87758
2057,5-9,47444,44341,91785
2057,10-14,49409,46186,95595
2057,15-19,51731,48377,100108
2057,20-24,55674,52046,107720
2057,25-29,60565,56573,117138
2057,30-34,63421,59176,122597
2057,35-39,60247,56443,116690
2057,40-44,73180,68589,141769
2057,45-49,65563,62098,127661
2057,50-54,67355,64884,132239
2057,55-59,82416,81653,164069
2057,60-64,92490,94142,186632
2057,65-69,86383,92349,178732
2057,70-74,81669,97703,179372
2057,75-79,81480,107340,188820
2057,80-84,56177,84061,140238
2057,85-89,37162,64551,101713
2057,90-94,20465,41454,61919
2057,95-99,7718,17780,25498
2057,100+,0,0,0
2058,0-4,44948,42005,86953
2058,5-9,47002,43928,90930
2058,10-14,49047,45844,94891
2058,15-19,51120,47807,98927
2058,20-24,54729,51177,105906
2058,25-29,59643,55729,115372
2058,30-34,63080,58876,121956
2058,35-39,60606,56644,117250
2058,40-44,71336,66921,138257
2058,45-49,66259,62871,129130
2058,50-54,65868,63582,129450
2058,55-59,79884,78671,158555
2058,60-64,90116,91500,181616
2058,65-69,86365,92160,178525
2058,70-74,79997,93996,173993
2058,75-79,81250,106859,188109
2058,80-84,58361,86666,145027
2058,85-89,36825,64193,101018
2058,90-94,20733,41920,62653
2058,95-99,7944,18568,26512
2058,100+,0,0,0
2059,0-4,44534,41619,86153
2059,5-9,46611,43562,90173
2059,10-14,48695,45515,94210
2059,15-19,50558,47280,97838
2059,20-24,53821,50342,104163
2059,25-29,58669,54836,113505
2059,30-34,62660,58504,121164
2059,35-39,62540,58467,121007
2059,40-44,67348,63022,130370
2059,45-49,67874,64678,132552
2059,50-54,64640,62173,126813
2059,55-59,76030,75200,151230
2059,60-64,88328,89485,177813
2059,65-69,86889,92063,178952
2059,70-74,78313,90735,169048
2059,75-79,79831,104786,184617
2059,80-84,61137,89894,151031
2059,85-89,36717,63871,100588
2059,90-94,20843,42218,63061
2059,95-99,8100,19052,27152
2059,100+,0,0,0
2060,0-4,44123,41235,85358
2060,5-9,46193,43171,89364
2060,10-14,48313,45157,93470
2060,15-19,50125,46875,97000
2060,20-24,53027,49612,102639
2060,25-29,57628,53871,111499
2060,30-34,62089,58000,120089
2060,35-39,63149,59040,122189
2060,40-44,63921,59888,123809
2060,45-49,71425,68273,139698
2060,50-54,62691,60102,122793
2060,55-59,71015,70102,141117
2060,60-64,87352,88120,175472
2060,65-69,86601,91314,177915
2060,70-74,78193,89297,167490
2060,75-79,77994,101979,179973
2060,80-84,63353,92735,156088
2060,85-89,36617,63554,100171
2060,90-94,20962,42639,63601
2060,95-99,8216,19467,27683
2060,100+,0,0,0
2061,0-4,43716,40856,84572
2061,5-9,45765,42770,88535
2061,10-14,47886,44758,92644
2061,15-19,49759,46531,96290
2061,20-24,52326,48959,101285
2061,25-29,56586,52917,109503
2061,30-34,61334,57312,118646
2061,35-39,63385,59281,122666
2061,40-44,61166,57289,118455
2061,45-49,73397,70025,143422
2061,50-54,62035,59771,121806
2061,55-59,67672,66528,134200
2061,60-64,84229,84851,169080
2061,65-69,87324,91936,179260
2061,70-74,78963,89035,167998
2061,75-79,74283,96616,170899
2061,80-84,64575,93815,158390
2061,85-89,38032,65395,103427
2061,90-94,20946,42924,63870
2061,95-99,8293,19731,28024
2061,100+,0,0,0
2062,0-4,43308,40476,83784
2062,5-9,45358,42389,87747
2062,10-14,47438,44341,91779
2062,15-19,49379,46171,95550
2062,20-24,51670,48352,100022
2062,25-29,55596,52001,107597
2062,30-34,60433,56497,116930
2062,35-39,63131,59050,122181
2062,40-44,59698,56262,115960
2062,45-49,71994,68244,140238
2062,50-54,64061,61638,125699
2062,55-59,65429,64246,129675
2062,60-64,79554,80591,160145
2062,65-69,88116,92303,180419
2062,70-74,79848,89200,169048
2062,75-79,71315,91437,162752
2062,80-84,65309,94883,160192
2062,85-89,39435,66993,106428
2062,90-94,20839,42964,63803
2062,95-99,8257,19834,28091
2062,100+,0,0,0
2063,0-4,42869,40065,82934
2063,5-9,44942,42001,86943
2063,10-14,46996,43928,90924
2063,15-19,49017,45829,94846
2063,20-24,51060,47782,98842
2063,25-29,54652,51133,105785
2063,30-34,59511,55653,115164
2063,35-39,62791,58751,121542
2063,40-44,60056,56465,116521
2063,45-49,70171,66583,136754
2063,50-54,64743,62408,127151
2063,55-59,63986,62957,126943
2063,60-64,77103,77643,154746
2063,65-69,85832,89704,175536
2063,70-74,79836,89021,168857
2063,75-79,69897,87995,157892
2063,80-84,65071,94410,159481
2063,85-89,40973,69083,110056
2063,90-94,20657,42716,63373
2063,95-99,8379,20086,28465
2063,100+,0,0,0
2064,0-4,42374,39602,81976
2064,5-9,44528,41616,86144
2064,10-14,46605,43562,90167
2064,15-19,48665,45500,94165
2064,20-24,50499,47255,97754
2064,25-29,53745,50300,104045
2064,30-34,58537,54760,113297
2064,35-39,62372,58379,120751
2064,40-44,61968,58281,120249
2064,45-49,66237,62702,128939
2064,50-54,66321,64201,130522
2064,55-59,62792,61563,124355
2064,60-64,73380,74212,147592
2064,65-69,84119,87723,171842
2064,70-74,80315,88919,169234
2064,75-79,68468,84967,153435
2064,80-84,63914,92535,156449
2064,85-89,42917,71630,114547
2064,90-94,20608,42485,63093
2064,95-99,8423,20229,28652
2064,100+,0,0,0
2065,0-4,41859,39122,80981
2065,5-9,44117,41232,85349
2065,10-14,46188,43171,89359
2065,15-19,48284,45142,93426
2065,20-24,50070,46850,96920
2065,25-29,52954,49572,102526
2065,30-34,57502,53798,111300
2065,35-39,61807,57877,119684
2065,40-44,62574,58854,121428
2065,45-49,62876,59589,122465
2065,50-54,69799,67776,137575
2065,55-59,60914,59518,120432
2065,60-64,68575,69197,137772
2065,65-69,83247,86421,169668
2065,70-74,80137,88264,168401
2065,75-79,68510,83762,152272
2065,80-84,62536,90180,152716
2065,85-89,44524,74042,118566
2065,90-94,20649,42533,63182
2065,95-99,8522,20637,29159
2065,100+,0,0,0
