year,age_range,male,female,total
2019,0-4,5043,4754,9797
2019,5-9,4850,4378,9228
2019,10-14,4162,3963,8125
2019,15-19,5503,5044,10547
2019,20-24,7053,6441,13494
2019,25-29,7765,7310,15075
2019,30-34,7807,7606,15413
2019,35-39,9292,8975,18267
2019,40-44,8146,8090,16236
2019,45-49,6689,6989,13678
2019,50-54,6768,7439,14207
2019,55-59,6678,7606,14284
2019,60-64,5850,6766,12616
2019,65-69,4618,5456,10074
2019,70-74,2330,2892,5222
2019,75-79,1381,1985,3366
2019,80-84,756,1204,1960
2019,85-89,578,583,1161
2019,90-94,334,239,573
2019,95-99,59,50,109
2019,100+,8,2,10
2020,0-4,4798,4500,9298
2020,5-9,5221,4786,10007
2020,10-14,4052,3776,7828
2020,15-19,5068,4668,9736
2020,20-24,6872,6279,13151
2020,25-29,7571,7115,14686
2020,30-34,7843,7578,15421
2020,35-39,9084,8802,17886
2020,40-44,8578,8458,17036
2020,45-49,6638,6947,13585
2020,50-54,6797,7336,14133
2020,55-59,6606,7633,14239
2020,60-64,5963,6973,12936
2020,65-69,4989,5734,10723
2020,70-74,2657,3323,5980
2020,75-79,1388,2030,3418
2020,80-84,806,1278,2084
2020,85-89,530,651,1181
2020,90-94,352,245,597
2020,95-99,69,66,135
2020,100+,0,0,0
2021,0-4,4600,4272,8872
2021,5-9,5423,5039,10462
2021,10-14,4152,3801,7953
2021,15-19,4677,4408,9085
2021,20-24,6597,6000,12597
2021,25-29,7550,7010,14560
2021,30-34,7842,7550,15392
2021,35-39,8530,8435,16965
2021,40-44,9013,8701,17714
2021,45-49,6815,7113,13928
2021,50-54,6726,7183,13909
2021,55-59,6628,7654,14282
2021,60-64,6055,7094,13149
2021,65-69,5150,5957,11107
2021,70-74,3112,3881,6993
2021,75-79,1434,2040,3474
2021,80-84,891,1411,2302
2021,85-89,456,700,1156
2021,90-94,367,263,630
2021,95-99,81,69,150
2021,100+,0,0,0
2022,0-4,4488,4207,8695
2022,5-9,5356,5027,10383
2022,10-14,4426,3985,8411
2022,15-19,4472,4204,8676
2022,20-24,6154,5633,11787
2022,25-29,7500,6906,14406
2022,30-34,7860,7499,15359
2022,35-39,8149,8041,16190
2022,40-44,9264,8957,18221
2022,45-49,7059,7371,14430
2022,50-54,6697,7067,13764
2022,55-59,6566,7588,14154
2022,60-64,6180,7208,13388
2022,65-69,5258,6173,11431
2022,70-74,3495,4362,7857
2022,75-79,1560,2117,3677
2022,80-84,949,1527,2476
2022,85-89,452,750,1202
2022,90-94,352,294,646
2022,95-99,86,73,159
2022,100+,0,0,0
2023,0-4,4501,4225,8726
2023,5-9,5273,4948,10221
2023,10-14,4624,4153,8777
2023,15-19,4264,4027,8291
2023,20-24,5880,5375,11255
2023,25-29,7233,6649,13882
2023,30-34,7792,7413,15205
2023,35-39,7914,7809,15723
2023,40-44,9324,9000,18324
2023,45-49,7506,7660,15166
2023,50-54,6624,6994,13618
2023,55-59,6529,7441,13970
2023,60-64,6236,7418,13654
2023,65-69,5375,6348,11723
2023,70-74,3846,4801,8647
2023,75-79,1719,2302,4021
2023,80-84,990,1581,2571
2023,85-89,453,829,1282
2023,90-94,328,306,634
2023,95-99,103,81,184
2023,100+,0,0,0
2024,0-4,4609,4286,8895
2024,5-9,5043,4754,9797
2024,10-14,4850,4378,9228
2024,15-19,4162,3963,8125
2024,20-24,5488,5044,10532
2024,25-29,7028,6440,13468
2024,30-34,7733,7292,15025
2024,35-39,7749,7581,15330
2024,40-44,9178,8935,18113
2024,45-49,7991,8037,16028
2024,50-54,6507,6918,13425
2024,55-59,6519,7333,13852
2024,60-64,6349,7448,13797
2024,65-69,5446,6548,11994
2024,70-74,4137,5155,9292
2024,75-79,1955,2624,4579
2024,80-84,1037,1657,2694
2024,85-89,486,877,1363
2024,90-94,284,332,616
2024,95-99,116,87,203
2024,100+,0,0,0
2025,0-4,4631,4307,8938
2025,5-9,4798,4500,9298
2025,10-14,5221,4786,10007
2025,15-19,4052,3776,7828
2025,20-24,5057,4668,9725
2025,25-29,6847,6279,13126
2025,30-34,7541,7097,14638
2025,35-39,7786,7553,15339
2025,40-44,8971,8764,17735
2025,45-49,8416,8403,16819
2025,50-54,6459,6878,13337
2025,55-59,6551,7233,13784
2025,60-64,6285,7477,13762
2025,65-69,5559,6756,12315
2025,70-74,4474,5422,9896
2025,75-79,2233,3021,5254
2025,80-84,1044,1698,2742
2025,85-89,521,937,1458
2025,90-94,262,376,638
2025,95-99,123,93,216
2025,100+,0,0,0
2026,0-4,4618,4295,8913
2026,5-9,4600,4272,8872
2026,10-14,5423,5039,10462
2026,15-19,4152,3801,7953
2026,20-24,4670,4408,9078
2026,25-29,6572,6000,12572
2026,30-34,7521,6994,14515
2026,35-39,7786,7525,15311
2026,40-44,8426,8400,16826
2026,45-49,8844,8645,17489
2026,50-54,6633,7043,13676
2026,55-59,6485,7084,13569
2026,60-64,6311,7502,13813
2026,65-69,5654,6877,12531
2026,70-74,4625,5643,10268
2026,75-79,2621,3534,6155
2026,80-84,1084,1712,2796
2026,85-89,577,1039,1616
2026,90-94,227,408,635
2026,95-99,130,100,230
2026,100+,0,0,0
2027,0-4,4565,4247,8812
2027,5-9,4488,4207,8695
2027,10-14,5356,5027,10383
2027,15-19,4426,3985,8411
2027,20-24,4469,4204,8673
2027,25-29,6129,5633,11762
2027,30-34,7472,6892,14364
2027,35-39,7804,7474,15278
2027,40-44,8051,8008,16059
2027,45-49,9089,8901,17990
2027,50-54,6872,7299,14171
2027,55-59,6458,6971,13429
2027,60-64,6256,7441,13697
2027,65-69,5776,6991,12767
2027,70-74,4728,5855,10583
2027,75-79,2949,3974,6923
2027,80-84,1187,1785,2972
2027,85-89,617,1130,1747
2027,90-94,229,442,671
2027,95-99,122,113,235
2027,100+,0,0,0
2028,0-4,4501,4189,8690
2028,5-9,4501,4225,8726
2028,10-14,5273,4948,10221
2028,15-19,4624,4153,8777
2028,20-24,4264,4027,8291
2028,25-29,5857,5375,11232
2028,30-34,7205,6636,13841
2028,35-39,7739,7388,15127
2028,40-44,7819,7779,15598
2028,45-49,9150,8943,18093
2028,50-54,7308,7586,14894
2028,55-59,6390,6900,13290
2028,60-64,6223,7298,13521
2028,65-69,5832,7200,13032
2028,70-74,4838,6026,10864
2028,75-79,3248,4376,7624
2028,80-84,1311,1948,3259
2028,85-89,646,1174,1820
2028,90-94,234,490,724
2028,95-99,114,119,233
2028,100+,0,0,0
2029,0-4,4430,4126,8556
2029,5-9,4609,4286,8895
2029,10-14,5043,4754,9797
2029,15-19,4850,4378,9228
2029,20-24,4162,3963,8125
2029,25-29,5470,5044,10514
2029,30-34,7000,6430,13430
2029,35-39,7682,7267,14949
2029,40-44,7658,7552,15210
2029,45-49,9008,8879,17887
2029,50-54,7781,7962,15743
2029,55-59,6277,6826,13103
2029,60-64,6218,7194,13412
2029,65-69,5941,7232,13173
2029,70-74,4908,6222,11130
2029,75-79,3497,4704,8201
2029,80-84,1500,2234,3734
2029,85-89,678,1230,1908
2029,90-94,251,521,772
2029,95-99,100,132,232
2029,100+,0,0,0
2030,0-4,4348,4053,8401
2030,5-9,4631,4307,8938
2030,10-14,4798,4500,9298
2030,15-19,5221,4786,10007
2030,20-24,4052,3776,7828
2030,25-29,5043,4668,9711
2030,30-34,6819,6271,13090
2030,35-39,7491,7072,14563
2030,40-44,7696,7525,15221
2030,45-49,8803,8708,17511
2030,50-54,8195,8324,16519
2030,55-59,6230,6787,13017
2030,60-64,6247,7095,13342
2030,65-69,5881,7260,13141
2030,70-74,5013,6418,11431
2030,75-79,3778,4944,8722
2030,80-84,1711,2573,4284
2030,85-89,679,1257,1936
2030,90-94,271,559,830
2030,95-99,92,151,243
2030,100+,0,0,0
2031,0-4,4255,3969,8224
2031,5-9,4618,4295,8913
2031,10-14,4600,4272,8872
2031,15-19,5423,5039,10462
2031,20-24,4152,3801,7953
2031,25-29,4660,4408,9068
2031,30-34,6545,5993,12538
2031,35-39,7471,6969,14440
2031,40-44,7697,7497,15194
2031,45-49,8269,8346,16615
2031,50-54,8613,8564,17177
2031,55-59,6400,6950,13350
2031,60-64,6185,6950,13135
2031,65-69,5905,7284,13189
2031,70-74,5099,6533,11632
2031,75-79,3904,5147,9051
2031,80-84,2009,3007,5016
2031,85-89,706,1268,1974
2031,90-94,298,620,918
2031,95-99,80,162,242
2031,100+,0,0,0
2032,0-4,4157,3879,8036
2032,5-9,4565,4247,8812
2032,10-14,4488,4207,8695
2032,15-19,5356,5027,10383
2032,20-24,4426,3985,8411
2032,25-29,4463,4204,8667
2032,30-34,6104,5627,11731
2032,35-39,7422,6867,14289
2032,40-44,7715,7445,15160
2032,45-49,7900,7957,15857
2032,50-54,8851,8817,17668
2032,55-59,6633,7204,13837
2032,60-64,6159,6839,12998
2032,65-69,5855,7223,13078
2032,70-74,5208,6641,11849
2032,75-79,3989,5339,9328
2032,80-84,2259,3376,5635
2032,85-89,776,1327,2103
2032,90-94,318,675,993
2032,95-99,82,174,256
2032,100+,0,0,0
2033,0-4,4056,3785,7841
2033,5-9,4501,4189,8690
2033,10-14,4501,4225,8726
2033,15-19,5273,4948,10221
2033,20-24,4623,4153,8776
2033,25-29,4261,4027,8288
2033,30-34,5831,5370,11201
2033,35-39,7157,6612,13769
2033,40-44,7650,7359,15009
2033,45-49,7675,7729,15404
2033,50-54,8910,8859,17769
2033,55-59,7054,7487,14541
2033,60-64,6094,6770,12864
2033,65-69,5824,7087,12911
2033,70-74,5255,6839,12094
2033,75-79,4080,5494,9574
2033,80-84,2482,3713,6195
2033,85-89,860,1453,2313
2033,90-94,333,698,1031
2033,95-99,84,194,278
2033,100+,0,0,0
2034,0-4,3959,3694,7653
2034,5-9,4430,4126,8556
2034,10-14,4609,4286,8895
2034,15-19,5043,4754,9797
2034,20-24,4848,4378,9226
2034,25-29,4160,3963,8123
2034,30-34,5446,5040,10486
2034,35-39,6953,6406,13359
2034,40-44,7593,7238,14831
2034,45-49,7517,7503,15020
2034,50-54,8771,8796,17567
2034,55-59,7511,7856,15367
2034,60-64,5988,6697,12685
2034,65-69,5820,6985,12805
2034,70-74,5353,6870,12223
2034,75-79,4141,5673,9814
2034,80-84,2669,3988,6657
2034,85-89,988,1674,2662
2034,90-94,349,727,1076
2034,95-99,91,206,297
2034,100+,0,0,0
2035,0-4,3860,3602,7462
2035,5-9,4348,4053,8401
2035,10-14,4631,4307,8938
2035,15-19,4798,4500,9298
2035,20-24,5219,4786,10005
2035,25-29,4052,3776,7828
2035,30-34,5021,4667,9688
2035,35-39,6775,6247,13022
2035,40-44,7407,7046,14453
2035,45-49,7554,7477,15031
2035,50-54,8574,8628,17202
2035,55-59,7917,8218,16135
2035,60-64,5950,6664,12614
2035,65-69,5860,6896,12756
2035,70-74,5313,6909,12222
2035,75-79,4247,5870,10117
2035,80-84,2895,4209,7104
2035,85-89,1131,1943,3074
2035,90-94,352,751,1103
2035,95-99,99,228,327
2035,100+,0,0,0
2036,0-4,3769,3518,7287
2036,5-9,4255,3969,8224
2036,10-14,4618,4295,8913
2036,15-19,4600,4272,8872
2036,20-24,5421,5039,10460
2036,25-29,4152,3801,7953
2036,30-34,4641,4408,9049
2036,35-39,6504,5971,12475
2036,40-44,7389,6944,14333
2036,45-49,7555,7450,15005
2036,50-54,8055,8271,16326
2036,55-59,8325,8458,16783
2036,60-64,6121,6827,12948
2036,65-69,5810,6763,12573
2036,70-74,5350,6945,12295
2036,75-79,4334,5992,10326
2036,80-84,3004,4402,7406
2036,85-89,1337,2284,3621
2036,90-94,369,770,1139
2036,95-99,111,258,369
2036,100+,0,0,0
2037,0-4,3688,3443,7131
2037,5-9,4157,3879,8036
2037,10-14,4565,4247,8812
2037,15-19,4488,4207,8695
2037,20-24,5356,5027,10383
2037,25-29,4424,3985,8409
2037,30-34,4447,4204,8651
2037,35-39,6066,5609,11675
2037,40-44,7342,6842,14184
2037,45-49,7575,7401,14976
2037,50-54,7698,7887,15585
2037,55-59,8559,8710,17269
2037,60-64,6351,7081,13432
2037,65-69,5793,6661,12454
2037,70-74,5314,6895,12209
2037,75-79,4441,6105,10546
2037,80-84,3083,4582,7665
2037,85-89,1513,2573,4086
2037,90-94,413,819,1232
2037,95-99,118,285,403
2037,100+,0,0,0
2038,0-4,3618,3379,6997
2038,5-9,4056,3785,7841
2038,10-14,4501,4189,8690
2038,15-19,4501,4225,8726
2038,20-24,5273,4948,10221
2038,25-29,4622,4153,8775
2038,30-34,4248,4027,8275
2038,35-39,5796,5355,11151
2038,40-44,7081,6587,13668
2038,45-49,7513,7317,14830
2038,50-54,7480,7663,15143
2038,55-59,8620,8752,17372
2038,60-64,6762,7363,14125
2038,65-69,5739,6598,12337
2038,70-74,5296,6775,12071
2038,75-79,4493,6301,10794
2038,80-84,3164,4729,7893
2038,85-89,1668,2838,4506
2038,90-94,463,908,1371
2038,95-99,124,299,423
2038,100+,0,0,0
2039,0-4,3556,3322,6878
2039,5-9,3959,3694,7653
2039,10-14,4430,4126,8556
2039,15-19,4609,4286,8895
2039,20-24,5043,4754,9797
2039,25-29,4848,4378,9226
2039,30-34,4149,3963,8112
2039,35-39,5415,5028,10443
2039,40-44,6879,6381,13260
2039,45-49,7460,7198,14658
2039,50-54,7328,7439,14767
2039,55-59,8488,8693,17181
2039,60-64,7206,7730,14936
2039,65-69,5647,6531,12178
2039,70-74,5305,6687,11992
2039,75-79,4589,6343,10932
2039,80-84,3222,4901,8123
2039,85-89,1802,3062,4864
2039,90-94,537,1060,1597
2039,95-99,131,314,445
2039,100+,0,0,0
2040,0-4,3508,3277,6785
2040,5-9,3860,3602,7462
2040,10-14,4348,4053,8401
2040,15-19,4631,4307,8938
2040,20-24,4798,4500,9298
2040,25-29,5218,4786,10004
2040,30-34,4042,3776,7818
2040,35-39,4992,4657,9649
2040,40-44,6703,6222,12925
2040,45-49,7277,7006,14283
2040,50-54,7366,7413,14779
2040,55-59,8298,8527,16825
2040,60-64,7595,8085,15680
2040,65-69,5612,6500,12112
2040,70-74,5340,6601,11941
2040,75-79,4553,6377,10930
2040,80-84,3310,5069,8379
2040,85-89,1950,3225,5175
2040,90-94,613,1231,1844
2040,95-99,130,323,453
2040,100+,0,0,0
2041,0-4,3473,3244,6717
2041,5-9,3769,3518,7287
2041,10-14,4255,3969,8224
2041,15-19,4618,4295,8913
2041,20-24,4600,4272,8872
2041,25-29,5419,5039,10458
2041,30-34,4141,3801,7942
2041,35-39,4613,4401,9014
2041,40-44,6436,5946,12382
2041,45-49,7258,6905,14163
2041,50-54,7367,7386,14753
2041,55-59,7794,8174,15968
2041,60-64,7987,8322,16309
2041,65-69,5778,6660,12438
2041,70-74,5296,6472,11768
2041,75-79,4585,6409,10994
2041,80-84,3379,5175,8554
2041,85-89,2022,3376,5398
2041,90-94,724,1445,2169
2041,95-99,139,332,471
2041,100+,0,0,0
2042,0-4,3447,3220,6667
2042,5-9,3688,3443,7131
2042,10-14,4157,3879,8036
2042,15-19,4565,4247,8812
2042,20-24,4488,4207,8695
2042,25-29,5355,5027,10382
2042,30-34,4410,3985,8395
2042,35-39,4420,4199,8619
2042,40-44,6002,5584,11586
2042,45-49,7213,6804,14017
2042,50-54,7386,7338,14724
2042,55-59,7449,7794,15243
2042,60-64,8211,8570,16781
2042,65-69,5995,6907,12902
2042,70-74,5282,6373,11655
2042,75-79,4552,6360,10912
2042,80-84,3461,5273,8734
2042,85-89,2074,3512,5586
2042,90-94,818,1621,2439
2042,95-99,159,355,514
2042,100+,0,0,0
2043,0-4,3432,3206,6638
2043,5-9,3618,3379,6997
2043,10-14,4056,3785,7841
2043,15-19,4501,4189,8690
2043,20-24,4501,4225,8726
2043,25-29,5271,4948,10219
2043,30-34,4606,4153,8759
2043,35-39,4222,4024,8246
2043,40-44,5735,5330,11065
2043,45-49,6956,6550,13506
2043,50-54,7325,7255,14580
2043,55-59,7240,7573,14813
2043,60-64,8267,8613,16880
2043,65-69,6385,7182,13567
2043,70-74,5229,6313,11542
2043,75-79,4536,6251,10787
2043,80-84,3497,5440,8937
2043,85-89,2127,3624,5751
2043,90-94,898,1778,2676
2043,95-99,180,397,577
2043,100+,0,0,0
2044,0-4,3424,3199,6623
2044,5-9,3556,3322,6878
2044,10-14,3959,3694,7653
2044,15-19,4430,4126,8556
2044,20-24,4609,4286,8895
2044,25-29,5040,4754,9794
2044,30-34,4830,4378,9208
2044,35-39,4123,3961,8084
2044,40-44,5358,5005,10363
2044,45-49,6758,6346,13104
2044,50-54,7274,7137,14411
2044,55-59,7092,7351,14443
2044,60-64,8141,8554,16695
2044,65-69,6804,7541,14345
2044,70-74,5146,6250,11396
2044,75-79,4547,6169,10716
2044,80-84,3571,5477,9048
2044,85-89,2164,3759,5923
2044,90-94,968,1915,2883
2044,95-99,208,468,676
2044,100+,0,0,0
2045,0-4,3428,3202,6630
2045,5-9,3508,3277,6785
2045,10-14,3860,3602,7462
2045,15-19,4348,4053,8401
2045,20-24,4631,4307,8938
2045,25-29,4797,4500,9297
2045,30-34,5198,4786,9984
2045,35-39,4017,3776,7793
2045,40-44,4940,4635,9575
2045,45-49,6586,6190,12776
2045,50-54,7098,6947,14045
2045,55-59,7133,7328,14461
2045,60-64,7964,8393,16357
2045,65-69,7176,7892,15068
2045,70-74,5124,6228,11352
2045,75-79,4589,6101,10690
2045,80-84,3556,5521,9077
2045,85-89,2238,3907,6145
2045,90-94,1052,2033,3085
2045,95-99,238,551,789
2045,100+,0,0,0
2046,0-4,3436,3210,6646
2046,5-9,3473,3244,6717
2046,10-14,3769,3518,7287
2046,15-19,4255,3969,8224
2046,20-24,4618,4295,8913
2046,25-29,4600,4272,8872
2046,30-34,5399,5039,10438
2046,35-39,4116,3801,7917
2046,40-44,4566,4381,8947
2046,45-49,6324,5916,12240
2046,50-54,7082,6848,13930
2046,55-59,7136,7303,14439
2046,60-64,7484,8047,15531
2046,65-69,7556,8130,15686
2046,70-74,5289,6388,11677
2046,75-79,4560,5993,10553
2046,80-84,3595,5562,9157
2046,85-89,2297,4008,6305
2046,90-94,1098,2147,3245
2046,95-99,283,654,937
2046,100+,0,0,0
2047,0-4,3442,3216,6658
2047,5-9,3447,3220,6667
2047,10-14,3688,3443,7131
2047,15-19,4157,3879,8036
2047,20-24,4565,4247,8812
2047,25-29,4488,4207,8695
2047,30-34,5336,5027,10363
2047,35-39,4385,3985,8370
2047,40-44,4376,4181,8557
2047,45-49,5900,5555,11455
2047,50-54,7038,6749,13787
2047,55-59,7158,7256,14414
2047,60-64,7158,7676,14834
2047,65-69,7773,8375,16148
2047,70-74,5498,6635,12133
2047,75-79,4559,5909,10468
2047,80-84,3578,5530,9108
2047,85-89,2363,4097,6460
2047,90-94,1131,2251,3382
2047,95-99,323,740,1063
2047,100+,0,0,0
2048,0-4,3447,3220,6667
2048,5-9,3432,3206,6638
2048,10-14,3618,3379,6997
2048,15-19,4056,3785,7841
2048,20-24,4501,4189,8690
2048,25-29,4501,4225,8726
2048,30-34,5255,4948,10203
2048,35-39,4581,4153,8734
2048,40-44,4180,4008,8188
2048,45-49,5638,5301,10939
2048,50-54,6788,6499,13287
2048,55-59,7102,7176,14278
2048,60-64,6963,7460,14423
2048,65-69,7833,8421,16254
2048,70-74,5862,6904,12766
2048,75-79,4519,5866,10385
2048,80-84,3576,5450,9026
2048,85-89,2394,4243,6637
2048,90-94,1165,2337,3502
2048,95-99,355,816,1171
2048,100+,0,0,0
2049,0-4,3448,3221,6669
2049,5-9,3424,3199,6623
2049,10-14,3556,3322,6878
2049,15-19,3959,3694,7653
2049,20-24,4430,4126,8556
2049,25-29,4609,4286,8895
2049,30-34,5027,4754,9781
2049,35-39,4805,4377,9182
2049,40-44,4082,3946,8028
2049,45-49,5267,4977,10244
2049,50-54,6596,6296,12892
2049,55-59,7055,7060,14115
2049,60-64,6825,7243,14068
2049,65-69,7720,8368,16088
2049,70-74,6253,7256,13509
2049,75-79,4458,5814,10272
2049,80-84,3597,5388,8985
2049,85-89,2454,4287,6741
2049,90-94,1193,2442,3635
2049,95-99,383,886,1269
2049,100+,0,0,0
2050,0-4,3441,3215,6656
2050,5-9,3428,3202,6630
2050,10-14,3508,3277,6785
2050,15-19,3860,3602,7462
2050,20-24,4348,4053,8401
2050,25-29,4631,4307,8938
2050,30-34,4786,4500,9286
2050,35-39,5171,4782,9953
2050,40-44,3978,3762,7740
2050,45-49,4857,4609,9466
2050,50-54,6429,6139,12568
2050,55-59,6884,6872,13756
2050,60-64,6866,7223,14089
2050,65-69,7548,8209,15757
2050,70-74,6593,7593,14186
2050,75-79,4441,5795,10236
2050,80-84,3631,5329,8960
2050,85-89,2443,4317,6760
2050,90-94,1237,2535,3772
2050,95-99,415,935,1350
2050,100+,0,0,0
2051,0-4,3424,3198,6622
2051,5-9,3436,3210,6646
2051,10-14,3473,3244,6717
2051,15-19,3769,3518,7287
2051,20-24,4255,3969,8224
2051,25-29,4618,4295,8913
2051,30-34,4591,4272,8863
2051,35-39,5372,5031,10403
2051,40-44,4075,3787,7862
2051,45-49,4489,4356,8845
2051,50-54,6173,5867,12040
2051,55-59,6868,6773,13641
2051,60-64,6867,7197,14064
2051,65-69,7093,7868,14961
2051,70-74,6942,7821,14763
2051,75-79,4587,5948,10535
2051,80-84,3608,5236,8844
2051,85-89,2472,4348,6820
2051,90-94,1268,2601,3869
2051,95-99,434,988,1422
2051,100+,0,0,0
2052,0-4,3400,3175,6575
2052,5-9,3442,3216,6658
2052,10-14,3447,3220,6667
2052,15-19,3688,3443,7131
2052,20-24,4157,3879,8036
2052,25-29,4565,4247,8812
2052,30-34,4480,4207,8687
2052,35-39,5309,5018,10327
2052,40-44,4343,3968,8311
2052,45-49,4302,4156,8458
2052,50-54,5757,5511,11268
2052,55-59,6825,6675,13500
2052,60-64,6890,7150,14040
2052,65-69,6784,7505,14289
2052,70-74,7140,8058,15198
2052,75-79,4772,6177,10949
2052,80-84,3603,5159,8762
2052,85-89,2460,4319,6779
2052,90-94,1301,2657,3958
2052,95-99,447,1034,1481
2052,100+,0,0,0
2053,0-4,3372,3150,6522
2053,5-9,3447,3220,6667
2053,10-14,3432,3206,6638
2053,15-19,3618,3379,6997
2053,20-24,4056,3785,7841
2053,25-29,4501,4189,8690
2053,30-34,4493,4225,8718
2053,35-39,5227,4938,10165
2053,40-44,4538,4134,8672
2053,45-49,4109,3983,8092
2053,50-54,5501,5260,10761
2053,55-59,6583,6428,13011
2053,60-64,6834,7072,13906
2053,65-69,6603,7294,13897
2053,70-74,7192,8101,15293
2053,75-79,5088,6429,11517
2053,80-84,3568,5124,8692
2053,85-89,2454,4257,6711
2053,90-94,1316,2750,4066
2053,95-99,460,1071,1531
2053,100+,0,0,0
2054,0-4,3342,3123,6465
2054,5-9,3448,3221,6669
2054,10-14,3424,3199,6623
2054,15-19,3556,3322,6878
2054,20-24,3959,3694,7653
2054,25-29,4430,4126,8556
2054,30-34,4600,4286,8886
2054,35-39,5000,4745,9745
2054,40-44,4759,4356,9115
2054,45-49,4014,3921,7935
2054,50-54,5140,4938,10078
2054,55-59,6397,6228,12625
2054,60-64,6788,6956,13744
2054,65-69,6472,7085,13557
2054,70-74,7086,8046,15132
2054,75-79,5428,6755,12183
2054,80-84,3519,5078,8597
2054,85-89,2472,4207,6679
2054,90-94,1348,2778,4126
2054,95-99,470,1121,1591
2054,100+,0,0,0
2055,0-4,3309,3092,6401
2055,5-9,3441,3215,6656
2055,10-14,3428,3202,6630
2055,15-19,3508,3277,6785
2055,20-24,3860,3602,7462
2055,25-29,4348,4053,8401
2055,30-34,4622,4307,8929
2055,35-39,4760,4495,9255
2055,40-44,5122,4757,9879
2055,45-49,3913,3738,7651
2055,50-54,4741,4573,9314
2055,55-59,6237,6076,12313
2055,60-64,6630,6774,13404
2055,65-69,6520,7070,13590
2055,70-74,6936,7900,14836
2055,75-79,5730,7077,12807
2055,80-84,3520,5077,8597
2055,85-89,2505,4179,6684
2055,90-94,1348,2815,4163
2055,95-99,491,1176,1667
2055,100+,0,0,0
2056,0-4,3271,3058,6329
2056,5-9,3424,3198,6622
2056,10-14,3436,3210,6646
2056,15-19,3473,3244,6717
2056,20-24,3769,3518,7287
2056,25-29,4255,3969,8224
2056,30-34,4610,4295,8905
2056,35-39,4565,4271,8836
2056,40-44,5321,5006,10327
2056,45-49,4009,3762,7771
2056,50-54,4385,4323,8708
2056,55-59,5991,5808,11799
2056,60-64,6619,6680,13299
2056,65-69,6526,7047,13573
2056,70-74,6527,7579,14106
2056,75-79,6046,7301,13347
2056,80-84,3654,5228,8882
2056,85-89,2499,4124,6623
2056,90-94,1372,2850,4222
2056,95-99,506,1220,1726
2056,100+,0,0,0
2057,0-4,3232,3022,6254
2057,5-9,3400,3175,6575
2057,10-14,3442,3216,6658
2057,15-19,3447,3220,6667
2057,20-24,3688,3443,7131
2057,25-29,4157,3879,8036
2057,30-34,4558,4247,8805
2057,35-39,4455,4207,8662
2057,40-44,5259,4996,10255
2057,45-49,4274,3943,8217
2057,50-54,4202,4127,8329
2057,55-59,5590,5454,11044
2057,60-64,6582,6585,13167
2057,65-69,6550,7004,13554
2057,70-74,6251,7237,13488
2057,75-79,6224,7533,13757
2057,80-84,3816,5443,9259
2057,85-89,2502,4073,6575
2057,90-94,1371,2842,4213
2057,95-99,521,1256,1777
2057,100+,0,0,0
2058,0-4,3190,2982,6172
2058,5-9,3372,3150,6522
2058,10-14,3447,3220,6667
2058,15-19,3432,3206,6638
2058,20-24,3618,3379,6997
2058,25-29,4056,3785,7841
2058,30-34,4495,4189,8684
2058,35-39,4468,4225,8693
2058,40-44,5178,4919,10097
2058,45-49,4465,4109,8574
2058,50-54,4015,3957,7972
2058,55-59,5343,5206,10549
2058,60-64,6352,6341,12693
2058,65-69,6502,6931,13433
2058,70-74,6095,7041,13136
2058,75-79,6278,7580,13858
2058,80-84,4079,5681,9760
2058,85-89,2483,4060,6543
2058,90-94,1370,2818,4188
2058,95-99,529,1312,1841
2058,100+,0,0,0
2059,0-4,3147,2940,6087
2059,5-9,3342,3123,6465
2059,10-14,3448,3221,6669
2059,15-19,3424,3199,6623
2059,20-24,3556,3322,6878
2059,25-29,3959,3694,7653
2059,30-34,4425,4126,8551
2059,35-39,4576,4286,8862
2059,40-44,4954,4728,9682
2059,45-49,4683,4331,9014
2059,50-54,3921,3895,7816
2059,55-59,4993,4888,9881
2059,60-64,6176,6145,12321
2059,65-69,6464,6820,13284
2059,70-74,5982,6844,12826
2059,75-79,6193,7536,13729
2059,80-84,4362,5980,10342
2059,85-89,2459,4039,6498
2059,90-94,1388,2798,4186
2059,95-99,545,1335,1880
2059,100+,0,0,0
2060,0-4,3100,2897,5997
2060,5-9,3309,3092,6401
2060,10-14,3441,3215,6656
2060,15-19,3428,3202,6630
2060,20-24,3508,3277,6785
2060,25-29,3860,3602,7462
2060,30-34,4344,4053,8397
2060,35-39,4598,4307,8905
2060,40-44,4716,4479,9195
2060,45-49,5038,4732,9770
2060,50-54,3822,3713,7535
2060,55-59,4605,4528,9133
2060,60-64,6021,5996,12017
2060,65-69,6315,6643,12958
2060,70-74,6028,6832,12860
2060,75-79,6056,7398,13454
2060,80-84,4599,6261,10860
2060,85-89,2462,4040,6502
2060,90-94,1407,2781,4188
2060,95-99,545,1349,1894
2060,100+,0,0,0
2061,0-4,3054,2854,5908
2061,5-9,3271,3058,6329
2061,10-14,3424,3198,6622
2061,15-19,3436,3210,6646
2061,20-24,3473,3244,6717
2061,25-29,3769,3518,7287
2061,30-34,4252,3969,8221
2061,35-39,4586,4294,8880
2061,40-44,4524,4256,8780
2061,45-49,5232,4981,10213
2061,50-54,3917,3737,7654
2061,55-59,4259,4280,8539
2061,60-64,5784,5732,11516
2061,65-69,6305,6550,12855
2061,70-74,6032,6808,12840
2061,75-79,5697,7096,12793
2061,80-84,4853,6459,11312
2061,85-89,2564,4167,6731
2061,90-94,1403,2744,4147
2061,95-99,556,1367,1923
2061,100+,0,0,0
2062,0-4,3007,2810,5817
2062,5-9,3232,3022,6254
2062,10-14,3400,3175,6575
2062,15-19,3442,3216,6658
2062,20-24,3447,3220,6667
2062,25-29,3688,3443,7131
2062,30-34,4154,3879,8033
2062,35-39,4535,4246,8781
2062,40-44,4415,4191,8606
2062,45-49,5174,4971,10145
2062,50-54,4175,3918,8093
2062,55-59,4082,4086,8168
2062,60-64,5396,5383,10779
2062,65-69,6271,6457,12728
2062,70-74,6055,6766,12821
2062,75-79,5456,6775,12231
2062,80-84,4991,6664,11655
2062,85-89,2683,4339,7022
2062,90-94,1403,2709,4112
2062,95-99,554,1359,1913
2062,100+,0,0,0
2063,0-4,2958,2765,5723
2063,5-9,3190,2982,6172
2063,10-14,3372,3150,6522
2063,15-19,3447,3220,6667
2063,20-24,3432,3206,6638
2063,25-29,3618,3379,6997
2063,30-34,4053,3785,7838
2063,35-39,4473,4189,8662
2063,40-44,4429,4208,8637
2063,45-49,5093,4894,9987
2063,50-54,4363,4084,8447
2063,55-59,3900,3918,7818
2063,60-64,5158,5138,10296
2063,65-69,6052,6217,12269
2063,70-74,6010,6695,12705
2063,75-79,5325,6592,11917
2063,80-84,5031,6703,11734
2063,85-89,2868,4532,7400
2063,90-94,1389,2703,4092
2063,95-99,553,1350,1903
2063,100+,0,0,0
2064,0-4,2906,2718,5624
2064,5-9,3147,2940,6087
2064,10-14,3342,3123,6465
2064,15-19,3448,3221,6669
2064,20-24,3424,3199,6623
2064,25-29,3556,3322,6878
2064,30-34,3956,3694,7650
2064,35-39,4403,4126,8529
2064,40-44,4535,4269,8804
2064,45-49,4872,4703,9575
2064,50-54,4575,4305,8880
2064,55-59,3809,3858,7667
2064,60-64,4820,4824,9644
2064,65-69,5883,6024,11907
2064,70-74,5974,6587,12561
2064,75-79,5232,6410,11642
2064,80-84,4957,6661,11618
2064,85-89,3068,4770,7838
2064,90-94,1380,2688,4068
2064,95-99,562,1339,1901
2064,100+,0,0,0
2065,0-4,2856,2671,5527
2065,5-9,3100,2897,5997
2065,10-14,3309,3092,6401
2065,15-19,3441,3215,6656
2065,20-24,3428,3202,6630
2065,25-29,3508,3277,6785
2065,30-34,3858,3602,7460
2065,35-39,4322,4053,8375
2065,40-44,4557,4290,8847
2065,45-49,4639,4454,9093
2065,50-54,4923,4704,9627
2065,55-59,3713,3678,7391
2065,60-64,4447,4470,8917
2065,65-69,5740,5880,11620
2065,70-74,5845,6419,12264
2065,75-79,5283,6408,11691
2065,80-84,4850,6545,11395
2065,85-89,3237,5004,8241
2065,90-94,1390,2706,4096
2065,95-99,572,1343,1915
2065,100+,0,0,0
