year,age_range,male,female,total
2019,0-4,1130,962,2092
2019,5-9,1303,1166,2469
2019,10-14,1495,1415,2910
2019,15-19,2266,1985,4251
2019,20-24,2762,2577,5339
2019,25-29,2772,2533,5305
2019,30-34,2531,2151,4682
2019,35-39,2923,2681,5604
2019,40-44,2764,2629,5393
2019,45-49,2648,2556,5204
2019,50-54,2976,2793,5769
2019,55-59,3002,2940,5942
2019,60-64,2647,2532,5179
2019,65-69,1995,2005,4000
2019,70-74,1141,1205,2346
2019,75-79,888,1082,1970
2019,80-84,643,885,1528
2019,85-89,385,538,923
2019,90-94,138,198,336
2019,95-99,26,45,71
2019,100+,4,5,9
2020,0-4,1166,1025,2191
2020,5-9,1300,1159,2459
2020,10-14,1412,1312,2724
2020,15-19,2042,1838,3880
2020,20-24,2746,2496,5242
2020,25-29,2784,2597,5381
2020,30-34,2598,2150,4748
2020,35-39,2834,2591,5425
2020,40-44,2819,2684,5503
2020,45-49,2597,2523,5120
2020,50-54,2863,2757,5620
2020,55-59,3035,2917,5952
2020,60-64,2740,2647,5387
2020,65-69,2074,2129,4203
2020,70-74,1288,1306,2594
2020,75-79,845,1024,1869
2020,80-84,656,908,1564
2020,85-89,381,571,952
2020,90-94,163,227,390
2020,95-99,32,43,75
2020,100+,0,0,0
2021,0-4,1195,1082,2277
2021,5-9,1309,1129,2438
2021,10-14,1337,1268,2605
2021,15-19,1889,1660,3549
2021,20-24,2636,2414,5050
2021,25-29,2839,2663,5502
2021,30-34,2638,2237,4875
2021,35-39,2717,2408,5125
2021,40-44,2819,2733,5552
2021,45-49,2645,2494,5139
2021,50-54,2797,2711,5508
2021,55-59,3016,2910,5926
2021,60-64,2768,2723,5491
2021,65-69,2178,2183,4361
2021,70-74,1465,1541,3006
2021,75-79,813,946,1759
2021,80-84,664,930,1594
2021,85-89,383,604,987
2021,90-94,174,245,419
2021,95-99,39,52,91
2021,100+,0,0,0
2022,0-4,1270,1176,2446
2022,5-9,1253,1059,2312
2022,10-14,1337,1266,2603
2022,15-19,1706,1533,3239
2022,20-24,2531,2260,4791
2022,25-29,2896,2735,5631
2022,30-34,2652,2312,4964
2022,35-39,2622,2237,4859
2022,40-44,2855,2768,5623
2022,45-49,2651,2553,5204
2022,50-54,2734,2633,5367
2022,55-59,2965,2844,5809
2022,60-64,2809,2806,5615
2022,65-69,2270,2279,4549
2022,70-74,1622,1662,3284
2022,75-79,822,976,1798
2022,80-84,662,934,1596
2022,85-89,393,607,1000
2022,90-94,183,264,447
2022,95-99,40,56,96
2022,100+,0,0,0
2023,0-4,1418,1304,2722
2023,5-9,1162,988,2150
2023,10-14,1313,1227,2540
2023,15-19,1583,1463,3046
2023,20-24,2414,2140,4554
2023,25-29,2839,2635,5474
2023,30-34,2709,2442,5151
2023,35-39,2537,2168,4705
2023,40-44,2890,2716,5606
2023,45-49,2697,2587,5284
2023,50-54,2633,2616,5249
2023,55-59,2913,2759,5672
2023,60-64,2873,2905,5778
2023,65-69,2357,2344,4701
2023,70-74,1714,1772,3486
2023,75-79,863,1018,1881
2023,80-84,671,927,1598
2023,85-89,402,621,1023
2023,90-94,191,287,478
2023,95-99,43,68,111
2023,100+,0,0,0
2024,0-4,1525,1419,2944
2024,5-9,1130,962,2092
2024,10-14,1303,1166,2469
2024,15-19,1495,1415,2910
2024,20-24,2266,1985,4251
2024,25-29,2762,2577,5339
2024,30-34,2763,2533,5296
2024,35-39,2507,2151,4658
2024,40-44,2888,2671,5559
2024,45-49,2712,2605,5317
2024,50-54,2576,2531,5107
2024,55-59,2865,2752,5617
2024,60-64,2853,2880,5733
2024,65-69,2465,2449,4914
2024,70-74,1785,1897,3682
2024,75-79,956,1092,2048
2024,80-84,664,901,1565
2024,85-89,410,643,1053
2024,90-94,192,306,498
2024,95-99,46,74,120
2024,100+,0,0,0
2025,0-4,1564,1456,3020
2025,5-9,1166,1025,2191
2025,10-14,1300,1159,2459
2025,15-19,1412,1312,2724
2025,20-24,2042,1838,3880
2025,25-29,2746,2496,5242
2025,30-34,2776,2597,5373
2025,35-39,2573,2150,4723
2025,40-44,2800,2583,5383
2025,45-49,2765,2659,5424
2025,50-54,2527,2498,5025
2025,55-59,2757,2718,5475
2025,60-64,2888,2858,5746
2025,65-69,2555,2563,5118
2025,70-74,1860,2014,3874
2025,75-79,1082,1186,2268
2025,80-84,633,853,1486
2025,85-89,422,665,1087
2025,90-94,192,329,521
2025,95-99,57,86,143
2025,100+,0,0,0
2026,0-4,1595,1485,3080
2026,5-9,1195,1082,2277
2026,10-14,1309,1129,2438
2026,15-19,1337,1268,2605
2026,20-24,1889,1660,3549
2026,25-29,2636,2414,5050
2026,30-34,2832,2663,5495
2026,35-39,2613,2237,4850
2026,40-44,2684,2403,5087
2026,45-49,2766,2708,5474
2026,50-54,2574,2469,5043
2026,55-59,2694,2674,5368
2026,60-64,2872,2853,5725
2026,65-69,2583,2639,5222
2026,70-74,1957,2070,4027
2026,75-79,1233,1401,2634
2026,80-84,610,792,1402
2026,85-89,427,684,1111
2026,90-94,196,349,545
2026,95-99,63,94,157
2026,100+,0,0,0
2027,0-4,1612,1500,3112
2027,5-9,1270,1176,2446
2027,10-14,1253,1059,2312
2027,15-19,1337,1266,2603
2027,20-24,1706,1533,3239
2027,25-29,2531,2260,4791
2027,30-34,2889,2735,5624
2027,35-39,2628,2312,4940
2027,40-44,2591,2235,4826
2027,45-49,2803,2743,5546
2027,50-54,2579,2528,5107
2027,55-59,2636,2597,5233
2027,60-64,2825,2789,5614
2027,65-69,2624,2722,5346
2027,70-74,2042,2164,4206
2027,75-79,1368,1513,2881
2027,80-84,619,822,1441
2027,85-89,426,686,1112
2027,90-94,200,352,552
2027,95-99,65,103,168
2027,100+,0,0,0
2028,0-4,1620,1508,3128
2028,5-9,1418,1304,2722
2028,10-14,1162,988,2150
2028,15-19,1313,1227,2540
2028,20-24,1583,1463,3046
2028,25-29,2414,2140,4554
2028,30-34,2833,2635,5468
2028,35-39,2684,2442,5126
2028,40-44,2508,2167,4675
2028,45-49,2837,2693,5530
2028,50-54,2625,2562,5187
2028,55-59,2541,2582,5123
2028,60-64,2777,2705,5482
2028,65-69,2686,2818,5504
2028,70-74,2121,2227,4348
2028,75-79,1445,1616,3061
2028,80-84,657,862,1519
2028,85-89,434,682,1116
2028,90-94,205,364,569
2028,95-99,67,112,179
2028,100+,0,0,0
2029,0-4,1620,1509,3129
2029,5-9,1525,1419,2944
2029,10-14,1130,962,2092
2029,15-19,1303,1166,2469
2029,20-24,1495,1415,2910
2029,25-29,2266,1985,4251
2029,30-34,2756,2577,5333
2029,35-39,2739,2533,5272
2029,40-44,2479,2150,4629
2029,45-49,2834,2650,5484
2029,50-54,2640,2580,5220
2029,55-59,2486,2500,4986
2029,60-64,2733,2698,5431
2029,65-69,2670,2796,5466
2029,70-74,2221,2328,4549
2029,75-79,1507,1731,3238
2029,80-84,731,931,1662
2029,85-89,430,665,1095
2029,90-94,209,379,588
2029,95-99,66,120,186
2029,100+,0,0,0
2030,0-4,1611,1500,3111
2030,5-9,1564,1456,3020
2030,10-14,1166,1025,2191
2030,15-19,1300,1159,2459
2030,20-24,1412,1312,2724
2030,25-29,2042,1838,3880
2030,30-34,2741,2496,5237
2030,35-39,2752,2597,5349
2030,40-44,2545,2150,4695
2030,45-49,2746,2563,5309
2030,50-54,2692,2634,5326
2030,55-59,2440,2468,4908
2030,60-64,2631,2666,5297
2030,65-69,2702,2775,5477
2030,70-74,2303,2436,4739
2030,75-79,1570,1837,3407
2030,80-84,828,1009,1837
2030,85-89,408,631,1039
2030,90-94,216,394,610
2030,95-99,67,130,197
2030,100+,0,0,0
2031,0-4,1591,1481,3072
2031,5-9,1595,1485,3080
2031,10-14,1195,1082,2277
2031,15-19,1309,1129,2438
2031,20-24,1337,1268,2605
2031,25-29,1889,1660,3549
2031,30-34,2632,2414,5046
2031,35-39,2808,2663,5471
2031,40-44,2585,2237,4822
2031,45-49,2632,2386,5018
2031,50-54,2693,2683,5376
2031,55-59,2485,2441,4926
2031,60-64,2571,2623,5194
2031,65-69,2689,2769,5458
2031,70-74,2328,2509,4837
2031,75-79,1654,1889,3543
2031,80-84,943,1191,2134
2031,85-89,391,585,976
2031,90-94,219,407,626
2031,95-99,70,137,207
2031,100+,0,0,0
2032,0-4,1562,1456,3018
2032,5-9,1612,1500,3112
2032,10-14,1270,1176,2446
2032,15-19,1253,1059,2312
2032,20-24,1337,1266,2603
2032,25-29,1706,1533,3239
2032,30-34,2527,2260,4787
2032,35-39,2865,2735,5600
2032,40-44,2599,2312,4911
2032,45-49,2541,2220,4761
2032,50-54,2728,2718,5446
2032,55-59,2489,2498,4987
2032,60-64,2515,2548,5063
2032,65-69,2644,2707,5351
2032,70-74,2365,2587,4952
2032,75-79,1728,1974,3702
2032,80-84,1044,1285,2329
2032,85-89,400,608,1008
2032,90-94,219,404,623
2032,95-99,71,137,208
2032,100+,0,0,0
2033,0-4,1526,1424,2950
2033,5-9,1620,1508,3128
2033,10-14,1418,1304,2722
2033,15-19,1162,988,2150
2033,20-24,1313,1227,2540
2033,25-29,1583,1463,3046
2033,30-34,2410,2140,4550
2033,35-39,2810,2635,5445
2033,40-44,2655,2442,5097
2033,45-49,2460,2153,4613
2033,50-54,2763,2668,5431
2033,55-59,2533,2532,5065
2033,60-64,2423,2533,4956
2033,65-69,2600,2627,5227
2033,70-74,2420,2677,5097
2033,75-79,1793,2031,3824
2033,80-84,1102,1371,2473
2033,85-89,429,642,1071
2033,90-94,222,401,623
2033,95-99,74,142,216
2033,100+,0,0,0
2034,0-4,1484,1384,2868
2034,5-9,1620,1509,3129
2034,10-14,1525,1419,2944
2034,15-19,1130,962,2092
2034,20-24,1303,1166,2469
2034,25-29,1495,1415,2910
2034,30-34,2262,1985,4247
2034,35-39,2734,2577,5311
2034,40-44,2710,2531,5241
2034,45-49,2432,2137,4569
2034,50-54,2760,2625,5385
2034,55-59,2547,2548,5095
2034,60-64,2372,2451,4823
2034,65-69,2558,2620,5178
2034,70-74,2406,2655,5061
2034,75-79,1877,2124,4001
2034,80-84,1149,1468,2617
2034,85-89,479,695,1174
2034,90-94,220,391,611
2034,95-99,75,147,222
2034,100+,0,0,0
2035,0-4,1438,1343,2781
2035,5-9,1611,1500,3111
2035,10-14,1564,1456,3020
2035,15-19,1166,1025,2191
2035,20-24,1300,1159,2459
2035,25-29,1412,1312,2724
2035,30-34,2041,1838,3879
2035,35-39,2718,2496,5214
2035,40-44,2725,2596,5321
2035,45-49,2497,2136,4633
2035,50-54,2676,2538,5214
2035,55-59,2600,2604,5204
2035,60-64,2331,2419,4750
2035,65-69,2467,2592,5059
2035,70-74,2441,2639,5080
2035,75-79,1951,2231,4182
2035,80-84,1203,1562,2765
2035,85-89,546,759,1305
2035,90-94,210,375,585
2035,95-99,78,157,235
2035,100+,0,0,0
2036,0-4,1386,1296,2682
2036,5-9,1591,1481,3072
2036,10-14,1595,1485,3080
2036,15-19,1195,1082,2277
2036,20-24,1309,1129,2438
2036,25-29,1337,1268,2605
2036,30-34,1889,1660,3549
2036,35-39,2610,2414,5024
2036,40-44,2781,2662,5443
2036,45-49,2537,2221,4758
2036,50-54,2568,2361,4929
2036,55-59,2601,2655,5256
2036,60-64,2378,2392,4770
2036,65-69,2415,2552,4967
2036,70-74,2434,2638,5072
2036,75-79,1978,2304,4282
2036,80-84,1273,1616,2889
2036,85-89,625,901,1526
2036,90-94,203,352,555
2036,95-99,79,166,245
2036,100+,0,0,0
2037,0-4,1332,1245,2577
2037,5-9,1562,1456,3018
2037,10-14,1612,1500,3112
2037,15-19,1270,1176,2446
2037,20-24,1253,1059,2312
2037,25-29,1337,1266,2603
2037,30-34,1706,1533,3239
2037,35-39,2508,2260,4768
2037,40-44,2837,2732,5569
2037,45-49,2553,2295,4848
2037,50-54,2479,2195,4674
2037,55-59,2637,2691,5328
2037,60-64,2385,2450,4835
2037,65-69,2366,2481,4847
2037,70-74,2399,2584,4983
2037,75-79,2016,2380,4396
2037,80-84,1338,1695,3033
2037,85-89,697,978,1675
2037,90-94,210,371,581
2037,95-99,80,165,245
2037,100+,0,0,0
2038,0-4,1277,1194,2471
2038,5-9,1526,1424,2950
2038,10-14,1620,1508,3128
2038,15-19,1418,1304,2722
2038,20-24,1162,988,2150
2038,25-29,1313,1227,2540
2038,30-34,1583,1463,3046
2038,35-39,2394,2140,4534
2038,40-44,2781,2632,5413
2038,45-49,2609,2423,5032
2038,50-54,2399,2128,4527
2038,55-59,2672,2642,5314
2038,60-64,2428,2485,4913
2038,65-69,2284,2469,4753
2038,70-74,2362,2511,4873
2038,75-79,2069,2466,4535
2038,80-84,1393,1749,3142
2038,85-89,738,1047,1785
2038,90-94,229,400,629
2038,95-99,83,166,249
2038,100+,0,0,0
2039,0-4,1221,1143,2364
2039,5-9,1484,1384,2868
2039,10-14,1620,1509,3129
2039,15-19,1525,1419,2944
2039,20-24,1130,962,2092
2039,25-29,1303,1166,2469
2039,30-34,1495,1415,2910
2039,35-39,2249,1985,4234
2039,40-44,2705,2574,5279
2039,45-49,2663,2512,5175
2039,50-54,2372,2112,4484
2039,55-59,2671,2597,5268
2039,60-64,2442,2505,4947
2039,65-69,2238,2390,4628
2039,70-74,2329,2509,4838
2039,75-79,2063,2450,4513
2039,80-84,1463,1837,3300
2039,85-89,773,1126,1899
2039,90-94,260,438,698
2039,95-99,83,165,248
2039,100+,0,0,0
2040,0-4,1165,1090,2255
2040,5-9,1438,1343,2781
2040,10-14,1611,1500,3111
2040,15-19,1564,1456,3020
2040,20-24,1166,1025,2191
2040,25-29,1300,1159,2459
2040,30-34,1412,1312,2724
2040,35-39,2030,1838,3868
2040,40-44,2689,2493,5182
2040,45-49,2678,2575,5253
2040,50-54,2434,2111,4545
2040,55-59,2590,2510,5100
2040,60-64,2491,2560,5051
2040,65-69,2201,2359,4560
2040,70-74,2248,2482,4730
2040,75-79,2095,2435,4530
2040,80-84,1519,1927,3446
2040,85-89,810,1196,2006
2040,90-94,296,476,772
2040,95-99,78,157,235
2040,100+,0,0,0
2041,0-4,1114,1042,2156
2041,5-9,1386,1296,2682
2041,10-14,1591,1481,3072
2041,15-19,1595,1485,3080
2041,20-24,1195,1082,2277
2041,25-29,1309,1129,2438
2041,30-34,1337,1268,2605
2041,35-39,1881,1660,3541
2041,40-44,2583,2412,4995
2041,45-49,2733,2640,5373
2041,50-54,2473,2196,4669
2041,55-59,2483,2334,4817
2041,60-64,2495,2610,5105
2041,65-69,2245,2334,4579
2041,70-74,2201,2443,4644
2041,75-79,2088,2436,4524
2041,80-84,1543,1992,3535
2041,85-89,858,1239,2097
2041,90-94,339,566,905
2041,95-99,76,147,223
2041,100+,0,0,0
2042,0-4,1067,999,2066
2042,5-9,1332,1245,2577
2042,10-14,1562,1456,3018
2042,15-19,1612,1500,3112
2042,20-24,1270,1176,2446
2042,25-29,1253,1059,2312
2042,30-34,1337,1266,2603
2042,35-39,1701,1533,3234
2042,40-44,2482,2260,4742
2042,45-49,2788,2710,5498
2042,50-54,2488,2270,4758
2042,55-59,2397,2170,4567
2042,60-64,2530,2645,5175
2042,65-69,2252,2390,4642
2042,70-74,2155,2375,4530
2042,75-79,2058,2385,4443
2042,80-84,1572,2058,3630
2042,85-89,903,1301,2204
2042,90-94,376,612,988
2042,95-99,79,158,237
2042,100+,0,0,0
2043,0-4,1026,961,1987
2043,5-9,1277,1194,2471
2043,10-14,1526,1424,2950
2043,15-19,1620,1508,3128
2043,20-24,1418,1304,2722
2043,25-29,1162,988,2150
2043,30-34,1313,1227,2540
2043,35-39,1580,1463,3043
2043,40-44,2367,2140,4507
2043,45-49,2734,2612,5346
2043,50-54,2543,2398,4941
2043,55-59,2321,2103,4424
2043,60-64,2564,2597,5161
2043,65-69,2291,2425,4716
2043,70-74,2081,2362,4443
2043,75-79,2027,2318,4345
2043,80-84,1614,2131,3745
2043,85-89,941,1341,2282
2043,90-94,396,655,1051
2043,95-99,88,173,261
2043,100+,0,0,0
2044,0-4,992,928,1920
2044,5-9,1221,1143,2364
2044,10-14,1484,1384,2868
2044,15-19,1620,1509,3129
2044,20-24,1525,1419,2944
2044,25-29,1130,962,2092
2044,30-34,1303,1166,2469
2044,35-39,1492,1415,2907
2044,40-44,2224,1985,4209
2044,45-49,2658,2556,5214
2044,50-54,2596,2487,5083
2044,55-59,2297,2087,4384
2044,60-64,2562,2555,5117
2044,65-69,2304,2443,4747
2044,70-74,2040,2287,4327
2044,75-79,1996,2315,4311
2044,80-84,1608,2116,3724
2044,85-89,987,1410,2397
2044,90-94,414,705,1119
2044,95-99,101,191,292
2044,100+,0,0,0
2045,0-4,967,904,1871
2045,5-9,1165,1090,2255
2045,10-14,1438,1343,2781
2045,15-19,1611,1500,3111
2045,20-24,1564,1456,3020
2045,25-29,1166,1025,2191
2045,30-34,1300,1159,2459
2045,35-39,1410,1312,2722
2045,40-44,2008,1838,3846
2045,45-49,2642,2478,5120
2045,50-54,2610,2550,5160
2045,55-59,2359,2086,4445
2045,60-64,2486,2472,4958
2045,65-69,2354,2500,4854
2045,70-74,2010,2260,4270
2045,75-79,1934,2293,4227
2045,80-84,1636,2108,3744
2045,85-89,1029,1488,2517
2045,90-94,437,753,1190
2045,95-99,115,210,325
2045,100+,0,0,0
2046,0-4,950,888,1838
2046,5-9,1114,1042,2156
2046,10-14,1386,1296,2682
2046,15-19,1591,1481,3072
2046,20-24,1595,1485,3080
2046,25-29,1195,1082,2277
2046,30-34,1309,1129,2438
2046,35-39,1337,1268,2605
2046,40-44,1859,1660,3519
2046,45-49,2538,2399,4937
2046,50-54,2663,2615,5278
2046,55-59,2398,2171,4569
2046,60-64,2387,2300,4687
2046,65-69,2359,2550,4909
2046,70-74,2055,2239,4294
2046,75-79,1897,2263,4160
2046,80-84,1636,2114,3750
2046,85-89,1050,1545,2595
2046,90-94,466,790,1256
2046,95-99,132,254,386
2046,100+,0,0,0
2047,0-4,939,877,1816
2047,5-9,1067,999,2066
2047,10-14,1332,1245,2577
2047,15-19,1562,1456,3018
2047,20-24,1612,1500,3112
2047,25-29,1270,1176,2446
2047,30-34,1253,1059,2312
2047,35-39,1337,1266,2603
2047,40-44,1681,1533,3214
2047,45-49,2439,2248,4687
2047,50-54,2718,2685,5403
2047,55-59,2413,2245,4658
2047,60-64,2308,2138,4446
2047,65-69,2394,2585,4979
2047,70-74,2064,2296,4360
2047,75-79,1863,2200,4063
2047,80-84,1615,2075,3690
2047,85-89,1074,1604,2678
2047,90-94,495,834,1329
2047,95-99,146,276,422
2047,100+,0,0,0
2048,0-4,933,871,1804
2048,5-9,1026,961,1987
2048,10-14,1277,1194,2471
2048,15-19,1526,1424,2950
2048,20-24,1620,1508,3128
2048,25-29,1418,1304,2722
2048,30-34,1162,988,2150
2048,35-39,1313,1227,2540
2048,40-44,1562,1463,3025
2048,45-49,2327,2130,4457
2048,50-54,2666,2587,5253
2048,55-59,2467,2373,4840
2048,60-64,2236,2074,4310
2048,65-69,2430,2538,4968
2048,70-74,2101,2331,4432
2048,75-79,1802,2193,3995
2048,80-84,1597,2021,3618
2048,85-89,1107,1663,2770
2048,90-94,516,865,1381
2048,95-99,154,298,452
2048,100+,0,0,0
2049,0-4,933,871,1804
2049,5-9,992,928,1920
2049,10-14,1221,1143,2364
2049,15-19,1484,1384,2868
2049,20-24,1620,1509,3129
2049,25-29,1525,1419,2944
2049,30-34,1130,962,2092
2049,35-39,1303,1166,2469
2049,40-44,1477,1415,2892
2049,45-49,2187,1978,4165
2049,50-54,2593,2531,5124
2049,55-59,2519,2462,4981
2049,60-64,2213,2059,4272
2049,65-69,2430,2497,4927
2049,70-74,2115,2350,4465
2049,75-79,1767,2127,3894
2049,80-84,1576,2022,3598
2049,85-89,1103,1653,2756
2049,90-94,546,917,1463
2049,95-99,162,324,486
2049,100+,0,0,0
2050,0-4,938,877,1815
2050,5-9,967,904,1871
2050,10-14,1165,1090,2255
2050,15-19,1438,1343,2781
2050,20-24,1611,1500,3111
2050,25-29,1564,1456,3020
2050,30-34,1166,1025,2191
2050,35-39,1300,1159,2459
2050,40-44,1397,1312,2709
2050,45-49,1973,1833,3806
2050,50-54,2579,2453,5032
2050,55-59,2533,2525,5058
2050,60-64,2271,2061,4332
2050,65-69,2358,2415,4773
2050,70-74,2160,2403,4563
2050,75-79,1739,2102,3841
2050,80-84,1527,2003,3530
2050,85-89,1123,1646,2769
2050,90-94,568,967,1535
2050,95-99,171,344,515
2050,100+,0,0,0
2051,0-4,947,885,1832
2051,5-9,950,888,1838
2051,10-14,1114,1042,2156
2051,15-19,1386,1296,2682
2051,20-24,1591,1481,3072
2051,25-29,1595,1485,3080
2051,30-34,1195,1082,2277
2051,35-39,1309,1129,2438
2051,40-44,1325,1268,2593
2051,45-49,1827,1658,3485
2051,50-54,2478,2374,4852
2051,55-59,2585,2590,5175
2051,60-64,2307,2146,4453
2051,65-69,2263,2247,4510
2051,70-74,2167,2453,4620
2051,75-79,1782,2083,3865
2051,80-84,1497,1980,3477
2051,85-89,1123,1652,2775
2051,90-94,579,1004,1583
2051,95-99,185,364,549
2051,100+,0,0,0
2052,0-4,958,895,1853
2052,5-9,939,877,1816
2052,10-14,1067,999,2066
2052,15-19,1332,1245,2577
2052,20-24,1562,1456,3018
2052,25-29,1612,1500,3112
2052,30-34,1270,1176,2446
2052,35-39,1253,1059,2312
2052,40-44,1325,1266,2591
2052,45-49,1653,1532,3185
2052,50-54,2381,2225,4606
2052,55-59,2636,2660,5296
2052,60-64,2321,2217,4538
2052,65-69,2188,2091,4279
2052,70-74,2199,2487,4686
2052,75-79,1791,2135,3926
2052,80-84,1470,1923,3393
2052,85-89,1109,1621,2730
2052,90-94,593,1043,1636
2052,95-99,198,384,582
2052,100+,0,0,0
2053,0-4,974,910,1884
2053,5-9,933,871,1804
2053,10-14,1026,961,1987
2053,15-19,1277,1194,2471
2053,20-24,1526,1424,2950
2053,25-29,1620,1508,3128
2053,30-34,1418,1304,2722
2053,35-39,1162,988,2150
2053,40-44,1302,1227,2529
2053,45-49,1536,1463,2999
2053,50-54,2272,2109,4381
2053,55-59,2584,2562,5146
2053,60-64,2373,2342,4715
2053,65-69,2119,2029,4148
2053,70-74,2233,2443,4676
2053,75-79,1823,2169,3992
2053,80-84,1422,1913,3335
2053,85-89,1098,1579,2677
2053,90-94,610,1078,1688
2053,95-99,205,396,601
2053,100+,0,0,0
2054,0-4,993,928,1921
2054,5-9,933,871,1804
2054,10-14,992,928,1920
2054,15-19,1221,1143,2364
2054,20-24,1484,1384,2868
2054,25-29,1620,1509,3129
2054,30-34,1525,1419,2944
2054,35-39,1130,962,2092
2054,40-44,1292,1166,2458
2054,45-49,1452,1415,2867
2054,50-54,2134,1959,4093
2054,55-59,2513,2506,5019
2054,60-64,2421,2429,4850
2054,65-69,2098,2014,4112
2054,70-74,2231,2401,4632
2054,75-79,1833,2187,4020
2054,80-84,1395,1855,3250
2054,85-89,1081,1581,2662
2054,90-94,608,1069,1677
2054,95-99,216,422,638
2054,100+,0,0,0
2055,0-4,1010,944,1954
2055,5-9,938,877,1815
2055,10-14,967,904,1871
2055,15-19,1165,1090,2255
2055,20-24,1438,1343,2781
2055,25-29,1611,1500,3111
2055,30-34,1564,1456,3020
2055,35-39,1166,1025,2191
2055,40-44,1289,1159,2448
2055,45-49,1372,1312,2684
2055,50-54,1927,1817,3744
2055,55-59,2500,2428,4928
2055,60-64,2435,2493,4928
2055,65-69,2156,2015,4171
2055,70-74,2165,2324,4489
2055,75-79,1877,2242,4119
2055,80-84,1377,1838,3215
2055,85-89,1051,1573,2624
2055,90-94,623,1071,1694
2055,95-99,225,451,676
2055,100+,0,0,0
2056,0-4,1026,959,1985
2056,5-9,947,885,1832
2056,10-14,950,888,1838
2056,15-19,1114,1042,2156
2056,20-24,1386,1296,2682
2056,25-29,1591,1481,3072
2056,30-34,1595,1485,3080
2056,35-39,1195,1082,2277
2056,40-44,1298,1129,2427
2056,45-49,1300,1268,2568
2056,50-54,1786,1645,3431
2056,55-59,2403,2349,4752
2056,60-64,2485,2558,5043
2056,65-69,2193,2097,4290
2056,70-74,2081,2165,4246
2056,75-79,1886,2291,4177
2056,80-84,1418,1829,3247
2056,85-89,1034,1561,2595
2056,90-94,623,1083,1706
2056,95-99,232,474,706
2056,100+,0,0,0
2057,0-4,1042,974,2016
2057,5-9,958,895,1853
2057,10-14,939,877,1816
2057,15-19,1067,999,2066
2057,20-24,1332,1245,2577
2057,25-29,1562,1456,3018
2057,30-34,1612,1500,3112
2057,35-39,1270,1176,2446
2057,40-44,1243,1059,2302
2057,45-49,1300,1266,2566
2057,50-54,1614,1522,3136
2057,55-59,2311,2200,4511
2057,60-64,2538,2627,5165
2057,65-69,2207,2169,4376
2057,70-74,2014,2017,4031
2057,75-79,1917,2326,4243
2057,80-84,1430,1881,3311
2057,85-89,1019,1518,2537
2057,90-94,617,1068,1685
2057,95-99,239,496,735
2057,100+,0,0,0
2058,0-4,1054,985,2039
2058,5-9,974,910,1884
2058,10-14,933,871,1804
2058,15-19,1026,961,1987
2058,20-24,1277,1194,2471
2058,25-29,1526,1424,2950
2058,30-34,1620,1508,3128
2058,35-39,1418,1304,2722
2058,40-44,1153,988,2141
2058,45-49,1277,1227,2504
2058,50-54,1500,1456,2956
2058,55-59,2205,2084,4289
2058,60-64,2490,2531,5021
2058,65-69,2258,2293,4551
2058,70-74,1957,1959,3916
2058,75-79,1948,2286,4234
2058,80-84,1460,1916,3376
2058,85-89,988,1514,2502
2058,90-94,612,1046,1658
2058,95-99,247,515,762
2058,100+,0,0,0
2059,0-4,1062,993,2055
2059,5-9,993,928,1921
2059,10-14,933,871,1804
2059,15-19,992,928,1920
2059,20-24,1221,1143,2364
2059,25-29,1484,1384,2868
2059,30-34,1620,1509,3129
2059,35-39,1525,1419,2944
2059,40-44,1122,962,2084
2059,45-49,1267,1166,2433
2059,50-54,1419,1411,2830
2059,55-59,2071,1934,4005
2059,60-64,2424,2475,4899
2059,65-69,2305,2380,4685
2059,70-74,1941,1947,3888
2059,75-79,1949,2247,4196
2059,80-84,1469,1932,3401
2059,85-89,974,1473,2447
2059,90-94,603,1052,1655
2059,95-99,248,512,760
2059,100+,0,0,0
2060,0-4,1067,997,2064
2060,5-9,1010,944,1954
2060,10-14,938,877,1815
2060,15-19,967,904,1871
2060,20-24,1165,1090,2255
2060,25-29,1438,1343,2781
2060,30-34,1611,1500,3111
2060,35-39,1564,1456,3020
2060,40-44,1159,1025,2184
2060,45-49,1264,1159,2423
2060,50-54,1343,1310,2653
2060,55-59,1868,1793,3661
2060,60-64,2413,2398,4811
2060,65-69,2320,2442,4762
2060,70-74,1995,1949,3944
2060,75-79,1891,2175,4066
2060,80-84,1502,1980,3482
2060,85-89,963,1459,2422
2060,90-94,587,1046,1633
2060,95-99,254,511,765
2060,100+,0,0,0
2061,0-4,1067,998,2065
2061,5-9,1026,959,1985
2061,10-14,947,885,1832
2061,15-19,950,888,1838
2061,20-24,1114,1042,2156
2061,25-29,1386,1296,2682
2061,30-34,1591,1481,3072
2061,35-39,1595,1485,3080
2061,40-44,1189,1082,2271
2061,45-49,1273,1129,2402
2061,50-54,1274,1268,2542
2061,55-59,1731,1622,3353
2061,60-64,2320,2321,4641
2061,65-69,2368,2506,4874
2061,70-74,2028,2028,4056
2061,75-79,1819,2026,3845
2061,80-84,1512,2025,3537
2061,85-89,994,1456,2450
2061,90-94,579,1038,1617
2061,95-99,251,519,770
2061,100+,0,0,0
2062,0-4,1062,993,2055
2062,5-9,1042,974,2016
2062,10-14,958,895,1853
2062,15-19,939,877,1816
2062,20-24,1067,999,2066
2062,25-29,1332,1245,2577
2062,30-34,1562,1456,3018
2062,35-39,1612,1500,3112
2062,40-44,1263,1176,2439
2062,45-49,1219,1059,2278
2062,50-54,1275,1265,2540
2062,55-59,1567,1502,3069
2062,60-64,2231,2174,4405
2062,65-69,2418,2574,4992
2062,70-74,2041,2097,4138
2062,75-79,1761,1888,3649
2062,80-84,1539,2056,3595
2062,85-89,1004,1499,2503
2062,90-94,570,1008,1578
2062,95-99,248,511,759
2062,100+,0,0,0
2063,0-4,1052,984,2036
2063,5-9,1054,985,2039
2063,10-14,974,910,1884
2063,15-19,933,871,1804
2063,20-24,1026,961,1987
2063,25-29,1277,1194,2471
2063,30-34,1526,1424,2950
2063,35-39,1620,1508,3128
2063,40-44,1406,1304,2710
2063,45-49,1132,988,2120
2063,50-54,1252,1226,2478
2063,55-59,1456,1437,2893
2063,60-64,2130,2058,4188
2063,65-69,2372,2481,4853
2063,70-74,2089,2216,4305
2063,75-79,1713,1836,3549
2063,80-84,1564,2019,3583
2063,85-89,1026,1527,2553
2063,90-94,553,1006,1559
2063,95-99,247,500,747
2063,100+,0,0,0
2064,0-4,1037,969,2006
2064,5-9,1062,993,2055
2064,10-14,993,928,1921
2064,15-19,933,871,1804
2064,20-24,992,928,1920
2064,25-29,1221,1143,2364
2064,30-34,1484,1384,2868
2064,35-39,1619,1509,3128
2064,40-44,1510,1419,2929
2064,45-49,1102,962,2064
2064,50-54,1242,1166,2408
2064,55-59,1378,1393,2771
2064,60-64,2000,1908,3908
2064,65-69,2309,2427,4736
2064,70-74,2132,2299,4431
2064,75-79,1700,1826,3526
2064,80-84,1563,1982,3545
2064,85-89,1028,1538,2566
2064,90-94,546,978,1524
2064,95-99,242,502,744
2064,100+,0,0,0
2065,0-4,1016,950,1966
2065,5-9,1067,997,2064
2065,10-14,1010,944,1954
2065,15-19,938,877,1815
2065,20-24,967,904,1871
2065,25-29,1165,1090,2255
2065,30-34,1438,1343,2781
2065,35-39,1611,1500,3111
2065,40-44,1548,1456,3004
2065,45-49,1137,1025,2162
2065,50-54,1239,1159,2398
2065,55-59,1305,1294,2599
2065,60-64,1805,1768,3573
2065,65-69,2300,2352,4652
2065,70-74,2149,2362,4511
2065,75-79,1750,1830,3580
2065,80-84,1517,1923,3440
2065,85-89,1054,1582,2636
2065,90-94,544,975,1519
2065,95-99,237,503,740
2065,100+,0,0,0
