year,age_range,male,female,total
2019,0-4,7173,6738,13911
2019,5-9,7175,6811,13986
2019,10-14,6976,6528,13504
2019,15-19,8006,7697,15703
2019,20-24,9997,9374,19371
2019,25-29,10276,9958,20234
2019,30-34,10160,10610,20770
2019,35-39,11748,13116,24864
2019,40-44,11304,13007,24311
2019,45-49,9821,12153,21974
2019,50-54,10116,12210,22326
2019,55-59,9556,11500,21056
2019,60-64,8209,9695,17904
2019,65-69,6379,7554,13933
2019,70-74,3346,4237,7583
2019,75-79,2225,3115,5340
2019,80-84,1316,1932,3248
2019,85-89,861,1047,1908
2019,90-94,509,415,924
2019,95-99,101,117,218
2019,100+,11,13,24
2020,0-4,6742,6267,13009
2020,5-9,7596,7271,14867
2020,10-14,6755,6367,13122
2020,15-19,7520,7154,14674
2020,20-24,9739,9196,18935
2020,25-29,10244,9865,20109
2020,30-34,10194,10314,20508
2020,35-39,11503,12764,24267
2020,40-44,11638,13353,24991
2020,45-49,9674,11900,21574
2020,50-54,10107,12376,22483
2020,55-59,9703,11598,21301
2020,60-64,8297,9999,18296
2020,65-69,6853,8204,15057
2020,70-74,3780,4725,8505
2020,75-79,2191,3094,5285
2020,80-84,1433,2100,3533
2020,85-89,810,1079,1889
2020,90-94,520,476,996
2020,95-99,113,116,229
2020,100+,0,0,0
2021,0-4,6186,5768,11954
2021,5-9,7887,7523,15410
2021,10-14,6720,6386,13106
2021,15-19,7294,6825,14119
2021,20-24,9283,8759,18042
2021,25-29,10350,9942,20292
2021,30-34,10195,10236,20431
2021,35-39,10988,12032,23020
2021,40-44,11696,13376,25072
2021,45-49,9977,12203,22180
2021,50-54,10062,12315,22377
2021,55-59,9833,11770,21603
2021,60-64,8397,10262,18659
2021,65-69,7169,8561,15730
2021,70-74,4340,5454,9794
2021,75-79,2190,3131,5321
2021,80-84,1498,2233,3731
2021,85-89,798,1134,1932
2021,90-94,499,525,1024
2021,95-99,138,111,249
2021,100+,0,0,0
2022,0-4,5733,5444,11177
2022,5-9,7802,7298,15100
2022,10-14,7017,6620,13637
2022,15-19,7043,6580,13623
2022,20-24,8718,8294,17012
2022,25-29,10461,9972,20433
2022,30-34,10208,10172,20380
2022,35-39,10569,11339,21908
2022,40-44,11868,13486,25354
2022,45-49,10236,12407,22643
2022,50-54,9920,12257,22177
2022,55-59,9772,11894,21666
2022,60-64,8723,10637,19360
2022,65-69,7300,8805,16105
2022,70-74,4846,6080,10926
2022,75-79,2298,3240,5538
2022,80-84,1576,2379,3955
2022,85-89,785,1237,2022
2022,90-94,497,535,1032
2022,95-99,150,130,280
2022,100+,0,0,0
2023,0-4,5490,5200,10690
2023,5-9,7593,7091,14684
2023,10-14,7055,6695,13750
2023,15-19,7015,6555,13570
2023,20-24,8442,8006,16448
2023,25-29,10174,9680,19854
2023,30-34,10224,9973,20197
2023,35-39,10240,10938,21178
2023,40-44,11880,13385,25265
2023,45-49,10581,12600,23181
2023,50-54,9716,12188,21904
2023,55-59,9791,11985,21776
2023,60-64,8918,10960,19878
2023,65-69,7481,9070,16551
2023,70-74,5334,6685,12019
2023,75-79,2470,3466,5936
2023,80-84,1633,2518,4151
2023,85-89,799,1290,2089
2023,90-94,461,569,1030
2023,95-99,168,142,310
2023,100+,0,0,0
2024,0-4,5410,5032,10442
2024,5-9,7173,6738,13911
2024,10-14,7175,6811,13986
2024,15-19,6970,6528,13498
2024,20-24,7982,7697,15679
2024,25-29,9971,9360,19331
2024,30-34,10230,9933,20163
2024,35-39,10086,10581,20667
2024,40-44,11603,13057,24660
2024,45-49,11088,12922,24010
2024,50-54,9553,12031,21584
2024,55-59,9742,12037,21779
2024,60-64,9085,11263,20348
2024,65-69,7640,9382,17022
2024,70-74,5717,7142,12859
2024,75-79,2810,3840,6650
2024,80-84,1666,2602,4268
2024,85-89,843,1406,2249
2024,90-94,427,594,1021
2024,95-99,177,155,332
2024,100+,0,0,0
2025,0-4,5225,4860,10085
2025,5-9,6742,6267,13009
2025,10-14,7596,7271,14867
2025,15-19,6751,6367,13118
2025,20-24,7496,7154,14650
2025,25-29,9714,9186,18900
2025,30-34,10200,9840,20040
2025,35-39,10121,10288,20409
2025,40-44,11362,12707,24069
2025,45-49,11416,13266,24682
2025,50-54,9413,11782,21195
2025,55-59,9739,12203,21942
2025,60-64,9231,11364,20595
2025,65-69,7732,9684,17416
2025,70-74,6149,7765,13914
2025,75-79,3181,4288,7469
2025,80-84,1646,2590,4236
2025,85-89,921,1537,2458
2025,90-94,405,620,1025
2025,95-99,180,181,361
2025,100+,0,0,0
2026,0-4,5054,4702,9756
2026,5-9,6186,5768,11954
2026,10-14,7887,7523,15410
2026,15-19,6717,6386,13103
2026,20-24,7270,6825,14095
2026,25-29,9258,8754,18012
2026,30-34,10307,9917,20224
2026,35-39,10123,10210,20333
2026,40-44,10856,11980,22836
2026,45-49,11475,13290,24765
2026,50-54,9711,12083,21794
2026,55-59,9700,12145,21845
2026,60-64,9361,11539,20900
2026,65-69,7835,9946,17781
2026,70-74,6438,8112,14550
2026,75-79,3657,4960,8617
2026,80-84,1650,2627,4277
2026,85-89,968,1642,2610
2026,90-94,404,659,1063
2026,95-99,173,201,374
2026,100+,0,0,0
2027,0-4,4896,4556,9452
2027,5-9,5733,5444,11177
2027,10-14,7802,7298,15100
2027,15-19,7014,6620,13634
2027,20-24,7020,6580,13600
2027,25-29,8693,8291,16984
2027,30-34,10419,9947,20366
2027,35-39,10137,10146,20283
2027,40-44,10442,11292,21734
2027,45-49,11646,13400,25046
2027,50-54,9965,12288,22253
2027,55-59,9565,12089,21654
2027,60-64,9309,11664,20973
2027,65-69,8149,10315,18464
2027,70-74,6561,8352,14913
2027,75-79,4090,5536,9626
2027,80-84,1743,2732,4475
2027,85-89,1021,1759,2780
2027,90-94,402,724,1126
2027,95-99,172,207,379
2027,100+,0,0,0
2028,0-4,4748,4420,9168
2028,5-9,5490,5200,10690
2028,10-14,7593,7091,14684
2028,15-19,7053,6695,13748
2028,20-24,6993,6555,13548
2028,25-29,8417,8002,16419
2028,30-34,10134,9658,19792
2028,35-39,10155,9947,20102
2028,40-44,10119,10893,21012
2028,45-49,11656,13301,24957
2028,50-54,10303,12480,22783
2028,55-59,9371,12023,21394
2028,60-64,9334,11757,21091
2028,65-69,8340,10635,18975
2028,70-74,6733,8609,15342
2028,75-79,4505,6094,10599
2028,80-84,1883,2937,4820
2028,85-89,1060,1863,2923
2028,90-94,411,759,1170
2028,95-99,161,222,383
2028,100+,0,0,0
2029,0-4,4607,4291,8898
2029,5-9,5410,5032,10442
2029,10-14,7173,6738,13911
2029,15-19,7173,6811,13984
2029,20-24,6949,6528,13477
2029,25-29,7957,7694,15651
2029,30-34,9934,9339,19273
2029,35-39,10162,9907,20069
2029,40-44,9968,10536,20504
2029,45-49,11386,12976,24362
2029,50-54,10798,12800,23598
2029,55-59,9216,11869,21085
2029,60-64,9292,11812,21104
2029,65-69,8505,10935,19440
2029,70-74,6886,8909,15795
2029,75-79,4834,6520,11354
2029,80-84,2155,3269,5424
2029,85-89,1083,1931,3014
2029,90-94,435,836,1271
2029,95-99,148,234,382
2029,100+,0,0,0
2030,0-4,4469,4165,8634
2030,5-9,5225,4860,10085
2030,10-14,6742,6267,13009
2030,15-19,7592,7271,14863
2030,20-24,6731,6367,13098
2030,25-29,7471,7153,14624
2030,30-34,9678,9164,18842
2030,35-39,10132,9815,19947
2030,40-44,10003,10244,20247
2030,45-49,11149,12628,23777
2030,50-54,11117,13140,24257
2030,55-59,9082,11624,20706
2030,60-64,9290,11975,21265
2030,65-69,8642,11034,19676
2030,70-74,6972,9199,16171
2030,75-79,5196,7083,12279
2030,80-84,2437,3649,6086
2030,85-89,1069,1918,2987
2030,90-94,476,914,1390
2030,95-99,141,245,386
2030,100+,0,0,0
2031,0-4,4326,4033,8359
2031,5-9,5054,4702,9756
2031,10-14,6186,5768,11954
2031,15-19,7883,7523,15406
2031,20-24,6697,6386,13083
2031,25-29,7245,6824,14069
2031,30-34,9223,8732,17955
2031,35-39,10239,9892,20131
2031,40-44,10005,10167,20172
2031,45-49,10651,11906,22557
2031,50-54,11173,13165,24338
2031,55-59,9372,11923,21295
2031,60-64,9253,11916,21169
2031,65-69,8760,11203,19963
2031,70-74,7066,9449,16515
2031,75-79,5437,7398,12835
2031,80-84,2800,4220,7020
2031,85-89,1071,1944,3015
2031,90-94,499,974,1473
2031,95-99,143,262,405
2031,100+,0,0,0
2032,0-4,4179,3898,8077
2032,5-9,4896,4556,9452
2032,10-14,5733,5444,11177
2032,15-19,7798,7298,15096
2032,20-24,6993,6620,13613
2032,25-29,6995,6580,13575
2032,30-34,8660,8271,16931
2032,35-39,10351,9922,20273
2032,40-44,10019,10104,20123
2032,45-49,10246,11223,21469
2032,50-54,11339,13274,24613
2032,55-59,9616,12125,21741
2032,60-64,9123,11861,20984
2032,65-69,8711,11325,20036
2032,70-74,7349,9799,17148
2032,75-79,5536,7613,13149
2032,80-84,3128,4705,7833
2032,85-89,1137,2030,3167
2032,90-94,526,1045,1571
2032,95-99,145,288,433
2032,100+,0,0,0
2033,0-4,4042,3770,7812
2033,5-9,4748,4420,9168
2033,10-14,5490,5200,10690
2033,15-19,7588,7091,14679
2033,20-24,7031,6695,13726
2033,25-29,6968,6555,13523
2033,30-34,8384,7984,16368
2033,35-39,10068,9633,19701
2033,40-44,10036,9906,19942
2033,45-49,9929,10826,20755
2033,50-54,11348,13176,24524
2033,55-59,9944,12315,22259
2033,60-64,8937,11795,20732
2033,65-69,8733,11416,20149
2033,70-74,7522,10101,17623
2033,75-79,5679,7848,13527
2033,80-84,3439,5173,8612
2033,85-89,1233,2189,3422
2033,90-94,544,1102,1646
2033,95-99,148,299,447
2033,100+,0,0,0
2034,0-4,3908,3647,7555
2034,5-9,4607,4291,8898
2034,10-14,5410,5032,10442
2034,15-19,7168,6738,13906
2034,20-24,7151,6811,13962
2034,25-29,6924,6528,13452
2034,30-34,7926,7677,15603
2034,35-39,9868,9314,19182
2034,40-44,10043,9867,19910
2034,45-49,9782,10472,20254
2034,50-54,11083,12854,23937
2034,55-59,10422,12631,23053
2034,60-64,8790,11645,20435
2034,65-69,8696,11469,20165
2034,70-74,7669,10387,18056
2034,75-79,5811,8122,13933
2034,80-84,3689,5532,9221
2034,85-89,1416,2445,3861
2034,90-94,554,1141,1695
2034,95-99,156,329,485
2034,100+,0,0,0
2035,0-4,3776,3524,7300
2035,5-9,4469,4165,8634
2035,10-14,5225,4860,10085
2035,15-19,6739,6267,13006
2035,20-24,7569,7271,14840
2035,25-29,6707,6367,13074
2035,30-34,7443,7139,14582
2035,35-39,9616,9139,18755
2035,40-44,10017,9776,19793
2035,45-49,9820,10184,20004
2035,50-54,10858,12512,23370
2035,55-59,10736,12970,23706
2035,60-64,8673,11414,20087
2035,65-69,8710,11640,20350
2035,70-74,7810,10500,18310
2035,75-79,5908,8416,14324
2035,80-84,3981,6033,10014
2035,85-89,1613,2746,4359
2035,90-94,552,1143,1695
2035,95-99,173,371,544
2035,100+,0,0,0
2036,0-4,3650,3408,7058
2036,5-9,4326,4033,8359
2036,10-14,5054,4702,9756
2036,15-19,6186,5768,11954
2036,20-24,7859,7523,15382
2036,25-29,6674,6386,13060
2036,30-34,7219,6813,14032
2036,35-39,9165,8707,17872
2036,40-44,10125,9854,19979
2036,45-49,9823,10108,19931
2036,50-54,10375,11799,22174
2036,55-59,10799,12998,23797
2036,60-64,8963,11716,20679
2036,65-69,8692,11594,20286
2036,70-74,7935,10679,18614
2036,75-79,6009,8669,14678
2036,80-84,4185,6329,10514
2036,85-89,1862,3198,5060
2036,90-94,557,1173,1730
2036,95-99,184,402,586
2036,100+,0,0,0
2037,0-4,3536,3301,6837
2037,5-9,4179,3898,8077
2037,10-14,4896,4556,9452
2037,15-19,5733,5444,11177
2037,20-24,7777,7298,15075
2037,25-29,6971,6620,13591
2037,30-34,6970,6572,13542
2037,35-39,8607,8246,16853
2037,40-44,10240,9885,20125
2037,45-49,9838,10046,19884
2037,50-54,9984,11125,21109
2037,55-59,10963,13110,24073
2037,60-64,9209,11921,21130
2037,65-69,8580,11549,20129
2037,70-74,7908,10814,18722
2037,75-79,6269,9010,15279
2037,80-84,4276,6535,10811
2037,85-89,2092,3584,5676
2037,90-94,601,1245,1846
2037,95-99,197,441,638
2037,100+,0,0,0
2038,0-4,3435,3208,6643
2038,5-9,4042,3770,7812
2038,10-14,4748,4420,9168
2038,15-19,5490,5200,10690
2038,20-24,7571,7091,14662
2038,25-29,7009,6695,13704
2038,30-34,6943,6550,13493
2038,35-39,8335,7959,16294
2038,40-44,9960,9597,19557
2038,45-49,9857,9850,19707
2038,50-54,9678,10733,20411
2038,55-59,10977,13017,23994
2038,60-64,9532,12112,21644
2038,65-69,8416,11493,19909
2038,70-74,7945,10916,18861
2038,75-79,6434,9309,15743
2038,80-84,4404,6759,11163
2038,85-89,2307,3959,6266
2038,90-94,661,1363,2024
2038,95-99,204,469,673
2038,100+,0,0,0
2039,0-4,3349,3127,6476
2039,5-9,3908,3647,7555
2039,10-14,4607,4291,8898
2039,15-19,5410,5032,10442
2039,20-24,7155,6738,13893
2039,25-29,7129,6811,13940
2039,30-34,6899,6524,13423
2039,35-39,7880,7653,15533
2039,40-44,9765,9280,19045
2039,45-49,9866,9811,19677
2039,50-54,9537,10384,19921
2039,55-59,10726,12703,23429
2039,60-64,9998,12427,22425
2039,65-69,8289,11356,19645
2039,70-74,7926,10980,18906
2039,75-79,6578,9591,16169
2039,80-84,4525,7017,11542
2039,85-89,2490,4251,6741
2039,90-94,769,1546,2315
2039,95-99,209,492,701
2039,100+,0,0,0
2040,0-4,3277,3060,6337
2040,5-9,3776,3524,7300
2040,10-14,4469,4165,8634
2040,15-19,5225,4860,10085
2040,20-24,6730,6267,12997
2040,25-29,7544,7271,14815
2040,30-34,6684,6362,13046
2040,35-39,7400,7116,14516
2040,40-44,9515,9107,18622
2040,45-49,9841,9720,19561
2040,50-54,9576,10099,19675
2040,55-59,10506,12366,22872
2040,60-64,10296,12761,23057
2040,65-69,8181,11131,19312
2040,70-74,7939,11144,19083
2040,75-79,6697,9695,16392
2040,80-84,4602,7275,11877
2040,85-89,2685,4630,7315
2040,90-94,873,1732,2605
2040,95-99,207,489,696
2040,100+,0,0,0
2041,0-4,3222,3010,6232
2041,5-9,3650,3408,7058
2041,10-14,4326,4033,8359
2041,15-19,5054,4702,9756
2041,20-24,6181,5768,11949
2041,25-29,7834,7523,15357
2041,30-34,6650,6380,13030
2041,35-39,7178,6791,13969
2041,40-44,9069,8677,17746
2041,45-49,9947,9798,19745
2041,50-54,9577,10023,19600
2041,55-59,10040,11660,21700
2041,60-64,10358,12789,23147
2041,65-69,8458,11428,19886
2041,70-74,7923,11096,19019
2041,75-79,6801,9860,16661
2041,80-84,4682,7496,12178
2041,85-89,2819,4856,7675
2041,90-94,1005,2020,3025
2041,95-99,211,501,712
2041,100+,0,0,0
2042,0-4,3179,2971,6150
2042,5-9,3536,3301,6837
2042,10-14,4179,3898,8077
2042,15-19,4896,4556,9452
2042,20-24,5733,5444,11177
2042,25-29,7752,7298,15050
2042,30-34,6946,6615,13561
2042,35-39,6930,6549,13479
2042,40-44,8517,8217,16734
2042,45-49,10060,9829,19889
2042,50-54,9591,9960,19551
2042,55-59,9662,10994,20656
2042,60-64,10514,12900,23414
2042,65-69,8691,11628,20319
2042,70-74,7818,11051,18869
2042,75-79,6777,9982,16759
2042,80-84,4884,7787,12671
2042,85-89,2876,5008,7884
2042,90-94,1128,2260,3388
2042,95-99,229,538,767
2042,100+,0,0,0
2043,0-4,3140,2935,6075
2043,5-9,3435,3208,6643
2043,10-14,4042,3770,7812
2043,15-19,4748,4420,9168
2043,20-24,5490,5200,10690
2043,25-29,7551,7091,14642
2043,30-34,6984,6690,13674
2043,35-39,6903,6526,13429
2043,40-44,8247,7930,16177
2043,45-49,9784,9543,19327
2043,50-54,9611,9766,19377
2043,55-59,9366,10608,19974
2043,60-64,10527,12808,23335
2043,65-69,8997,11816,20813
2043,70-74,7667,10997,18664
2043,75-79,6809,10076,16885
2043,80-84,5013,8041,13054
2043,85-89,2960,5178,8138
2043,90-94,1242,2487,3729
2043,95-99,253,594,847
2043,100+,0,0,0
2044,0-4,3104,2903,6007
2044,5-9,3349,3127,6476
2044,10-14,3908,3647,7555
2044,15-19,4607,4291,8898
2044,20-24,5410,5032,10442
2044,25-29,7139,6738,13877
2044,30-34,7104,6806,13910
2044,35-39,6860,6500,13360
2044,40-44,7796,7624,15420
2044,45-49,9592,9227,18819
2044,50-54,9620,9728,19348
2044,55-59,9230,10263,19493
2044,60-64,10287,12498,22785
2044,65-69,9438,12124,21562
2044,70-74,7551,10867,18418
2044,75-79,6795,10136,16931
2044,80-84,5126,8283,13409
2044,85-89,3043,5375,8418
2044,90-94,1340,2666,4006
2044,95-99,297,679,976
2044,100+,0,0,0
2045,0-4,3081,2882,5963
2045,5-9,3277,3060,6337
2045,10-14,3776,3524,7300
2045,15-19,4469,4165,8634
2045,20-24,5225,4860,10085
2045,25-29,6719,6267,12986
2045,30-34,7519,7264,14783
2045,35-39,6646,6340,12986
2045,40-44,7322,7089,14411
2045,45-49,9348,9054,18402
2045,50-54,9598,9639,19237
2045,55-59,9273,9985,19258
2045,60-64,10084,12172,22256
2045,65-69,9726,12456,22182
2045,70-74,7468,10667,18135
2045,75-79,6825,10307,17132
2045,80-84,5235,8398,13633
2045,85-89,3113,5609,8722
2045,90-94,1451,2925,4376
2045,95-99,341,770,1111
2045,100+,0,0,0
2046,0-4,3060,2861,5921
2046,5-9,3222,3010,6232
2046,10-14,3650,3408,7058
2046,15-19,4326,4033,8359
2046,20-24,5054,4702,9756
2046,25-29,6175,5768,11943
2046,30-34,7809,7516,15325
2046,35-39,6614,6358,12972
2046,40-44,7104,6766,13870
2046,45-49,8911,8626,17537
2046,50-54,9704,9718,19422
2046,55-59,9278,9910,19188
2046,60-64,9644,11481,21125
2046,65-69,9795,12493,22288
2046,70-74,7744,10966,18710
2046,75-79,6824,10280,17104
2046,80-84,5330,8562,13892
2046,85-89,3185,5810,8995
2046,90-94,1529,3093,4622
2046,95-99,395,912,1307
2046,100+,0,0,0
2047,0-4,3030,2832,5862
2047,5-9,3179,2971,6150
2047,10-14,3536,3301,6837
2047,15-19,4179,3898,8077
2047,20-24,4896,4556,9452
2047,25-29,5731,5444,11175
2047,30-34,7727,7292,15019
2047,35-39,6910,6591,13501
2047,40-44,6860,6524,13384
2047,45-49,8370,8172,16542
2047,50-54,9816,9751,19567
2047,55-59,9296,9849,19145
2047,60-64,9286,10829,20115
2047,65-69,9952,12609,22561
2047,70-74,7968,11172,19140
2047,75-79,6744,10252,16996
2047,80-84,5327,8688,14015
2047,85-89,3337,6058,9395
2047,90-94,1566,3207,4773
2047,95-99,446,1030,1476
2047,100+,0,0,0
2048,0-4,2991,2796,5787
2048,5-9,3140,2935,6075
2048,10-14,3435,3208,6643
2048,15-19,4042,3770,7812
2048,20-24,4748,4420,9168
2048,25-29,5490,5200,10690
2048,30-34,7528,7085,14613
2048,35-39,6949,6666,13615
2048,40-44,6835,6501,13336
2048,45-49,8106,7888,15994
2048,50-54,9548,9467,19015
2048,55-59,9317,9660,18977
2048,60-64,9007,10452,19459
2048,65-69,9973,12523,22496
2048,70-74,8259,11362,19621
2048,75-79,6624,10217,16841
2048,80-84,5369,8788,14157
2048,85-89,3439,6275,9714
2048,90-94,1620,3337,4957
2048,95-99,491,1141,1632
2048,100+,0,0,0
2049,0-4,2943,2751,5694
2049,5-9,3104,2903,6007
2049,10-14,3349,3127,6476
2049,15-19,3908,3647,7555
2049,20-24,4607,4291,8898
2049,25-29,5410,5032,10442
2049,30-34,7120,6733,13853
2049,35-39,7070,6782,13852
2049,40-44,6792,6475,13267
2049,45-49,7664,7584,15248
2049,50-54,9362,9154,18516
2049,55-59,9329,9623,18952
2049,60-64,8881,10114,18995
2049,65-69,9755,12223,21978
2049,70-74,8672,11667,20339
2049,75-79,6536,10108,16644
2049,80-84,5373,8860,14233
2049,85-89,3531,6484,10015
2049,90-94,1676,3485,5161
2049,95-99,532,1232,1764
2049,100+,0,0,0
2050,0-4,2879,2692,5571
2050,5-9,3081,2882,5963
2050,10-14,3277,3060,6337
2050,15-19,3776,3524,7300
2050,20-24,4469,4165,8634
2050,25-29,5225,4860,10085
2050,30-34,6702,6263,12965
2050,35-39,7482,7240,14722
2050,40-44,6581,6315,12896
2050,45-49,7198,7052,14250
2050,50-54,9125,8982,18107
2050,55-59,9307,9535,18842
2050,60-64,8923,9839,18762
2050,65-69,9560,11902,21462
2050,70-74,8932,11982,20914
2050,75-79,6468,9924,16392
2050,80-84,5397,9009,14406
2050,85-89,3601,6572,10173
2050,90-94,1715,3646,5361
2050,95-99,575,1348,1923
2050,100+,0,0,0
2051,0-4,2800,2619,5419
2051,5-9,3060,2861,5921
2051,10-14,3222,3010,6232
2051,15-19,3650,3408,7058
2051,20-24,4326,4033,8359
2051,25-29,5054,4702,9756
2051,30-34,6159,5766,11925
2051,35-39,7770,7492,15262
2051,40-44,6548,6333,12881
2051,45-49,6983,6731,13714
2051,50-54,8697,8558,17255
2051,55-59,9410,9614,19024
2051,60-64,8927,9765,18692
2051,65-69,9142,11226,20368
2051,70-74,9000,12018,21018
2051,75-79,6718,10206,16924
2051,80-84,5396,8982,14378
2051,85-89,3662,6695,10357
2051,90-94,1756,3778,5534
2051,95-99,604,1424,2028
2051,100+,0,0,0
2052,0-4,2715,2539,5254
2052,5-9,3030,2832,5862
2052,10-14,3179,2971,6150
2052,15-19,3536,3301,6837
2052,20-24,4179,3898,8077
2052,25-29,4896,4556,9452
2052,30-34,5716,5443,11159
2052,35-39,7690,7269,14959
2052,40-44,6842,6566,13408
2052,45-49,6743,6491,13234
2052,50-54,8169,8108,16277
2052,55-59,9519,9646,19165
2052,60-64,8944,9707,18651
2052,65-69,8802,10587,19389
2052,70-74,9142,12129,21271
2052,75-79,6912,10399,17311
2052,80-84,5326,8955,14281
2052,85-89,3658,6793,10451
2052,90-94,1840,3932,5772
2052,95-99,614,1471,2085
2052,100+,0,0,0
2053,0-4,2627,2456,5083
2053,5-9,2991,2796,5787
2053,10-14,3140,2935,6075
2053,15-19,3435,3208,6643
2053,20-24,4042,3770,7812
2053,25-29,4748,4420,9168
2053,30-34,5475,5200,10675
2053,35-39,7490,7064,14554
2053,40-44,6882,6641,13523
2053,45-49,6719,6468,13187
2053,50-54,7910,7825,15735
2053,55-59,9257,9366,18623
2053,60-64,8965,9521,18486
2053,65-69,8537,10219,18756
2053,70-74,9160,12043,21203
2053,75-79,7161,10578,17739
2053,80-84,5230,8924,14154
2053,85-89,3689,6870,10559
2053,90-94,1894,4071,5965
2053,95-99,636,1529,2165
2053,100+,0,0,0
2054,0-4,2539,2374,4913
2054,5-9,2943,2751,5694
2054,10-14,3104,2903,6007
2054,15-19,3349,3127,6476
2054,20-24,3908,3647,7555
2054,25-29,4607,4291,8898
2054,30-34,5396,5032,10428
2054,35-39,7083,6714,13797
2054,40-44,7001,6757,13758
2054,45-49,6677,6442,13119
2054,50-54,7477,7523,15000
2054,55-59,9078,9056,18134
2054,60-64,8976,9484,18460
2054,65-69,8420,9891,18311
2054,70-74,8958,11752,20710
2054,75-79,7520,10859,18379
2054,80-84,5162,8829,13991
2054,85-89,3692,6930,10622
2054,90-94,1945,4203,6148
2054,95-99,659,1596,2255
2054,100+,0,0,0
2055,0-4,2448,2289,4737
2055,5-9,2879,2692,5571
2055,10-14,3081,2882,5963
2055,15-19,3277,3060,6337
2055,20-24,3776,3524,7300
2055,25-29,4469,4165,8634
2055,30-34,5213,4860,10073
2055,35-39,6668,6247,12915
2055,40-44,7410,7215,14625
2055,45-49,6468,6282,12750
2055,50-54,7025,6996,14021
2055,55-59,8852,8890,17742
2055,60-64,8964,9402,18366
2055,65-69,8471,9632,18103
2055,70-74,8787,11453,20240
2055,75-79,7755,11166,18921
2055,80-84,5127,8693,13820
2055,85-89,3725,7077,10802
2055,90-94,1992,4289,6281
2055,95-99,681,1697,2378
2055,100+,0,0,0
2056,0-4,2358,2204,4562
2056,5-9,2800,2619,5419
2056,10-14,3060,2861,5921
2056,15-19,3222,3010,6232
2056,20-24,3650,3408,7058
2056,25-29,4326,4033,8359
2056,30-34,5044,4702,9746
2056,35-39,6129,5753,11882
2056,40-44,7697,7467,15164
2056,45-49,6438,6300,12738
2056,50-54,6818,6678,13496
2056,55-59,8440,8470,16910
2056,60-64,9071,9482,18553
2056,65-69,8482,9564,18046
2056,70-74,8412,10811,19223
2056,75-79,7836,11219,19055
2056,80-84,5352,8971,14323
2056,85-89,3738,7077,10815
2056,90-94,2032,4396,6428
2056,95-99,702,1779,2481
2056,100+,0,0,0
2057,0-4,2271,2123,4394
2057,5-9,2715,2539,5254
2057,10-14,3030,2832,5862
2057,15-19,3179,2971,6150
2057,20-24,3536,3301,6837
2057,25-29,4179,3898,8077
2057,30-34,4888,4556,9444
2057,35-39,5689,5433,11122
2057,40-44,7618,7244,14862
2057,45-49,6729,6534,13263
2057,50-54,6584,6441,13025
2057,55-59,7931,8024,15955
2057,60-64,9181,9517,18698
2057,65-69,8507,9510,18017
2057,70-74,8110,10206,18316
2057,75-79,7970,11336,19306
2057,80-84,5524,9164,14688
2057,85-89,3697,7077,10774
2057,90-94,2040,4483,6523
2057,95-99,741,1866,2607
2057,100+,0,0,0
2058,0-4,2187,2044,4231
2058,5-9,2627,2456,5083
2058,10-14,2991,2796,5787
2058,15-19,3140,2935,6075
2058,20-24,3435,3208,6643
2058,25-29,4042,3770,7812
2058,30-34,4742,4420,9162
2058,35-39,5448,5192,10640
2058,40-44,7421,7039,14460
2058,45-49,6769,6610,13379
2058,50-54,6563,6418,12981
2058,55-59,7682,7746,15428
2058,60-64,8932,9241,18173
2058,65-69,8535,9332,17867
2058,70-74,7877,9862,17739
2058,75-79,7995,11266,19261
2058,80-84,5737,9342,15079
2058,85-89,3643,7073,10716
2058,90-94,2066,4558,6624
2058,95-99,767,1945,2712
2058,100+,0,0,0
2059,0-4,2106,1967,4073
2059,5-9,2539,2374,4913
2059,10-14,2943,2751,5694
2059,15-19,3104,2903,6007
2059,20-24,3349,3127,6476
2059,25-29,3908,3647,7555
2059,30-34,4601,4291,8892
2059,35-39,5369,5027,10396
2059,40-44,7016,6689,13705
2059,45-49,6889,6725,13614
2059,50-54,6523,6393,12916
2059,55-59,7263,7450,14713
2059,60-64,8764,8938,17702
2059,65-69,8552,9299,17851
2059,70-74,7782,9554,17336
2059,75-79,7829,11002,18831
2059,80-84,6036,9604,15640
2059,85-89,3608,7017,10625
2059,90-94,2076,4621,6697
2059,95-99,791,2022,2813
2059,100+,0,0,0
2060,0-4,2031,1897,3928
2060,5-9,2448,2289,4737
2060,10-14,2879,2692,5571
2060,15-19,3081,2882,5963
2060,20-24,3277,3060,6337
2060,25-29,3776,3524,7300
2060,30-34,4463,4165,8628
2060,35-39,5187,4856,10043
2060,40-44,6605,6223,12828
2060,45-49,7289,7179,14468
2060,50-54,6319,6235,12554
2060,55-59,6825,6929,13754
2060,60-64,8545,8773,17318
2060,65-69,8543,9216,17759
2060,70-74,7832,9304,17136
2060,75-79,7674,10721,18395
2060,80-84,6217,9868,16085
2060,85-89,3585,6913,10498
2060,90-94,2094,4719,6813
2060,95-99,809,2062,2871
2060,100+,0,0,0
2061,0-4,1963,1833,3796
2061,5-9,2358,2204,4562
2061,10-14,2800,2619,5419
2061,15-19,3060,2861,5921
2061,20-24,3222,3010,6232
2061,25-29,3650,3408,7058
2061,30-34,4321,4033,8354
2061,35-39,5019,4699,9718
2061,40-44,6072,5729,11801
2061,45-49,7571,7430,15001
2061,50-54,6290,6253,12543
2061,55-59,6623,6614,13237
2061,60-64,8147,8359,16506
2061,65-69,8642,9296,17938
2061,70-74,7841,9236,17077
2061,75-79,7343,10117,17460
2061,80-84,6287,9920,16207
2061,85-89,3758,7143,10901
2061,90-94,2100,4714,6814
2061,95-99,822,2110,2932
2061,100+,0,0,0
2062,0-4,1900,1775,3675
2062,5-9,2271,2123,4394
2062,10-14,2715,2539,5254
2062,15-19,3030,2832,5862
2062,20-24,3179,2971,6150
2062,25-29,3536,3301,6837
2062,30-34,4175,3898,8073
2062,35-39,4863,4554,9417
2062,40-44,5636,5410,11046
2062,45-49,7494,7208,14702
2062,50-54,6574,6485,13059
2062,55-59,6396,6378,12774
2062,60-64,7657,7921,15578
2062,65-69,8748,9330,18078
2062,70-74,7862,9183,17045
2062,75-79,7082,9552,16634
2062,80-84,6388,10023,16411
2062,85-89,3879,7301,11180
2062,90-94,2072,4709,6781
2062,95-99,823,2149,2972
2062,100+,0,0,0
2063,0-4,1841,1720,3561
2063,5-9,2187,2044,4231
2063,10-14,2627,2456,5083
2063,15-19,2991,2796,5787
2063,20-24,3140,2935,6075
2063,25-29,3435,3208,6643
2063,30-34,4039,3770,7809
2063,35-39,4717,4419,9136
2063,40-44,5398,5170,10568
2063,45-49,7300,7004,14304
2063,50-54,6613,6560,13173
2063,55-59,6375,6355,12730
2063,60-64,7416,7646,15062
2063,65-69,8509,9060,17569
2063,70-74,7888,9011,16899
2063,75-79,6883,9234,16117
2063,80-84,6404,9954,16358
2063,85-89,4027,7443,11470
2063,90-94,2041,4705,6746
2063,95-99,834,2185,3019
2063,100+,0,0,0
2064,0-4,1785,1668,3453
2064,5-9,2106,1967,4073
2064,10-14,2539,2374,4913
2064,15-19,2943,2751,5694
2064,20-24,3104,2903,6007
2064,25-29,3349,3127,6476
2064,30-34,3905,3647,7552
2064,35-39,4577,4290,8867
2064,40-44,5320,5006,10326
2064,45-49,6902,6655,13557
2064,50-54,6730,6674,13404
2064,55-59,6337,6330,12667
2064,60-64,7011,7353,14364
2064,65-69,8349,8762,17111
2064,70-74,7905,8981,16886
2064,75-79,6804,8947,15751
2064,80-84,6271,9716,15987
2064,85-89,4236,7649,11885
2064,90-94,2021,4667,6688
2064,95-99,839,2217,3056
2064,100+,0,0,0
2065,0-4,1733,1619,3352
2065,5-9,2031,1897,3928
2065,10-14,2448,2289,4737
2065,15-19,2879,2692,5571
2065,20-24,3081,2882,5963
2065,25-29,3277,3060,6337
2065,30-34,3774,3524,7298
2065,35-39,4441,4165,8606
2065,40-44,5139,4836,9975
2065,45-49,6498,6192,12690
2065,50-54,7121,7127,14248
2065,55-59,6140,6172,12312
2065,60-64,6592,6839,13431
2065,65-69,8146,8605,16751
2065,70-74,7907,8907,16814
2065,75-79,6862,8726,15588
2065,80-84,6153,9483,15636
2065,85-89,4368,7873,12241
2065,90-94,2020,4626,6646
2065,95-99,852,2286,3138
2065,100+,0,0,0
