cunli,adult2019,chilren2019,adult2020,chilren2020,adult2021,chilren2021,adult_diff,children_diff
彰化縣彰化市文化里,945,209,949,199,902,170,-43,-39
彰化縣彰化市下廍里,4170,1147,4126,1154,4079,1118,-91,-29
彰化縣彰化市興北里,1286,297,1257,283,1231,286,-55,-11
彰化縣彰化市信義里,565,138,540,141,518,147,-47,9
彰化縣彰化市民生里,1013,275,990,267,955,250,-58,-25
彰化縣彰化市陽明里,1297,256,1274,235,1220,232,-77,-24
彰化縣彰化市萬安里,3083,709,2986,718,2885,631,-198,-78
彰化縣彰化市新興里,4293,1008,4329,996,4277,974,-16,-34
彰化縣彰化市新華里,1302,308,1307,314,1303,307,1,-1
彰化縣彰化市龍山里,1399,291,1378,290,1361,297,-38,6
彰化縣彰化市中山里,566,147,541,138,516,135,-50,-12
彰化縣彰化市中正里,1072,237,1050,238,994,229,-78,-8
彰化縣彰化市永福里,628,94,607,87,597,88,-31,-6
彰化縣彰化市光復里,477,92,442,86,428,75,-49,-17
彰化縣彰化市光華里,470,85,452,93,440,88,-30,3
彰化縣彰化市萬壽里,613,81,603,92,585,96,-28,15
彰化縣彰化市中央里,483,52,466,42,438,43,-45,-9
彰化縣彰化市富貴里,573,56,559,49,564,61,-9,5
彰化縣彰化市民權里,777,98,743,92,712,77,-65,-21
彰化縣彰化市西興里,2784,437,2753,439,2666,407,-118,-30
彰化縣彰化市西勢里,3077,643,3019,613,2938,609,-139,-34
彰化縣彰化市忠孝里,901,160,889,165,866,150,-35,-10
彰化縣彰化市忠權里,2616,469,2537,465,2515,474,-101,5
彰化縣彰化市五權里,3504,684,3414,659,3385,651,-119,-33
彰化縣彰化市長樂里,618,112,597,111,566,108,-52,-4
彰化縣彰化市東芳里,2865,524,2829,487,2766,477,-99,-47
彰化縣彰化市南安里,1763,329,1706,292,1693,288,-70,-41
彰化縣彰化市南美里,1514,234,1553,258,1538,258,24,24
彰化縣彰化市莿桐里,2591,356,2538,338,2503,330,-88,-26
彰化縣彰化市磚󿾨里,2721,456,2695,427,2618,418,-103,-38
彰化縣彰化市平和里,3391,486,3322,427,3273,443,-118,-43
彰化縣彰化市桃源里,1780,270,1742,268,1687,244,-93,-26
彰化縣彰化市卦山里,1859,310,1822,318,1766,342,-93,32
彰化縣彰化市東興里,1098,185,1071,170,1023,155,-75,-30
彰化縣彰化市大同里,689,78,659,84,615,75,-74,-3
彰化縣彰化市永生里,849,108,832,103,786,109,-63,1
彰化縣彰化市華陽里,1327,209,1280,199,1245,182,-82,-27
彰化縣彰化市華北里,1044,208,1018,214,988,205,-56,-3
彰化縣彰化市南瑶里,5994,995,5911,977,5804,1021,-190,26
彰化縣彰化市成功里,1132,160,1105,166,1087,169,-45,9
彰化縣彰化市延和里,4097,886,4037,903,4015,909,-82,23
彰化縣彰化市南興里,6319,1175,6377,1289,6319,1313,0,138
彰化縣彰化市西安里,2243,281,2176,262,2107,235,-136,-46
彰化縣彰化市彰安里,2155,335,2135,336,2062,317,-93,-18
彰化縣彰化市光南里,1050,231,1053,232,1041,232,-9,1
彰化縣彰化市介壽里,1905,337,1875,319,1847,319,-58,-18
彰化縣彰化市延平里,7276,1910,7309,2010,7314,2068,38,158
彰化縣彰化市建寶里,1607,371,1593,328,1551,315,-56,-56
彰化縣彰化市福安里,696,119,682,122,662,113,-34,-6
彰化縣彰化市大竹里,2648,476,2613,471,2544,455,-104,-21
彰化縣彰化市竹中里,1291,198,1288,208,1265,206,-26,8
彰化縣彰化市安溪里,1572,283,1561,265,1563,267,-9,-16
彰化縣彰化市香山里,2700,456,2713,463,2654,444,-46,-12
彰化縣彰化市牛埔里,2291,320,2320,326,2268,323,-23,3
彰化縣彰化市福山里,5381,818,5276,775,5142,747,-239,-71
彰化縣彰化市中庄里,1899,265,1848,244,1808,242,-91,-23
彰化縣彰化市三村里,978,138,966,134,946,123,-32,-15
彰化縣彰化市國聖里,1957,289,1902,281,1845,250,-112,-39
彰化縣彰化市寶廍里,1038,166,1030,163,1035,174,-3,8
彰化縣彰化市茄苳里,746,130,752,128,743,125,-3,-5
彰化縣彰化市茄南里,2459,576,2445,599,2430,585,-29,9
彰化縣彰化市阿夷里,7286,1474,7278,1470,7202,1480,-84,6
彰化縣彰化市古夷里,1938,297,1919,315,1876,294,-62,-3
彰化縣彰化市復興里,3289,754,3167,740,3094,727,-195,-27
彰化縣彰化市和調里,2066,562,2025,546,1997,555,-69,-7
彰化縣彰化市石牌里,864,103,835,90,817,89,-47,-14
彰化縣彰化市福田里,1003,88,982,80,950,82,-53,-6
彰化縣彰化市竹巷里,611,98,600,91,594,90,-17,-8
彰化縣彰化市田中里,705,118,687,114,668,111,-37,-7
彰化縣彰化市快官里,885,107,847,94,855,85,-30,-22
彰化縣彰化市台鳳里,3626,524,3543,536,3439,516,-187,-8
彰化縣彰化市崙平里,4386,575,4321,572,4178,573,-208,-2
彰化縣彰化市向陽里,4625,1083,4575,1163,4540,1164,-85,81
彰化縣員林市東和里,797,127,791,125,761,113,-36,-14
彰化縣員林市民生里,2076,337,2040,340,1974,338,-102,1
彰化縣員林市中正里,2519,582,2472,563,2376,527,-143,-55
彰化縣員林市仁美里,1934,385,1918,394,1850,355,-84,-30
彰化縣員林市新興里,535,93,531,89,503,86,-32,-7
彰化縣員林市和平里,2138,457,2065,455,2018,443,-120,-14
彰化縣員林市光明里,558,104,554,97,526,88,-32,-16
彰化縣員林市中山里,405,77,398,79,384,82,-21,5
彰化縣員林市黎明里,1382,221,1341,213,1309,205,-73,-16
彰化縣員林市惠來里,4456,722,4420,734,4280,729,-176,7
彰化縣員林市三義里,2050,494,2030,484,1958,455,-92,-39
彰化縣員林市新生里,3279,745,3218,739,3160,689,-119,-56
彰化縣員林市南平里,4325,1089,4481,1127,4495,1118,170,29
彰化縣員林市南興里,3636,886,3630,911,3615,932,-21,46
彰化縣員林市源潭里,1388,340,1362,343,1318,304,-70,-36
彰化縣員林市大埔里,1818,415,1796,417,1702,383,-116,-32
彰化縣員林市三條里,2166,501,2204,520,2167,494,1,-7
彰化縣員林市三和里,5072,1131,4991,1120,4901,1102,-171,-29
彰化縣員林市三橋里,2323,487,2284,521,2263,508,-60,21
彰化縣員林市中央里,1566,211,1537,213,1536,193,-30,-18
彰化縣員林市溝皂里,1877,332,1907,343,1912,353,35,21
彰化縣員林市大饒里,2624,372,2631,380,2618,390,-6,18
彰化縣員林市大明里,1967,285,1949,272,1871,265,-96,-20
彰化縣員林市萬年里,2932,523,2890,487,2874,502,-58,-21
彰化縣員林市崙雅里,1909,256,1853,248,1793,231,-116,-25
彰化縣員林市振興里,2146,318,2146,296,2157,279,11,-39
彰化縣員林市林厝里,2287,334,2256,324,2251,315,-36,-19
彰化縣員林市出水里,1261,153,1212,137,1189,130,-72,-23
彰化縣員林市湖水里,861,121,865,115,849,111,-12,-10
彰化縣員林市大峯里,555,75,522,77,515,68,-40,-7
彰化縣員林市鎮興里,1608,240,1594,236,1537,231,-71,-9
彰化縣員林市浮圳里,1805,322,1776,314,1731,307,-74,-15
彰化縣員林市西東里,1590,347,1570,338,1510,322,-80,-25
彰化縣員林市南東里,1445,179,1396,205,1359,194,-86,15
彰化縣員林市中東里,1451,186,1437,196,1398,192,-53,6
彰化縣員林市東北里,1883,278,1825,276,1787,256,-96,-22
彰化縣員林市三愛里,2275,469,2321,475,2347,506,72,37
彰化縣員林市三信里,1845,455,1840,458,1762,441,-83,-14
彰化縣員林市三多里,1950,490,1982,489,1911,499,-39,9
彰化縣員林市仁愛里,1095,310,1066,322,1041,320,-54,10
彰化縣員林市忠孝里,1836,416,1807,412,1740,409,-96,-7
彰化縣鹿港鎮大有里,847,165,832,178,816,170,-31,5
彰化縣鹿港鎮中興里,364,61,349,58,336,53,-28,-8
彰化縣鹿港鎮洛津里,592,81,599,92,595,99,3,18
彰化縣鹿港鎮順興里,692,88,675,85,649,80,-43,-8
彰化縣鹿港鎮頂厝里,6567,1705,6586,1741,6624,1789,57,84
彰化縣鹿港鎮東崎里,4437,835,4427,795,4372,768,-65,-67
彰化縣鹿港鎮埔崙里,4285,916,4271,917,4259,904,-26,-12
彰化縣鹿港鎮東石里,3568,765,3529,741,3474,733,-94,-32
彰化縣鹿港鎮郭厝里,395,61,386,64,372,64,-23,3
彰化縣鹿港鎮新宮里,612,83,582,76,540,74,-72,-9
彰化縣鹿港鎮玉順里,845,145,832,127,811,129,-34,-16
彰化縣鹿港鎮景福里,845,121,800,125,785,115,-60,-6
彰化縣鹿港鎮泰興里,862,260,850,251,840,248,-22,-12
彰化縣鹿港鎮長興里,205,51,200,50,189,46,-16,-5
彰化縣鹿港鎮龍山里,457,160,440,152,421,140,-36,-20
彰化縣鹿港鎮興化里,439,127,423,128,413,125,-26,-2
彰化縣鹿港鎮菜園里,686,194,674,211,654,201,-32,7
彰化縣鹿港鎮街尾里,1759,452,1756,452,1716,443,-43,-9
彰化縣鹿港鎮頂番里,3257,641,3202,631,3179,635,-78,-6
彰化縣鹿港鎮頭崙里,2157,421,2138,389,2101,384,-56,-37
彰化縣鹿港鎮廖厝里,3423,527,3422,513,3389,500,-34,-27
彰化縣鹿港鎮溝墘里,3473,674,3415,654,3343,632,-130,-42
彰化縣鹿港鎮草中里,2491,422,2439,416,2421,432,-70,10
彰化縣鹿港鎮頭南里,1792,244,1789,257,1769,252,-23,8
彰化縣鹿港鎮山崙里,2398,377,2375,368,2341,350,-57,-27
彰化縣鹿港鎮海埔里,2944,481,2899,482,2835,456,-109,-25
彰化縣鹿港鎮詔安里,1611,251,1664,255,1653,264,42,13
彰化縣鹿港鎮洋厝里,1904,268,1903,250,1880,230,-24,-38
彰化縣鹿港鎮永安里,3624,646,3579,665,3498,613,-126,-33
彰化縣和美鎮竹營里,5238,1019,5213,1019,5197,996,-41,-23
彰化縣和美鎮和東里,3559,680,3541,692,3472,738,-87,58
彰化縣和美鎮和南里,305,50,286,52,288,45,-17,-5
彰化縣和美鎮和北里,1479,315,1445,286,1415,266,-64,-49
彰化縣和美鎮和西里,2579,498,2513,470,2427,451,-152,-47
彰化縣和美鎮四張里,2319,391,2255,384,2245,382,-74,-9
彰化縣和美鎮頭前里,1449,238,1422,236,1399,221,-50,-17
彰化縣和美鎮還社里,690,85,673,88,665,84,-25,-1
彰化縣和美鎮面前里,1796,340,1779,336,1737,325,-59,-15
彰化縣和美鎮鎮平里,2338,322,2321,293,2320,286,-18,-36
彰化縣和美鎮大霞里,1235,162,1198,142,1172,143,-63,-19
彰化縣和美鎮源埤里,1483,181,1497,184,1475,183,-8,2
彰化縣和美鎮南佃里,1882,229,1871,244,1830,233,-52,4
彰化縣和美鎮雅溝里,1074,187,1047,183,1017,177,-57,-10
彰化縣和美鎮山犁里,4508,1121,4490,1098,4498,1061,-10,-60
彰化縣和美鎮嘉犁里,1542,261,1518,254,1506,220,-36,-41
彰化縣和美鎮鐵山里,2063,283,2060,280,2026,279,-37,-4
彰化縣和美鎮詔安里,1600,147,1630,160,1609,152,9,5
彰化縣和美鎮柑井里,2868,608,2831,607,2784,590,-84,-18
彰化縣和美鎮竹園里,727,133,715,133,693,130,-34,-3
彰化縣和美鎮新庄里,1906,205,1860,208,1825,212,-81,7
彰化縣和美鎮犁盛里,1805,308,1777,284,1746,274,-59,-34
彰化縣和美鎮中寮里,865,146,861,144,846,131,-19,-15
彰化縣和美鎮中圍里,2286,374,2233,358,2183,346,-103,-28
彰化縣和美鎮糖友里,3875,603,3829,595,3775,575,-100,-28
彰化縣和美鎮塗厝里,1359,191,1347,193,1319,193,-40,2
彰化縣和美鎮地潭里,693,74,671,75,651,76,-42,2
彰化縣和美鎮湖內里,935,102,905,101,893,100,-42,-2
彰化縣和美鎮嘉寶里,1640,253,1606,263,1597,274,-43,21
彰化縣和美鎮月眉里,2421,397,2385,391,2332,389,-89,-8
彰化縣和美鎮好修里,1276,209,1216,194,1169,187,-107,-22
彰化縣和美鎮仁愛里,2376,426,2316,433,2284,411,-92,-15
彰化縣北斗鎮光復里,1470,377,1444,373,1419,395,-51,18
彰化縣北斗鎮新政里,561,114,554,122,549,118,-12,4
彰化縣北斗鎮重慶里,404,59,384,51,362,48,-42,-11
彰化縣北斗鎮五權里,504,65,486,63,477,77,-27,12
彰化縣北斗鎮七星里,1077,147,1059,139,1040,145,-37,-2
彰化縣北斗鎮居仁里,903,166,890,165,868,175,-35,9
彰化縣北斗鎮東光里,1798,343,1779,319,1771,319,-27,-24
彰化縣北斗鎮文昌里,2501,421,2522,410,2535,416,34,-5
彰化縣北斗鎮中和里,1068,170,1053,170,1045,163,-23,-7
彰化縣北斗鎮西德里,3718,693,3639,674,3590,690,-128,-3
彰化縣北斗鎮西安里,1239,238,1275,250,1312,265,73,27
彰化縣北斗鎮中寮里,2118,364,2119,402,2097,405,-21,41
彰化縣北斗鎮大道里,1514,306,1499,293,1485,300,-29,-6
彰化縣北斗鎮新生里,1583,235,1597,234,1579,237,-4,2
彰化縣北斗鎮大新里,1416,179,1409,176,1390,181,-26,2
彰化縣溪湖鎮光平里,919,208,901,207,855,222,-64,14
彰化縣溪湖鎮平和里,464,88,451,84,442,78,-22,-10
彰化縣溪湖鎮太平里,1522,568,1512,591,1515,586,-7,18
彰化縣溪湖鎮光華里,324,55,310,43,297,48,-27,-7
彰化縣溪湖鎮東寮里,2707,767,2713,778,2710,776,3,9
彰化縣溪湖鎮西寮里,1755,530,1764,513,1753,516,-2,-14
彰化縣溪湖鎮大突里,2961,567,2945,564,2912,524,-49,-43
彰化縣溪湖鎮北勢里,1112,180,1112,164,1131,162,19,-18
彰化縣溪湖鎮汴頭里,2572,417,2536,408,2496,389,-76,-28
彰化縣溪湖鎮大竹里,1963,302,1913,308,1866,303,-97,1
彰化縣溪湖鎮湖西里,1870,324,1884,334,1840,293,-30,-31
彰化縣溪湖鎮田中里,674,97,643,90,623,86,-51,-11
彰化縣溪湖鎮河東里,1444,186,1435,189,1421,188,-23,2
彰化縣溪湖鎮中山里,1794,348,1752,334,1723,341,-71,-7
彰化縣溪湖鎮中竹里,684,99,664,90,637,88,-47,-11
彰化縣溪湖鎮東溪里,1100,168,1074,183,1045,168,-55,0
彰化縣溪湖鎮西溪里,1490,215,1471,218,1445,213,-45,-2
彰化縣溪湖鎮湖東里,3942,905,3849,869,3740,829,-202,-76
彰化縣溪湖鎮頂庄里,506,72,492,76,481,71,-25,-1
彰化縣溪湖鎮忠覺里,1006,139,956,126,942,117,-64,-22
彰化縣溪湖鎮湳底里,535,63,510,59,497,64,-38,1
彰化縣溪湖鎮大庭里,1111,144,1084,133,1047,155,-64,11
彰化縣溪湖鎮媽厝里,958,112,943,111,926,111,-32,-1
彰化縣溪湖鎮西勢里,1793,269,1771,264,1743,270,-50,1
彰化縣溪湖鎮番婆里,1412,259,1385,263,1356,259,-56,0
彰化縣田中鎮香山里,621,78,613,65,591,60,-30,-18
彰化縣田中鎮碧峰里,674,70,649,72,629,63,-45,-7
彰化縣田中鎮東源里,577,82,572,76,551,75,-26,-7
彰化縣田中鎮復興里,1168,140,1127,130,1094,124,-74,-16
彰化縣田中鎮平和里,1165,109,1136,119,1086,114,-79,5
彰化縣田中鎮頂潭里,974,150,937,133,914,126,-60,-24
彰化縣田中鎮中潭里,1336,187,1321,175,1299,156,-37,-31
彰化縣田中鎮龍潭里,421,47,403,47,391,41,-30,-6
彰化縣田中鎮北路里,2632,519,2577,511,2544,481,-88,-38
彰化縣田中鎮西路里,1851,314,1833,318,1785,301,-66,-13
彰化縣田中鎮東路里,814,106,799,105,774,108,-40,2
彰化縣田中鎮南路里,833,163,798,144,777,143,-56,-20
彰化縣田中鎮中路里,1403,247,1386,243,1361,234,-42,-13
彰化縣田中鎮新庄里,1886,253,1878,247,1866,248,-20,-5
彰化縣田中鎮三安里,1195,122,1169,124,1131,117,-64,-5
彰化縣田中鎮大崙里,1022,107,992,111,968,111,-54,4
彰化縣田中鎮沙崙里,1436,245,1435,240,1434,243,-2,-2
彰化縣田中鎮新民里,3488,611,3404,597,3362,593,-126,-18
彰化縣田中鎮梅州里,975,156,973,150,975,142,0,-14
彰化縣田中鎮三民里,1224,170,1208,170,1183,146,-41,-24
彰化縣田中鎮三光里,692,90,676,97,661,93,-31,3
彰化縣田中鎮大社里,668,67,645,64,613,62,-55,-5
彰化縣二林鎮東和里,1575,225,1535,226,1521,221,-54,-4
彰化縣二林鎮南光里,2563,664,2553,634,2523,624,-40,-40
彰化縣二林鎮西平里,1131,241,1129,221,1146,219,15,-22
彰化縣二林鎮北平里,2405,434,2356,406,2317,385,-88,-49
彰化縣二林鎮中西里,1271,218,1246,219,1206,204,-65,-14
彰化縣二林鎮廣興里,974,128,980,143,962,143,-12,15
彰化縣二林鎮香田里,685,125,660,110,660,108,-25,-17
彰化縣二林鎮外竹里,683,111,668,117,653,101,-30,-10
彰化縣二林鎮興華里,873,134,847,142,837,125,-36,-9
彰化縣二林鎮東興里,1292,210,1285,211,1293,225,1,15
彰化縣二林鎮後厝里,2748,485,2785,485,2769,455,21,-30
彰化縣二林鎮豐田里,2002,307,1964,309,1944,303,-58,-4
彰化縣二林鎮頂厝里,1022,129,994,119,984,112,-38,-17
彰化縣二林鎮趙甲里,1178,121,1140,109,1105,115,-73,-6
彰化縣二林鎮振興里,917,138,897,136,863,123,-54,-15
彰化縣二林鎮萬興里,570,82,556,81,553,92,-17,10
彰化縣二林鎮永興里,1080,164,1051,155,1040,148,-40,-16
彰化縣二林鎮西庄里,976,96,955,91,948,95,-28,-1
彰化縣二林鎮梅芳里,738,72,735,71,745,66,7,-6
彰化縣二林鎮華崙里,2706,275,2649,262,2603,268,-103,-7
彰化縣二林鎮東勢里,728,54,715,47,705,47,-23,-7
彰化縣二林鎮萬合里,808,97,793,95,776,96,-32,-1
彰化縣二林鎮大永里,665,70,651,64,641,67,-24,-3
彰化縣二林鎮原斗里,906,116,889,110,873,104,-33,-12
彰化縣二林鎮西斗里,818,95,794,87,768,76,-50,-19
彰化縣二林鎮東華里,708,59,697,62,678,49,-30,-10
彰化縣二林鎮復豐里,527,53,521,59,521,57,-6,4
彰化縣線西鄉線西村,1852,372,1798,336,1772,325,-80,-47
彰化縣線西鄉頂庄村,985,153,962,149,939,160,-46,7
彰化縣線西鄉寓埔村,1883,334,1885,329,1869,321,-14,-13
彰化縣線西鄉塭仔村,1003,160,962,154,928,148,-75,-12
彰化縣線西鄉溝內村,958,149,945,151,946,152,-12,3
彰化縣線西鄉下犁村,1563,211,1526,198,1493,200,-70,-11
彰化縣線西鄉頂犁村,2131,330,2081,329,2057,300,-74,-30
彰化縣線西鄉德興村,1121,141,1113,134,1098,133,-23,-8
彰化縣伸港鄉曾家村,1350,197,1351,198,1337,201,-13,4
彰化縣伸港鄉蚵寮村,879,110,870,108,860,101,-19,-9
彰化縣伸港鄉埤墘村,1168,219,1259,243,1270,245,102,26
彰化縣伸港鄉溪底村,1618,266,1650,280,1657,300,39,34
彰化縣伸港鄉泉州村,1671,294,1652,289,1617,291,-54,-3
彰化縣伸港鄉泉厝村,1022,142,1007,139,993,134,-29,-8
彰化縣伸港鄉海尾村,1502,231,1469,232,1447,236,-55,5
彰化縣伸港鄉全興村,1403,257,1396,257,1396,257,-7,0
彰化縣伸港鄉定興村,2205,366,2162,350,2111,345,-94,-21
彰化縣伸港鄉新港村,4218,784,4184,794,4154,796,-64,12
彰化縣伸港鄉什股村,1934,318,1958,322,2000,344,66,26
彰化縣伸港鄉大同村,2146,477,2205,476,2252,484,106,7
彰化縣伸港鄉七嘉村,2588,508,2572,509,2527,496,-61,-12
彰化縣伸港鄉汴頭村,1800,348,1782,337,1743,339,-57,-9
彰化縣福興鄉番社村,1201,144,1174,141,1157,139,-44,-5
彰化縣福興鄉社尾村,1120,162,1120,160,1099,142,-21,-20
彰化縣福興鄉大崙村,981,118,965,104,952,107,-29,-11
彰化縣福興鄉外埔村,1208,181,1229,201,1206,205,-2,24
彰化縣福興鄉外中村,893,118,873,109,864,108,-29,-10
彰化縣福興鄉元中村,1029,124,1023,121,1018,109,-11,-15
彰化縣福興鄉三汴村,1107,175,1084,182,1065,201,-42,26
彰化縣福興鄉萬豐村,649,84,651,84,638,75,-11,-9
彰化縣福興鄉番婆村,1962,278,1930,276,1873,264,-89,-14
彰化縣福興鄉橋頭村,2173,195,2130,192,2110,188,-63,-7
彰化縣福興鄉秀厝村,2071,308,2111,309,2090,311,19,3
彰化縣福興鄉鎮平村,965,142,949,144,925,141,-40,-1
彰化縣福興鄉三和村,823,119,805,118,770,114,-53,-5
彰化縣福興鄉麥厝村,1741,308,1693,289,1672,284,-69,-24
彰化縣福興鄉廈粘村,1506,261,1460,257,1443,242,-63,-19
彰化縣福興鄉頂粘村,1872,336,1845,305,1808,305,-64,-31
彰化縣福興鄉福寶村,1067,190,1051,172,1023,158,-44,-32
彰化縣福興鄉二港村,1027,144,1015,155,994,143,-33,-1
彰化縣福興鄉福興村,2984,410,2920,363,2913,333,-71,-77
彰化縣福興鄉福南村,2107,328,2065,322,2029,320,-78,-8
彰化縣福興鄉同安村,1945,344,1936,330,1878,318,-67,-26
彰化縣福興鄉西勢村,1552,266,1528,240,1485,226,-67,-40
彰化縣秀水鄉秀水村,1358,244,1335,228,1305,215,-53,-29
彰化縣秀水鄉安溪村,1729,243,1688,229,1655,208,-74,-35
彰化縣秀水鄉莊雅村,2241,416,2235,436,2178,420,-63,4
彰化縣秀水鄉金興村,1492,204,1473,198,1448,197,-44,-7
彰化縣秀水鄉陝西村,1167,174,1152,167,1136,164,-31,-10
彰化縣秀水鄉安東村,3157,569,3117,562,3060,527,-97,-42
彰化縣秀水鄉鶴鳴村,2591,337,2543,337,2485,315,-106,-22
彰化縣秀水鄉馬興村,1841,227,1836,233,1789,216,-52,-11
彰化縣秀水鄉義興村,1164,142,1181,141,1190,142,26,0
彰化縣秀水鄉福安村,3901,915,3821,890,3787,914,-114,-1
彰化縣秀水鄉埔崙村,1566,420,1546,401,1515,388,-51,-32
彰化縣秀水鄉曾厝村,1386,207,1352,211,1334,218,-52,11
彰化縣秀水鄉金陵村,1367,250,1363,231,1356,238,-11,-12
彰化縣秀水鄉下崙村,1708,271,1685,254,1687,231,-21,-40
彰化縣花壇鄉花壇村,2596,484,2509,463,2448,434,-148,-50
彰化縣花壇鄉金墩村,1435,179,1407,169,1374,165,-61,-14
彰化縣花壇鄉中庄村,1867,248,1823,255,1751,241,-116,-7
彰化縣花壇鄉劉厝村,812,107,790,112,787,118,-25,11
彰化縣花壇鄉崙雅村,1111,146,1093,155,1073,168,-38,22
彰化縣花壇鄉南口村,1542,176,1517,175,1488,162,-54,-14
彰化縣花壇鄉中口村,573,56,550,50,528,42,-45,-14
彰化縣花壇鄉北口村,1438,203,1436,190,1434,197,-4,-6
彰化縣花壇鄉長沙村,4107,823,4007,751,3973,739,-134,-84
彰化縣花壇鄉文德村,2535,284,2503,289,2483,269,-52,-15
彰化縣花壇鄉白沙村,3823,422,3808,433,3717,400,-106,-22
彰化縣花壇鄉岩竹村,1060,120,1048,111,1038,112,-22,-8
彰化縣花壇鄉橋頭村,2746,536,2674,523,2631,516,-115,-20
彰化縣花壇鄉灣雅村,712,97,706,95,693,91,-19,-6
彰化縣花壇鄉灣東村,717,80,703,86,686,73,-31,-7
彰化縣花壇鄉三春村,1577,229,1553,244,1531,228,-46,-1
彰化縣花壇鄉永春村,1672,229,1645,202,1578,205,-94,-24
彰化縣花壇鄉長春村,1325,166,1313,162,1296,154,-29,-12
彰化縣芬園鄉舊社村,1334,161,1323,155,1313,158,-21,-3
彰化縣芬園鄉大埔村,1076,151,1057,143,1029,134,-47,-17
彰化縣芬園鄉竹林村,1368,217,1370,211,1345,204,-23,-13
彰化縣芬園鄉社口村,1919,265,1911,269,1903,258,-16,-7
彰化縣芬園鄉茄荖村,1794,235,1775,213,1750,204,-44,-31
彰化縣芬園鄉嘉興村,1247,145,1223,145,1208,137,-39,-8
彰化縣芬園鄉芬園村,702,134,695,131,684,124,-18,-10
彰化縣芬園鄉縣庄村,875,112,857,115,841,98,-34,-14
彰化縣芬園鄉圳墘村,462,43,453,39,449,38,-13,-5
彰化縣芬園鄉溪頭村,1292,161,1256,164,1210,164,-82,3
彰化縣芬園鄉進芬村,717,128,709,128,698,124,-19,-4
彰化縣芬園鄉同安村,907,87,878,81,853,76,-54,-11
彰化縣芬園鄉中崙村,601,81,593,77,580,76,-21,-5
彰化縣芬園鄉大竹村,723,106,718,98,697,100,-26,-6
彰化縣芬園鄉楓坑村,446,76,437,80,427,71,-19,-5
彰化縣大村鄉大村村,2696,512,2737,499,2901,571,205,59
彰化縣大村鄉茄苳村,1194,184,1182,169,1194,190,0,6
彰化縣大村鄉南勢村,1178,150,1165,160,1182,178,4,28
彰化縣大村鄉田洋村,940,143,937,142,979,150,39,7
彰化縣大村鄉新興村,873,67,853,69,886,93,13,26
彰化縣大村鄉過溝村,2490,290,2512,328,2691,383,201,93
彰化縣大村鄉美港村,2400,297,2325,289,2414,336,14,39
彰化縣大村鄉平和村,2092,289,2061,292,2094,309,2,20
彰化縣大村鄉貢旗村,1189,184,1217,183,1251,194,62,10
彰化縣大村鄉加錫村,1226,123,1208,117,1223,126,-3,3
彰化縣大村鄉村上村,1134,203,1099,186,1096,203,-38,0
彰化縣大村鄉大橋村,1532,232,1509,236,1529,251,-3,19
彰化縣大村鄉大崙村,1287,150,1253,142,1257,156,-30,6
彰化縣大村鄉擺塘村,1961,261,1944,273,2036,299,75,38
彰化縣大村鄉黃厝村,1852,250,1856,241,1923,262,71,12
彰化縣大村鄉福興村,1689,245,1673,255,1728,274,39,29
彰化縣埔鹽鄉埔鹽村,1351,232,1311,223,1293,205,-58,-27
彰化縣埔鹽鄉埔南村,1223,191,1219,186,1205,185,-18,-6
彰化縣埔鹽鄉廍子村,998,139,981,113,966,102,-32,-37
彰化縣埔鹽鄉出水村,727,117,708,100,697,84,-30,-33
彰化縣埔鹽鄉南港村,1335,165,1352,167,1356,161,21,-4
彰化縣埔鹽鄉打廉村,754,56,747,49,719,47,-35,-9
彰化縣埔鹽鄉豐澤村,1024,110,996,98,985,98,-39,-12
彰化縣埔鹽鄉崑崙村,836,110,816,115,818,112,-18,2
彰化縣埔鹽鄉角樹村,516,53,497,55,481,51,-35,-2
彰化縣埔鹽鄉瓦󿾨村,956,141,942,141,920,135,-36,-6
彰化縣埔鹽鄉好修村,1458,224,1442,223,1437,227,-21,3
彰化縣埔鹽鄉西湖村,1620,234,1609,210,1602,230,-18,-4
彰化縣埔鹽鄉大有村,903,151,875,151,865,153,-38,2
彰化縣埔鹽鄉新興村,323,33,318,28,329,30,6,-3
彰化縣埔鹽鄉永平村,812,110,789,113,781,97,-31,-13
彰化縣埔鹽鄉永樂村,668,109,640,99,618,101,-50,-8
彰化縣埔鹽鄉石埤村,1100,116,1099,111,1082,117,-18,1
彰化縣埔鹽鄉天盛村,659,64,641,64,625,57,-34,-7
彰化縣埔鹽鄉太平村,1171,152,1161,147,1142,137,-29,-15
彰化縣埔鹽鄉新水村,1213,150,1199,145,1172,149,-41,-1
彰化縣埔鹽鄉三省村,1031,93,1030,94,992,87,-39,-6
彰化縣埔鹽鄉南新村,1043,115,1021,115,990,121,-53,6
彰化縣埔心鄉東門村,3020,512,2985,476,2909,446,-111,-66
彰化縣埔心鄉埔心村,982,166,936,156,917,156,-65,-10
彰化縣埔心鄉義民村,1233,194,1207,190,1201,203,-32,9
彰化縣埔心鄉油車村,1027,100,1008,99,977,100,-50,0
彰化縣埔心鄉瓦北村,1380,171,1364,171,1324,158,-56,-13
彰化縣埔心鄉瓦中村,1628,161,1606,167,1586,151,-42,-10
彰化縣埔心鄉瓦南村,1142,141,1092,131,1077,124,-65,-17
彰化縣埔心鄉太平村,1611,284,1592,292,1561,284,-50,0
彰化縣埔心鄉經口村,1956,243,1935,241,1919,209,-37,-34
彰化縣埔心鄉大華村,489,56,512,65,503,64,14,8
彰化縣埔心鄉仁里村,1020,154,997,146,989,143,-31,-11
彰化縣埔心鄉舊舘村,1265,207,1260,202,1239,190,-26,-17
彰化縣埔心鄉南舘村,861,107,861,108,848,112,-13,5
彰化縣埔心鄉新舘村,772,124,763,119,765,106,-7,-18
彰化縣埔心鄉羅厝村,1027,120,1017,113,989,112,-38,-8
彰化縣埔心鄉芎蕉村,1471,185,1437,186,1416,178,-55,-7
彰化縣埔心鄉二重村,1106,161,1145,170,1132,172,26,11
彰化縣埔心鄉梧鳳村,715,73,710,66,694,61,-21,-12
彰化縣埔心鄉埤霞村,600,47,593,40,566,41,-34,-6
彰化縣埔心鄉埤脚村,770,77,751,79,734,72,-36,-5
彰化縣永靖鄉永東村,607,113,587,118,561,120,-46,7
彰化縣永靖鄉永西村,1210,233,1197,237,1155,232,-55,-1
彰化縣永靖鄉永南村,1437,250,1410,264,1361,252,-76,2
彰化縣永靖鄉永北村,1777,286,1745,304,1739,312,-38,26
彰化縣永靖鄉港西村,1388,186,1345,179,1287,161,-101,-25
彰化縣永靖鄉五福村,1147,164,1136,138,1126,126,-21,-38
彰化縣永靖鄉湳港村,862,134,846,139,846,136,-16,2
彰化縣永靖鄉新莊村,861,175,853,165,885,163,24,-12
彰化縣永靖鄉瑚璉村,2173,439,2145,428,2165,423,-8,-16
彰化縣永靖鄉五汴村,1086,151,1069,143,1051,132,-35,-19
彰化縣永靖鄉浮圳村,1025,117,992,106,961,97,-64,-20
彰化縣永靖鄉光雲村,1319,150,1296,141,1279,137,-40,-13
彰化縣永靖鄉東寧村,1579,225,1570,236,1544,225,-35,0
彰化縣永靖鄉永興村,1256,199,1224,179,1203,173,-53,-26
彰化縣永靖鄉崙子村,1166,134,1130,128,1116,128,-50,-6
彰化縣永靖鄉獨鰲村,697,90,680,89,645,81,-52,-9
彰化縣永靖鄉敦厚村,547,88,543,86,537,73,-10,-15
彰化縣永靖鄉崙美村,594,86,574,79,549,61,-45,-25
彰化縣永靖鄉同安村,503,62,488,48,486,52,-17,-10
彰化縣永靖鄉同仁村,634,68,637,75,625,72,-9,4
彰化縣永靖鄉湳墘村,640,67,628,60,610,52,-30,-15
彰化縣永靖鄉四芳村,495,67,475,64,472,57,-23,-10
彰化縣永靖鄉福興村,795,106,797,104,787,92,-8,-14
彰化縣永靖鄉竹子村,949,111,917,97,882,90,-67,-21
彰化縣社頭鄉社頭村,2126,358,2097,365,2093,342,-33,-16
彰化縣社頭鄉東興村,1198,190,1160,186,1128,180,-70,-10
彰化縣社頭鄉山湖村,890,132,867,130,834,117,-56,-15
彰化縣社頭鄉廣興村,3698,664,3589,631,3533,612,-165,-52
彰化縣社頭鄉廣福村,732,98,710,102,689,100,-43,2
彰化縣社頭鄉朝興村,834,118,817,120,794,111,-40,-7
彰化縣社頭鄉仁雅村,2126,364,2129,377,2130,382,4,18
彰化縣社頭鄉橋頭村,1662,215,1641,197,1619,210,-43,-5
彰化縣社頭鄉仁和村,582,76,585,72,580,79,-2,3
彰化縣社頭鄉崙雅村,753,171,747,153,732,152,-21,-19
彰化縣社頭鄉湳底村,1335,174,1324,180,1301,184,-34,10
彰化縣社頭鄉泰安村,777,101,769,97,754,97,-23,-4
彰化縣社頭鄉美雅村,1039,185,1034,184,1008,179,-31,-6
彰化縣社頭鄉新厝村,1077,139,1078,143,1052,115,-25,-24
彰化縣社頭鄉平和村,810,122,779,114,759,111,-51,-11
彰化縣社頭鄉里仁村,745,129,731,124,742,124,-3,-5
彰化縣社頭鄉張厝村,975,156,945,155,922,159,-53,3
彰化縣社頭鄉龍井村,608,91,597,85,590,76,-18,-15
彰化縣社頭鄉舊社村,1309,196,1293,203,1265,208,-44,12
彰化縣社頭鄉埤斗村,750,75,731,77,726,80,-24,5
彰化縣社頭鄉湳雅村,1179,161,1156,163,1140,151,-39,-10
彰化縣社頭鄉松竹村,813,116,819,120,804,123,-9,7
彰化縣社頭鄉清水村,996,154,977,143,1001,150,5,-4
彰化縣社頭鄉協和村,1717,183,1698,180,1679,198,-38,15
彰化縣二水鄉合和村,655,56,639,52,610,54,-45,-2
彰化縣二水鄉上豊村,670,93,657,84,628,76,-42,-17
彰化縣二水鄉過圳村,455,59,437,58,439,62,-16,3
彰化縣二水鄉五伯村,457,49,444,38,437,38,-20,-11
彰化縣二水鄉光化村,648,63,630,58,607,52,-41,-11
彰化縣二水鄉文化村,696,79,676,82,648,79,-48,0
彰化縣二水鄉二水村,581,114,547,102,535,97,-46,-17
彰化縣二水鄉聖化村,303,48,296,44,288,40,-15,-8
彰化縣二水鄉裕民村,735,84,735,78,717,85,-18,1
彰化縣二水鄉惠民村,533,64,512,65,498,54,-35,-10
彰化縣二水鄉大園村,562,83,554,80,544,75,-18,-8
彰化縣二水鄉修仁村,549,60,544,56,538,69,-11,9
彰化縣二水鄉合興村,466,47,461,42,436,46,-30,-1
彰化縣二水鄉源泉村,445,54,430,52,419,45,-26,-9
彰化縣二水鄉倡和村,367,52,357,47,355,46,-12,-6
彰化縣二水鄉復興村,758,79,741,69,732,72,-26,-7
彰化縣二水鄉十五村,464,57,456,51,453,51,-11,-6
彰化縣田尾鄉田尾村,955,159,926,146,903,151,-52,-8
彰化縣田尾鄉豐田村,679,88,658,81,646,80,-33,-8
彰化縣田尾鄉饒平村,2154,341,2153,330,2118,313,-36,-28
彰化縣田尾鄉睦宜村,860,109,860,94,849,102,-11,-7
彰化縣田尾鄉福田村,512,59,497,56,489,50,-23,-9
彰化縣田尾鄉新興村,801,111,777,104,754,97,-47,-14
彰化縣田尾鄉北鎮村,950,126,973,116,951,116,1,-10
彰化縣田尾鄉南鎮村,478,60,472,56,455,56,-23,-4
彰化縣田尾鄉新生村,1103,179,1085,179,1061,180,-42,1
彰化縣田尾鄉南曾村,1067,155,1044,153,999,138,-68,-17
彰化縣田尾鄉北曾村,1284,210,1267,187,1257,187,-27,-23
彰化縣田尾鄉溪畔村,922,155,925,168,954,163,32,8
彰化縣田尾鄉打簾村,1339,241,1330,229,1295,224,-44,-17
彰化縣田尾鄉柳鳳村,754,86,748,88,734,89,-20,3
彰化縣田尾鄉陸豐村,679,82,673,71,656,77,-23,-5
彰化縣田尾鄉海豐村,1064,96,1017,93,981,95,-83,-1
彰化縣田尾鄉仁里村,1246,198,1237,185,1218,163,-28,-35
彰化縣田尾鄉新厝村,195,20,191,23,178,23,-17,3
彰化縣田尾鄉溪頂村,468,54,449,54,436,52,-32,-2
彰化縣田尾鄉正義村,705,91,689,86,677,88,-28,-3
彰化縣埤頭鄉和豊村,1931,278,1915,279,1885,270,-46,-8
彰化縣埤頭鄉興農村,1373,199,1354,201,1346,194,-27,-5
彰化縣埤頭鄉埤頭村,1211,185,1198,179,1171,186,-40,1
彰化縣埤頭鄉豊崙村,1809,252,1786,260,1734,245,-75,-7
彰化縣埤頭鄉崙子村,1009,198,979,199,949,185,-60,-13
彰化縣埤頭鄉永豊村,1190,227,1167,238,1169,248,-21,21
彰化縣埤頭鄉合興村,2550,495,2545,499,2505,482,-45,-13
彰化縣埤頭鄉平原村,1819,335,1850,337,1815,329,-4,-6
彰化縣埤頭鄉崙腳村,541,84,536,83,504,70,-37,-14
彰化縣埤頭鄉元埔村,407,51,391,43,378,47,-29,-4
彰化縣埤頭鄉芙朝村,1060,162,1028,150,1004,141,-56,-21
彰化縣埤頭鄉新庄村,725,78,713,82,691,78,-34,0
彰化縣埤頭鄉陸嘉村,605,59,596,68,581,67,-24,8
彰化縣埤頭鄉竹圍村,861,152,841,150,810,151,-51,-1
彰化縣埤頭鄉中和村,1075,178,1060,164,1065,166,-10,-12
彰化縣埤頭鄉庄內村,815,111,805,101,793,103,-22,-8
彰化縣埤頭鄉大湖村,682,99,680,97,656,86,-26,-13
彰化縣芳苑鄉芳苑村,663,67,647,60,631,49,-32,-18
彰化縣芳苑鄉芳中村,232,27,234,27,238,28,6,1
彰化縣芳苑鄉仁愛村,498,69,491,63,490,73,-8,4
彰化縣芳苑鄉信義村,359,49,358,51,341,44,-18,-5
彰化縣芳苑鄉後寮村,751,100,734,104,722,104,-29,4
彰化縣芳苑鄉三合村,1677,266,1648,275,1605,269,-72,3
彰化縣芳苑鄉永興村,989,110,967,106,942,128,-47,18
彰化縣芳苑鄉五俊村,340,31,319,31,318,34,-22,3
彰化縣芳苑鄉路上村,428,45,411,44,408,43,-20,-2
彰化縣芳苑鄉路平村,558,39,559,44,568,53,10,14
彰化縣芳苑鄉三成村,712,56,695,57,670,49,-42,-7
彰化縣芳苑鄉福榮村,360,30,352,31,351,32,-9,2
彰化縣芳苑鄉頂廍村,406,35,393,35,376,36,-30,1
彰化縣芳苑鄉新街村,488,47,476,36,464,38,-24,-9
彰化縣芳苑鄉王功村,1562,216,1537,192,1531,178,-31,-38
彰化縣芳苑鄉博愛村,460,55,455,57,431,53,-29,-2
彰化縣芳苑鄉和平村,496,60,498,71,490,68,-6,8
彰化縣芳苑鄉民生村,457,54,452,59,438,52,-19,-2
彰化縣芳苑鄉興仁村,930,131,910,112,893,118,-37,-13
彰化縣芳苑鄉新寶村,1300,200,1276,189,1268,184,-32,-16
彰化縣芳苑鄉草湖村,1087,101,1087,106,1046,90,-41,-11
彰化縣芳苑鄉文津村,825,87,797,86,781,73,-44,-14
彰化縣芳苑鄉建平村,1567,202,1536,199,1490,177,-77,-25
彰化縣芳苑鄉崙腳村,590,65,579,54,571,54,-19,-11
彰化縣芳苑鄉新生村,1014,140,984,130,949,122,-65,-18
彰化縣芳苑鄉漢寶村,2629,372,2582,372,2533,374,-96,2
彰化縣大城鄉潭墘村,694,70,677,54,665,52,-29,-18
彰化縣大城鄉上山村,783,72,771,82,762,78,-21,6
彰化縣大城鄉東城村,962,138,965,127,943,115,-19,-23
彰化縣大城鄉西城村,615,82,588,75,583,82,-32,0
彰化縣大城鄉大城村,686,110,650,105,647,101,-39,-9
彰化縣大城鄉菜寮村,763,93,740,81,734,75,-29,-18
彰化縣大城鄉山腳村,908,93,898,93,887,86,-21,-7
彰化縣大城鄉永和村,460,65,452,66,437,62,-23,-3
彰化縣大城鄉頂庄村,455,29,444,29,437,25,-18,-4
彰化縣大城鄉公館村,701,58,697,58,686,54,-15,-4
彰化縣大城鄉臺西村,611,62,586,58,570,52,-41,-10
彰化縣大城鄉東港村,889,116,882,102,870,92,-19,-24
彰化縣大城鄉西港村,613,54,588,54,582,57,-31,3
彰化縣大城鄉豐美村,650,121,644,99,627,85,-23,-36
彰化縣大城鄉三豐村,422,43,414,41,402,33,-20,-10
彰化縣竹塘鄉竹元村,883,139,858,141,835,125,-48,-14
彰化縣竹塘鄉竹塘村,1489,307,1486,294,1474,304,-15,-3
彰化縣竹塘鄉小西村,503,66,483,65,467,60,-36,-6
彰化縣竹塘鄉民靖村,532,68,518,62,511,63,-21,-5
彰化縣竹塘鄉五庄村,1140,175,1143,181,1126,171,-14,-4
彰化縣竹塘鄉樹腳村,474,58,465,51,463,51,-11,-7
彰化縣竹塘鄉田頭村,791,144,788,148,780,150,-11,6
彰化縣竹塘鄉新廣村,749,101,739,93,707,92,-42,-9
彰化縣竹塘鄉溪墘村,313,27,309,31,307,36,-6,9
彰化縣竹塘鄉竹林村,583,83,565,81,545,84,-38,1
彰化縣竹塘鄉土庫村,433,54,417,49,401,46,-32,-8
彰化縣竹塘鄉內新村,379,37,354,26,341,26,-38,-11
彰化縣竹塘鄉長安村,519,79,504,85,509,85,-10,6
彰化縣竹塘鄉永安村,342,33,347,36,343,42,1,9
彰化縣溪州鄉溪厝村,1361,187,1333,179,1327,165,-34,-22
彰化縣溪州鄉舊眉村,1079,155,1080,146,1070,147,-9,-8
彰化縣溪州鄉柑園村,938,125,925,116,899,118,-39,-7
彰化縣溪州鄉水尾村,1179,155,1163,153,1150,146,-29,-9
彰化縣溪州鄉坑厝村,508,67,511,64,500,60,-8,-7
彰化縣溪州鄉圳寮村,1151,178,1134,159,1083,150,-68,-28
彰化縣溪州鄉潮洋村,594,93,583,92,571,81,-23,-12
彰化縣溪州鄉瓦厝村,633,90,628,74,602,76,-31,-14
彰化縣溪州鄉西畔村,1499,210,1462,206,1423,213,-76,3
彰化縣溪州鄉張厝村,510,63,496,68,480,57,-30,-6
彰化縣溪州鄉溪州村,1140,178,1118,176,1105,188,-35,10
彰化縣溪州鄉成功村,1377,195,1348,189,1315,175,-62,-20
彰化縣溪州鄉菜公村,609,77,589,76,575,77,-34,0
彰化縣溪州鄉尾厝村,1483,217,1462,224,1505,229,22,12
彰化縣溪州鄉大庄村,1437,154,1407,139,1399,129,-38,-25
彰化縣溪州鄉三圳村,856,117,850,108,865,107,9,-10
彰化縣溪州鄉東州村,1451,243,1428,225,1434,216,-17,-27
彰化縣溪州鄉榮光村,682,69,686,69,663,69,-19,0
彰化縣溪州鄉三條村,599,86,592,84,581,79,-18,-7
