cunli,adult2019,chilren2019,adult2020,chilren2020,adult2021,chilren2021,adult_diff,children_diff
新北市板橋區留侯里,1155,193,1161,203,1145,222,-10,29
新北市板橋區流芳里,1053,201,1022,207,980,213,-73,12
新北市板橋區赤松里,570,114,626,125,680,140,110,26
新北市板橋區黃石里,727,187,806,214,827,217,100,30
新北市板橋區挹秀里,1284,242,1302,238,1301,289,17,47
新北市板橋區湳興里,3994,574,3908,566,3774,537,-220,-37
新北市板橋區新興里,2403,295,2384,286,2334,280,-69,-15
新北市板橋區社後里,7023,536,7034,564,7213,556,190,20
新北市板橋區香社里,3263,425,3195,411,3187,383,-76,-42
新北市板橋區中正里,3296,505,3392,552,3824,617,528,112
新北市板橋區自強里,3521,614,3456,615,3337,605,-184,-9
新北市板橋區自立里,2071,264,2043,270,2001,262,-70,-2
新北市板橋區光華里,2015,282,1983,285,1932,254,-83,-28
新北市板橋區國光里,2750,260,2685,252,2641,248,-109,-12
新北市板橋區港尾里,2236,366,2190,365,2155,362,-81,-4
新北市板橋區金華里,2970,454,2907,483,2821,459,-149,5
新北市板橋區港德里,3483,468,3393,466,3286,449,-197,-19
新北市板橋區民權里,1883,254,1804,257,1761,249,-122,-5
新北市板橋區建國里,2621,353,2546,345,2490,345,-131,-8
新北市板橋區漢生里,2907,572,2847,609,2773,630,-134,58
新北市板橋區公舘里,2801,466,2762,450,2743,483,-58,17
新北市板橋區新民里,3120,654,3084,685,2998,691,-122,37
新北市板橋區幸福里,2926,414,2876,403,2858,394,-68,-20
新北市板橋區忠誠里,2966,464,2943,532,2932,553,-34,89
新北市板橋區百壽里,1932,430,1948,465,1969,506,37,76
新北市板橋區介壽里,2180,432,2136,456,2087,473,-93,41
新北市板橋區新埔里,1541,185,1523,182,1494,175,-47,-10
新北市板橋區華江里,5522,1315,5483,1343,5407,1327,-115,12
新北市板橋區江翠里,3739,470,3768,465,3830,500,91,30
新北市板橋區純翠里,4123,607,4054,581,3962,567,-161,-40
新北市板橋區溪頭里,4531,652,4423,641,4609,641,78,-11
新北市板橋區聯翠里,2780,330,2817,330,2784,285,4,-45
新北市板橋區宏翠里,3829,518,4010,558,4112,573,283,55
新北市板橋區仁翠里,2108,252,2066,267,2028,247,-80,-5
新北市板橋區新翠里,6212,806,6194,824,6133,862,-79,56
新北市板橋區吉翠里,2869,426,2794,432,2727,414,-142,-12
新北市板橋區德翠里,5823,955,5764,908,5621,822,-202,-133
新北市板橋區滿翠里,2173,252,2165,259,2119,260,-54,8
新北市板橋區明翠里,3576,411,3501,425,3421,420,-155,9
新北市板橋區松翠里,2536,336,2495,325,2415,311,-121,-25
新北市板橋區柏翠里,3166,497,3366,497,3511,521,345,24
新北市板橋區龍翠里,3902,476,3790,459,3701,433,-201,-43
新北市板橋區華翠里,2669,520,2629,490,2538,478,-131,-42
新北市板橋區忠翠里,8089,1545,8132,1495,8040,1430,-49,-115
新北市板橋區嵐翠里,1849,251,1833,243,1769,225,-80,-26
新北市板橋區文翠里,3041,373,3004,391,2864,384,-177,11
新北市板橋區青翠里,2270,267,2238,258,2170,258,-100,-9
新北市板橋區懷翠里,4706,559,4665,582,4626,569,-80,10
新北市板橋區福翠里,956,115,953,125,971,118,15,3
新北市板橋區港嘴里,4709,547,4611,517,4516,507,-193,-40
新北市板橋區振興里,3392,357,3315,340,3248,308,-144,-49
新北市板橋區振義里,3245,350,3176,339,3127,338,-118,-12
新北市板橋區光復里,2567,320,2550,304,2509,291,-58,-29
新北市板橋區埔墘里,4917,554,4828,531,4731,478,-186,-76
新北市板橋區長壽里,2130,272,2102,277,2060,293,-70,21
新北市板橋區福壽里,2590,268,2562,287,2481,260,-109,-8
新北市板橋區海山里,5800,1449,5747,1418,5603,1389,-197,-60
新北市板橋區九如里,2161,296,2135,296,2116,298,-45,2
新北市板橋區玉光里,4037,729,4027,754,3974,772,-63,43
新北市板橋區光仁里,2113,390,2092,381,2030,366,-83,-24
新北市板橋區埤墘里,3301,775,3271,789,3222,748,-79,-27
新北市板橋區永安里,2601,438,2560,432,2599,510,-2,72
新北市板橋區雙玉里,3087,590,3046,591,3076,574,-11,-16
新北市板橋區廣新里,2596,492,2584,514,2516,502,-80,10
新北市板橋區深丘里,6337,1627,6294,1670,6200,1680,-137,53
新北市板橋區香丘里,2742,596,2715,623,2698,651,-44,55
新北市板橋區西安里,2016,335,1991,349,1936,363,-80,28
新北市板橋區東丘里,3393,633,3354,604,3265,613,-128,-20
新北市板橋區長安里,3490,873,3428,854,3342,828,-148,-45
新北市板橋區福丘里,3570,769,3620,797,3529,766,-41,-3
新北市板橋區福祿里,2897,505,2876,480,2856,500,-41,-5
新北市板橋區民族里,3308,1037,3235,1033,3275,1039,-33,2
新北市板橋區國泰里,2647,465,2636,459,2601,427,-46,-38
新北市板橋區福德里,3757,565,3706,524,3582,500,-175,-65
新北市板橋區景星里,2564,366,2570,354,2505,333,-59,-33
新北市板橋區福星里,2613,400,2605,380,2570,343,-43,-57
新北市板橋區鄉雲里,2850,381,2842,372,2778,345,-72,-36
新北市板橋區廣德里,5141,863,5054,844,4931,798,-210,-65
新北市板橋區大豐里,3420,485,3354,489,3275,455,-145,-30
新北市板橋區重慶里,6723,1020,6582,989,6481,977,-242,-43
新北市板橋區仁愛里,2343,319,2266,293,2174,280,-169,-39
新北市板橋區和平里,2963,785,2967,752,3019,733,56,-52
新北市板橋區廣福里,3189,503,3136,483,3050,457,-139,-46
新北市板橋區華興里,3249,404,3207,396,3147,382,-102,-22
新北市板橋區華貴里,1902,285,1855,293,1830,269,-72,-16
新北市板橋區華德里,5507,849,5433,829,5259,780,-248,-69
新北市板橋區華東里,5824,765,5878,752,5865,776,41,11
新北市板橋區信義里,3199,430,3195,435,3135,423,-64,-7
新北市板橋區浮洲里,2948,426,2910,416,2783,393,-165,-33
新北市板橋區華中里,4175,587,4082,606,3958,574,-217,-13
新北市板橋區僑中里,3436,472,3376,475,3282,486,-154,14
新北市板橋區中山里,5086,747,5245,796,5263,779,177,32
新北市板橋區復興里,632,90,581,85,556,84,-76,-6
新北市板橋區大安里,2964,387,2937,401,2872,384,-92,-3
新北市板橋區福安里,5165,833,5472,889,5542,891,377,58
新北市板橋區聚安里,4110,567,3988,572,3891,549,-219,-18
新北市板橋區龍安里,2136,303,2076,304,2009,271,-127,-32
新北市板橋區崑崙里,7884,1274,7786,1273,7718,1237,-166,-37
新北市板橋區溪洲里,4550,732,4484,697,4390,681,-160,-51
新北市板橋區溪北里,2712,410,2688,417,2627,426,-85,16
新北市板橋區香雅里,1909,261,1862,234,1898,235,-11,-26
新北市板橋區新生里,3236,522,3163,515,3028,506,-208,-16
新北市板橋區文德里,2356,316,2308,308,2244,265,-112,-51
新北市板橋區文化里,2497,385,2490,407,2428,362,-69,-23
新北市板橋區新海里,2754,463,2693,451,2578,430,-176,-33
新北市板橋區莒光里,2073,375,2045,369,1981,334,-92,-41
新北市板橋區富貴里,1672,209,1637,212,1609,218,-63,9
新北市板橋區正泰里,2302,357,2226,331,2134,336,-168,-21
新北市板橋區民生里,1697,287,1650,302,1626,315,-71,28
新北市板橋區後埔里,2727,418,2688,400,2651,366,-76,-52
新北市板橋區華福里,1538,221,1506,188,1437,177,-101,-44
新北市板橋區堂春里,3500,565,3435,560,3319,551,-181,-14
新北市板橋區成和里,5473,943,5549,945,5578,950,105,7
新北市板橋區光榮里,1873,243,1859,259,1822,257,-51,14
新北市板橋區民安里,1429,278,1429,299,1404,319,-25,41
新北市板橋區陽明里,2008,244,1956,241,1891,242,-117,-2
新北市板橋區朝陽里,2519,342,2469,350,2415,365,-104,23
新北市板橋區松柏里,1744,201,1686,189,1646,172,-98,-29
新北市板橋區文聖里,3063,421,3041,407,3005,408,-58,-13
新北市板橋區居仁里,2583,331,2848,421,2940,464,357,133
新北市板橋區莊敬里,3215,690,3218,697,3193,696,-22,6
新北市板橋區東安里,1822,457,1775,450,1723,450,-99,-7
新北市板橋區五權里,3055,434,2974,434,2897,439,-158,5
新北市板橋區溪福里,11651,1934,11623,1858,11463,1845,-188,-89
新北市板橋區大觀里,2893,447,2844,474,2761,463,-132,16
新北市板橋區歡園里,964,106,963,113,936,121,-28,15
新北市三重區大有里,4206,520,4154,530,4022,508,-184,-12
新北市三重區二重里,1254,154,1230,129,1220,136,-34,-18
新北市三重區頂崁里,1854,216,1830,229,2002,271,148,55
新北市三重區谷王里,686,56,714,62,714,53,28,-3
新北市三重區中興里,3048,348,2998,352,2951,342,-97,-6
新北市三重區德厚里,265,16,264,18,262,17,-3,1
新北市三重區成功里,4876,754,4894,762,4965,764,89,10
新北市三重區福祉里,4273,737,4222,726,4170,734,-103,-3
新北市三重區福民里,2615,443,2584,435,2486,404,-129,-39
新北市三重區過田里,7483,760,7473,739,7489,714,6,-46
新北市三重區錦田里,1561,192,1554,200,1539,198,-22,6
新北市三重區重明里,2633,506,2760,497,2735,468,102,-38
新北市三重區光田里,3337,321,3228,303,3189,298,-148,-23
新北市三重區光陽里,4981,435,4941,423,4837,391,-144,-44
新北市三重區田心里,3154,313,3097,303,3050,300,-104,-13
新北市三重區福田里,2796,285,2733,285,2646,281,-150,-4
新北市三重區田中里,4808,800,4768,796,4648,782,-160,-18
新北市三重區田安里,4821,616,4798,590,4706,581,-115,-35
新北市三重區三民里,2542,424,2517,440,2465,444,-77,20
新北市三重區光明里,5810,943,5741,916,5678,916,-132,-27
新北市三重區光正里,2033,177,2045,182,2091,229,58,52
新北市三重區同安里,1119,129,1131,141,1102,130,-17,1
新北市三重區同慶里,1356,154,1348,161,1318,141,-38,-13
新北市三重區菜寮里,1685,262,1663,251,1652,247,-33,-15
新北市三重區永春里,1477,252,1474,227,1423,224,-54,-28
新北市三重區中正里,1063,96,1064,92,1028,101,-35,5
新北市三重區吉利里,1109,95,1077,101,1050,83,-59,-12
新北市三重區大同里,1576,128,1570,128,1552,140,-24,12
新北市三重區中民里,984,79,960,92,936,90,-48,11
新北市三重區平和里,1095,114,1107,113,1078,107,-17,-7
新北市三重區大安里,1288,148,1286,139,1249,124,-39,-24
新北市三重區仁德里,1495,146,1457,139,1408,134,-87,-12
新北市三重區忠孝里,1366,140,1354,150,1317,150,-49,10
新北市三重區仁義里,941,112,935,115,972,105,31,-7
新北市三重區光榮里,1110,107,1093,110,1067,100,-43,-7
新北市三重區光輝里,1171,123,1138,126,1120,117,-51,-6
新北市三重區福星里,855,74,922,87,912,85,57,11
新北市三重區福利里,1829,182,1826,194,1807,191,-22,9
新北市三重區清和里,3125,287,3128,283,3109,265,-16,-22
新北市三重區永興里,1019,116,998,118,1019,117,0,1
新北市三重區中山里,2096,256,2081,235,2049,230,-47,-26
新北市三重區大園里,2106,325,2092,314,2061,331,-45,6
新北市三重區國隆里,2153,251,2101,234,2044,214,-109,-37
新北市三重區重陽里,2775,352,2734,326,2704,325,-71,-27
新北市三重區民生里,3247,452,3208,431,3182,431,-65,-21
新北市三重區重新里,1052,142,1026,139,1040,116,-12,-26
新北市三重區正德里,851,124,833,120,796,114,-55,-10
新北市三重區正義里,1357,201,1333,203,1303,180,-54,-21
新北市三重區正安里,1505,178,1464,182,1450,172,-55,-6
新北市三重區自強里,1357,160,1337,159,1327,163,-30,3
新北市三重區文化里,1671,241,1618,220,1569,202,-102,-39
新北市三重區中央里,1386,170,1342,170,1332,173,-54,3
新北市三重區雙園里,741,83,732,83,698,79,-43,-4
新北市三重區錦通里,1086,106,1045,93,1007,97,-79,-9
新北市三重區錦安里,1372,129,1343,123,1303,125,-69,-4
新北市三重區長安里,1693,197,1668,201,1595,182,-98,-15
新北市三重區光華里,1546,157,1620,167,1693,166,147,9
新北市三重區長生里,699,68,696,68,654,62,-45,-6
新北市三重區開元里,1174,110,1141,113,1109,110,-65,0
新北市三重區大德里,647,61,651,61,632,63,-15,2
新北市三重區長元里,1933,200,1920,192,1860,188,-73,-12
新北市三重區長江里,1598,161,1568,151,1539,135,-59,-26
新北市三重區長泰里,1731,177,1665,166,1606,162,-125,-15
新北市三重區長福里,1215,120,1181,95,1198,95,-17,-25
新北市三重區介壽里,872,126,865,130,830,122,-42,-4
新北市三重區萬壽里,1560,129,1532,124,1503,125,-57,-4
新北市三重區錦江里,1848,163,1819,158,1797,160,-51,-3
新北市三重區龍濱里,2622,326,2567,293,2521,281,-101,-45
新北市三重區龍門里,1450,157,1433,152,1412,151,-38,-6
新北市三重區秀江里,1015,128,964,120,943,115,-72,-13
新北市三重區奕壽里,1339,143,1305,153,1280,162,-59,19
新北市三重區三安里,2002,222,1972,230,1928,231,-74,9
新北市三重區福安里,2377,260,2333,246,2275,244,-102,-16
新北市三重區信安里,1527,207,1541,204,1512,186,-15,-21
新北市三重區安慶里,1609,157,1537,156,1510,153,-99,-4
新北市三重區幸福里,3560,412,3511,401,3496,406,-64,-6
新北市三重區六合里,2875,383,2866,358,2807,350,-68,-33
新北市三重區六福里,4444,778,4442,787,4336,825,-108,47
新北市三重區順德里,1701,191,1678,187,1669,176,-32,-15
新北市三重區承德里,1344,148,1339,129,1324,132,-20,-16
新北市三重區瑞德里,1776,261,1794,261,1754,244,-22,-17
新北市三重區崇德里,2998,411,2911,371,2829,367,-169,-44
新北市三重區厚德里,2751,448,2720,422,2647,399,-104,-49
新北市三重區維德里,2185,335,2169,328,2153,309,-32,-26
新北市三重區尚德里,2336,339,2271,302,2221,290,-115,-49
新北市三重區培德里,2901,407,2850,421,2763,406,-138,-1
新北市三重區永德里,3797,564,3758,575,3681,557,-116,-7
新北市三重區永盛里,2499,447,2445,431,2388,389,-111,-58
新北市三重區永福里,4198,681,4086,669,3966,625,-232,-56
新北市三重區永清里,4193,695,4095,699,4023,652,-170,-43
新北市三重區永安里,3187,496,3165,482,3138,477,-49,-19
新北市三重區永煇里,2016,233,1970,223,1904,209,-112,-24
新北市三重區溪美里,6620,819,6645,825,6702,865,82,46
新北市三重區福隆里,3591,602,3573,587,3487,563,-104,-39
新北市三重區五常里,3279,454,3231,445,3190,429,-89,-25
新北市三重區五福里,2992,459,2995,463,2926,471,-66,12
新北市三重區仁忠里,2447,365,2391,358,2329,332,-118,-33
新北市三重區慈福里,1674,170,1664,187,1633,183,-41,13
新北市三重區慈生里,1683,196,1644,189,1605,199,-78,3
新北市三重區慈惠里,1679,193,1690,193,1658,208,-21,15
新北市三重區慈愛里,2669,306,2579,296,2498,295,-171,-11
新北市三重區慈化里,1954,270,1896,273,1891,284,-63,14
新北市三重區慈祐里,3675,497,3779,535,3780,552,105,55
新北市三重區五華里,4123,632,4057,607,3975,592,-148,-40
新北市三重區富貴里,4994,789,5032,823,4972,807,-22,18
新北市三重區富華里,2490,410,2506,424,2470,411,-20,1
新北市三重區富福里,1596,222,1575,239,1554,250,-42,28
新北市三重區碧華里,6293,984,6345,1072,6446,1135,153,151
新北市三重區五谷里,1346,125,1416,141,1425,134,79,9
新北市三重區博愛里,3659,437,3579,415,3468,416,-191,-21
新北市三重區福德里,3132,433,3150,449,3151,451,19,18
新北市三重區永吉里,2269,350,2234,351,2182,326,-87,-24
新北市三重區永發里,4645,753,4568,758,4441,712,-204,-41
新北市三重區永順里,4116,628,4046,609,3969,577,-147,-51
新北市三重區永豐里,4755,853,4662,811,4562,769,-193,-84
新北市三重區立德里,2637,336,2609,328,2506,307,-131,-29
新北市三重區福樂里,2827,407,2778,387,2766,378,-61,-29
新北市三重區仁華里,3277,460,3306,504,3228,512,-49,52
新北市三重區五順里,3153,406,3116,419,3061,386,-92,-20
新北市中和區中原里,4716,610,5125,698,5479,790,763,180
新北市中和區平河里,7325,953,7200,894,7134,865,-191,-88
新北市中和區信和里,3257,428,3215,420,3147,414,-110,-14
新北市中和區仁和里,3204,429,3088,419,2937,395,-267,-34
新北市中和區中正里,3046,402,2933,380,2848,378,-198,-24
新北市中和區建和里,2609,322,2549,307,2489,299,-120,-23
新北市中和區連和里,1835,214,1802,208,1772,198,-63,-16
新北市中和區連城里,4691,651,4704,646,4604,608,-87,-43
新北市中和區力行里,4724,632,4660,579,4569,587,-155,-45
新北市中和區枋寮里,2769,329,2800,335,2747,332,-22,3
新北市中和區漳和里,2771,366,2867,384,2857,374,86,8
新北市中和區廟美里,3266,402,3210,411,3107,407,-159,5
新北市中和區福真里,3172,337,3108,315,3029,297,-143,-40
新北市中和區福善里,3263,304,3247,309,3136,303,-127,-1
新北市中和區福美里,3313,441,3255,426,3174,415,-139,-26
新北市中和區福祥里,3858,478,3817,466,3738,451,-120,-27
新北市中和區瓦󿾨里,4216,533,4192,548,4122,541,-94,8
新北市中和區福和里,2777,297,2684,288,2635,283,-142,-14
新北市中和區佳和里,3660,460,3582,444,3533,431,-127,-29
新北市中和區安樂里,2747,258,2711,246,2643,224,-104,-34
新北市中和區安和里,2335,272,2323,279,2276,272,-59,0
新北市中和區安平里,4385,500,4279,478,4224,457,-161,-43
新北市中和區中安里,3179,307,3111,288,3043,289,-136,-18
新北市中和區泰安里,2559,250,2515,256,2486,261,-73,11
新北市中和區新南里,6357,865,6250,784,6100,719,-257,-146
新北市中和區南山里,3884,509,3805,481,3734,451,-150,-58
新北市中和區秀山里,3389,416,3320,421,3225,399,-164,-17
新北市中和區秀成里,2656,323,2589,332,2456,328,-200,5
新北市中和區秀福里,3569,365,3486,373,3423,380,-146,15
新北市中和區秀景里,4788,573,4710,552,4633,545,-155,-28
新北市中和區秀明里,3668,454,3653,455,3593,454,-75,0
新北市中和區秀峰里,3501,375,3617,368,3635,343,134,-32
新北市中和區秀仁里,2504,410,2458,400,2435,391,-69,-19
新北市中和區頂南里,2332,216,2253,236,2144,231,-188,15
新北市中和區華新里,5679,746,5615,725,5630,711,-49,-35
新北市中和區東南里,3020,312,2994,349,2884,333,-136,21
新北市中和區華南里,3862,483,3807,513,3726,486,-136,3
新北市中和區忠孝里,3543,424,3492,409,3415,381,-128,-43
新北市中和區崇南里,3248,352,3281,344,3234,329,-14,-23
新北市中和區景南里,2377,269,2321,282,2265,261,-112,-8
新北市中和區橫路里,250,17,238,16,229,17,-21,0
新北市中和區內南里,3888,471,3782,451,3721,445,-167,-26
新北市中和區壽南里,1691,228,1688,214,1715,200,24,-28
新北市中和區外南里,5624,482,5594,454,5551,452,-73,-30
新北市中和區復興里,3727,551,3637,539,3576,508,-151,-43
新北市中和區和興里,3330,440,3326,418,3244,393,-86,-47
新北市中和區景平里,4057,424,4033,405,3943,397,-114,-27
新北市中和區景新里,2627,269,2573,248,2531,241,-96,-28
新北市中和區景福里,4235,456,4204,457,4144,456,-91,0
新北市中和區景安里,3548,352,3566,382,3571,386,23,34
新北市中和區景文里,2689,318,2763,350,2757,327,68,9
新北市中和區錦和里,4384,624,4304,618,4241,594,-143,-30
新北市中和區錦昌里,1674,241,1672,249,1642,233,-32,-8
新北市中和區灰󿾨里,614,98,603,97,618,95,4,-3
新北市中和區積穗里,6413,820,6348,820,6241,796,-172,-24
新北市中和區民享里,1939,227,1890,217,1820,206,-119,-21
新北市中和區員山里,4951,1130,4975,1162,4823,1131,-128,1
新北市中和區嘉穗里,2209,289,2187,283,2135,281,-74,-8
新北市中和區文元里,3910,544,3769,536,3622,513,-288,-31
新北市中和區嘉新里,3137,362,3076,366,3015,348,-122,-14
新北市中和區民安里,3865,566,3812,545,3763,538,-102,-28
新北市中和區安穗里,3585,493,3511,471,3497,462,-88,-31
新北市中和區瑞穗里,1795,253,1764,273,1734,285,-61,32
新北市中和區明穗里,3469,518,3417,545,3292,552,-177,34
新北市中和區清穗里,2380,320,2306,305,2280,313,-100,-7
新北市中和區自強里,3930,511,3822,501,3700,475,-230,-36
新北市中和區德穗里,3374,436,3316,428,3277,396,-97,-40
新北市中和區民生里,3163,288,3146,289,3068,273,-95,-15
新北市中和區國光里,3024,333,2980,320,2881,314,-143,-19
新北市中和區壽德里,3395,525,3393,512,3380,491,-15,-34
新北市中和區明德里,2855,477,2861,460,2816,438,-39,-39
新北市中和區秀水里,2623,356,2592,344,2544,338,-79,-18
新北市中和區德行里,5143,853,5084,847,5000,807,-143,-46
新北市中和區宜安里,1361,126,1363,119,1350,126,-11,0
新北市中和區安順里,3254,320,3233,331,3104,294,-150,-26
新北市中和區秀義里,1987,260,1952,248,1916,248,-71,-12
新北市中和區秀士里,1834,180,1792,189,1750,177,-84,-3
新北市中和區興南里,2272,249,2245,244,2183,221,-89,-28
新北市中和區景本里,1559,172,1529,159,1488,159,-71,-13
新北市中和區福南里,3340,351,3268,339,3198,316,-142,-35
新北市中和區中興里,5323,924,5290,921,5162,869,-161,-55
新北市中和區吉興里,2337,328,2308,302,2255,294,-82,-34
新北市中和區中山里,2042,315,1999,311,1973,286,-69,-29
新北市中和區碧河里,3302,513,3465,511,3701,489,399,-24
新北市中和區錦中里,3296,515,3222,502,3113,487,-183,-28
新北市中和區錦盛里,3010,386,2960,390,2888,367,-122,-19
新北市中和區民有里,2097,257,2044,246,1990,198,-107,-59
新北市中和區員富里,2715,348,2704,361,2758,354,43,6
新北市中和區嘉慶里,3450,416,3396,394,3341,379,-109,-37
新北市中和區冠穗里,2590,261,2544,254,2436,226,-154,-35
新北市中和區國華里,2643,348,2576,343,2566,347,-77,-1
新北市中和區正南里,2657,295,2575,289,2521,280,-136,-15
新北市中和區正行里,2292,316,2277,309,2226,296,-66,-20
新北市永和區福林里,2380,335,2324,336,2288,335,-92,0
新北市永和區文化里,2064,248,2015,236,1960,232,-104,-16
新北市永和區豫溪里,3513,295,3627,296,3447,271,-66,-24
新北市永和區光明里,2198,288,2130,273,2040,294,-158,6
新北市永和區仁愛里,2017,209,1999,205,1934,185,-83,-24
新北市永和區永貞里,2412,320,2346,299,2267,309,-145,-11
新北市永和區永福里,1990,244,1935,256,1832,251,-158,7
新北市永和區民治里,2002,337,1968,332,1948,330,-54,-7
新北市永和區永成里,696,68,677,74,662,73,-34,5
新北市永和區忠義里,602,67,593,62,564,59,-38,-8
新北市永和區永元里,3366,567,3312,566,3262,585,-104,18
新北市永和區秀林里,2780,518,2841,553,2786,528,6,10
新北市永和區保安里,5464,797,5415,798,5205,748,-259,-49
新北市永和區中溪里,3836,457,3775,453,3681,458,-155,1
新北市永和區永安里,3097,420,3048,421,2979,418,-118,-2
新北市永和區民族里,3316,595,3283,606,3208,582,-108,-13
新北市永和區民權里,3264,587,3185,600,3125,582,-139,-5
新北市永和區中興里,2124,310,2139,299,2119,307,-5,-3
新北市永和區勵行里,911,115,871,113,857,110,-54,-5
新北市永和區秀朗里,2879,420,2826,423,2716,405,-163,-15
新北市永和區秀成里,2106,266,2066,262,1999,255,-107,-11
新北市永和區上溪里,1419,136,1378,143,1330,133,-89,-3
新北市永和區竹林里,2636,359,2576,355,2494,353,-142,-6
新北市永和區雙和里,2907,440,2874,425,2814,455,-93,15
新北市永和區安和里,2785,399,2729,373,2621,360,-164,-39
新北市永和區水源里,2908,434,2831,422,2738,403,-170,-31
新北市永和區協和里,2150,252,2147,238,2095,239,-55,-13
新北市永和區河堤里,2474,354,2468,343,2430,341,-44,-13
新北市永和區頂溪里,1804,208,1779,220,1714,223,-90,15
新北市永和區潭墘里,3309,527,3316,516,3274,495,-35,-32
新北市永和區潭安里,3504,541,3428,537,3369,520,-135,-21
新北市永和區大新里,1835,241,1838,259,1811,268,-24,27
新北市永和區保平里,3524,558,3388,543,3297,545,-227,-13
新北市永和區民本里,2989,601,2965,565,2887,547,-102,-54
新北市永和區民樂里,3516,571,3413,573,3230,515,-286,-56
新北市永和區光復里,1246,161,1202,172,1193,159,-53,-2
新北市永和區復興里,1674,216,1661,213,1616,197,-58,-19
新北市永和區福和里,3774,544,3726,536,3616,496,-158,-48
新北市永和區得和里,3093,407,3028,415,2933,419,-160,12
新北市永和區智光里,2420,393,2379,389,2297,381,-123,-12
新北市永和區新生里,636,64,545,54,620,60,-16,-4
新北市永和區大同里,675,89,554,75,714,90,39,1
新北市永和區前溪里,1511,171,1495,175,1453,159,-58,-12
新北市永和區和平里,3534,549,3507,543,3381,523,-153,-26
新北市永和區新廍里,1587,173,1588,171,1543,172,-44,-1
新北市永和區下溪里,3067,404,3076,392,3306,397,239,-7
新北市永和區秀和里,3691,485,3598,466,3490,475,-201,-10
新北市永和區河濱里,2320,323,2282,313,2261,345,-59,22
新北市永和區民生里,2848,527,2812,520,2757,527,-91,0
新北市永和區秀得里,1968,353,1911,338,1861,352,-107,-1
新北市永和區上林里,2483,392,2431,368,2343,354,-140,-38
新北市永和區網溪里,849,109,840,109,831,111,-18,2
新北市永和區正興里,1583,194,1558,178,1494,164,-89,-30
新北市永和區永興里,2195,347,2182,339,2139,350,-56,3
新北市永和區桂林里,2713,367,2682,374,2622,369,-91,2
新北市永和區店街里,3032,418,3015,429,2933,403,-99,-15
新北市永和區信義里,1926,192,1887,217,1838,196,-88,4
新北市永和區後溪里,1365,145,1354,154,1366,160,1,15
新北市永和區民富里,2202,423,2148,402,2072,374,-130,-49
新北市永和區秀元里,2132,353,2111,362,2091,356,-41,3
新北市永和區永樂里,1821,254,1755,253,1745,239,-76,-15
新北市永和區保順里,8015,1278,8057,1246,8115,1192,100,-86
新北市新莊區海山里,4153,539,4070,524,3950,492,-203,-47
新北市新莊區頭前里,6606,1217,6842,1268,7298,1261,692,44
新北市新莊區國泰里,1105,149,1078,157,1040,153,-65,4
新北市新莊區全安里,3415,519,3361,524,3321,482,-94,-37
新北市新莊區福基里,3582,583,3874,621,4114,641,532,58
新北市新莊區豐年里,2908,409,2851,407,2787,417,-121,8
新北市新莊區忠孝里,3542,557,3481,552,3841,557,299,0
新北市新莊區恆安里,3416,581,3368,566,3280,543,-136,-38
新北市新莊區後港里,5858,631,5781,642,5685,621,-173,-10
新北市新莊區文衡里,1568,252,1544,268,1507,271,-61,19
新北市新莊區中美里,4426,795,4358,813,4388,792,-38,-3
新北市新莊區八德里,2459,299,2417,284,2375,289,-84,-10
新北市新莊區興漢里,2481,360,2399,374,2311,333,-170,-27
新北市新莊區中和里,3457,464,3385,440,3289,436,-168,-28
新北市新莊區西盛里,9361,1834,9572,1910,9719,1943,358,109
新北市新莊區榮和里,3942,311,4103,356,4246,372,304,61
新北市新莊區中泰里,3326,545,3309,542,3226,503,-100,-42
新北市新莊區瓊林里,4433,692,4405,694,4314,644,-119,-48
新北市新莊區文德里,1351,228,1334,205,1303,192,-48,-36
新北市新莊區中誠里,1657,246,1605,236,1583,222,-74,-24
新北市新莊區裕民里,5492,971,5394,914,5298,863,-194,-108
新北市新莊區文明里,1337,202,1331,190,1281,175,-56,-27
新北市新莊區中港里,5030,944,4941,897,4820,903,-210,-41
新北市新莊區富國里,1873,221,1791,224,1736,234,-137,13
新北市新莊區思源里,4113,636,4027,623,3949,598,-164,-38
新北市新莊區立人里,1609,267,1434,234,1373,228,-236,-39
新北市新莊區南港里,4325,537,4217,525,4116,508,-209,-29
新北市新莊區仁愛里,2025,252,2003,242,1950,243,-75,-9
新北市新莊區立德里,1983,259,1956,248,1892,230,-91,-29
新北市新莊區信義里,4251,674,4184,674,4046,614,-205,-60
新北市新莊區立言里,3832,582,3758,592,3604,566,-228,-16
新北市新莊區民安里,4880,806,4783,797,4696,803,-184,-3
新北市新莊區和平里,3818,556,3710,536,3634,535,-184,-21
新北市新莊區立功里,2748,392,2719,367,2644,351,-104,-41
新北市新莊區民本里,2356,275,2285,285,2263,287,-93,12
新北市新莊區化成里,2797,400,2925,416,2972,408,175,8
新北市新莊區立志里,2940,457,2913,440,2831,428,-109,-29
新北市新莊區光華里,5863,1191,5781,1172,5654,1069,-209,-122
新北市新莊區思賢里,3303,503,3257,500,3177,474,-126,-29
新北市新莊區營盤里,1616,178,1580,189,1465,171,-151,-7
新北市新莊區光榮里,3631,685,3525,641,3511,639,-120,-46
新北市新莊區自強里,2000,263,1964,260,1892,242,-108,-21
新北市新莊區丹鳳里,7022,1211,7075,1217,6981,1225,-41,14
新北市新莊區光明里,3815,783,3850,806,3810,791,-5,8
新北市新莊區自立里,4241,628,4158,591,4037,584,-204,-44
新北市新莊區合鳳里,3557,561,3503,550,3476,553,-81,-8
新北市新莊區幸福里,3302,470,3231,465,3159,452,-143,-18
新北市新莊區雙鳳里,8712,1887,8842,1862,9012,1850,300,-37
新北市新莊區自信里,1915,275,1888,278,1840,244,-75,-31
新北市新莊區龍鳳里,7523,1627,7769,1705,8007,1765,484,138
新北市新莊區中華里,2315,345,2312,329,2270,294,-45,-51
新北市新莊區中隆里,3829,721,3924,748,3957,769,128,48
新北市新莊區中原里,9203,1359,9777,1529,10227,1720,1024,361
新北市新莊區中信里,6897,1436,6804,1469,6715,1423,-182,-13
新北市新莊區四維里,3733,487,3678,504,3573,494,-160,7
新北市新莊區建福里,1964,235,1906,221,1845,219,-119,-16
新北市新莊區中宏里,2960,381,2897,349,2839,351,-121,-30
新北市新莊區中全里,2877,407,2760,386,2686,364,-191,-43
新北市新莊區立泰里,3748,560,3713,578,3697,593,-51,33
新北市新莊區全泰里,3733,589,3682,587,3503,540,-230,-49
新北市新莊區仁義里,2876,367,2809,331,2746,339,-130,-28
新北市新莊區立基里,4865,677,4778,687,4588,648,-277,-29
新北市新莊區昌明里,2954,436,2893,432,2808,428,-146,-8
新北市新莊區昌平里,5686,1084,5991,1247,6297,1388,611,304
新北市新莊區文聖里,2474,406,2401,389,2352,378,-122,-28
新北市新莊區萬安里,2932,398,2850,424,2768,417,-164,19
新北市新莊區龍安里,1873,280,1817,256,1751,245,-122,-35
新北市新莊區福營里,1974,193,1946,194,1922,177,-52,-16
新北市新莊區後德里,2467,279,2436,299,2386,292,-81,13
新北市新莊區建安里,5537,667,5517,663,5412,647,-125,-20
新北市新莊區成德里,4009,673,3977,622,3945,631,-64,-42
新北市新莊區福興里,4859,658,4820,625,4817,637,-42,-21
新北市新莊區昌信里,3109,511,3102,492,3072,507,-37,-4
新北市新莊區昌隆里,3673,525,3583,471,3573,448,-100,-77
新北市新莊區中平里,7207,1472,7260,1468,7442,1560,235,88
新北市新莊區立廷里,8981,1910,9189,2000,9401,2120,420,210
新北市新莊區泰豐里,1944,291,1938,269,1923,278,-21,-13
新北市新莊區富民里,3157,371,3135,385,3069,368,-88,-3
新北市新莊區龍福里,1853,202,1844,214,1811,205,-42,3
新北市新莊區祥鳳里,1908,344,1903,322,1876,308,-32,-36
新北市新莊區民全里,3067,435,3024,434,2977,448,-90,13
新北市新莊區民有里,3316,443,3274,436,3227,428,-89,-15
新北市新莊區光正里,3625,781,3571,778,3513,722,-112,-59
新北市新莊區光和里,2293,405,2246,402,2178,376,-115,-29
新北市新店區國豐里,2334,252,2236,233,2143,237,-191,-15
新北市新店區明德里,2874,260,2885,279,2793,274,-81,14
新北市新店區大豐里,2763,309,2671,314,2557,306,-206,-3
新北市新店區大同里,2865,264,2758,277,2662,249,-203,-15
新北市新店區江陵里,4120,377,4055,386,3913,382,-207,5
新北市新店區寶興里,3934,398,3939,424,3876,410,-58,12
新北市新店區寶安里,3945,341,3881,341,3762,332,-183,-9
新北市新店區信義里,4986,274,4970,298,4909,284,-77,10
新北市新店區忠孝里,2028,186,2016,183,2000,165,-28,-21
新北市新店區大鵬里,1976,156,1942,154,1917,135,-59,-21
新北市新店區太平里,2407,218,2388,229,2304,222,-103,4
新北市新店區頂城里,1289,123,1253,120,1228,115,-61,-8
新北市新店區下城里,2469,326,2430,313,2407,320,-62,-6
新北市新店區柴埕里,7096,976,7116,1013,7078,949,-18,-27
新北市新店區永安里,4060,484,4021,495,3928,475,-132,-9
新北市新店區公崙里,9532,1455,9834,1545,10024,1621,492,166
新北市新店區德安里,4906,608,4804,572,4725,562,-181,-46
新北市新店區雙城里,4403,533,4292,505,4228,486,-175,-47
新北市新店區日興里,4550,453,4500,466,4424,436,-126,-17
新北市新店區玫瑰里,4686,504,4620,483,4519,466,-167,-38
新北市新店區塗潭里,740,76,728,82,720,70,-20,-6
新北市新店區美潭里,4010,428,3968,431,3889,404,-121,-24
新北市新店區員潭里,3942,481,3945,462,3936,454,-6,-27
新北市新店區雙坑里,580,72,561,64,546,56,-34,-16
新北市新店區粗坑里,2330,231,2282,221,2230,222,-100,-9
新北市新店區屈尺里,1676,164,1660,154,1649,140,-27,-24
新北市新店區龜山里,1253,92,1240,92,1251,90,-2,-2
新北市新店區廣興里,976,75,951,83,942,81,-34,6
新北市新店區直潭里,966,90,951,76,929,68,-37,-22
新北市新店區青潭里,4253,472,4186,468,4084,455,-169,-17
新北市新店區新店里,1289,138,1276,128,1268,134,-21,-4
新北市新店區張南里,1527,159,1572,178,1642,173,115,14
新北市新店區國校里,1977,228,1958,205,1928,185,-49,-43
新北市新店區文中里,1278,151,1275,161,1275,143,-3,-8
新北市新店區廣明里,595,55,589,53,582,59,-13,4
新北市新店區文明里,1792,170,1769,170,1723,156,-69,-14
新北市新店區中興里,3730,444,3630,422,3574,404,-156,-40
新北市新店區新生里,4212,423,4132,422,4022,409,-190,-14
新北市新店區新德里,1935,222,1946,234,1899,231,-36,9
新北市新店區張北里,6553,943,6488,928,6430,923,-123,-20
新北市新店區五峯里,5604,630,5603,648,5528,667,-76,37
新北市新店區新安里,4778,415,4633,377,4542,347,-236,-68
新北市新店區忠誠里,1711,222,1707,214,1678,222,-33,0
新北市新店區中正里,4339,509,4281,522,4206,505,-133,-4
新北市新店區中華里,3055,411,3059,422,2978,387,-77,-24
新北市新店區仁愛里,1437,164,1427,164,1379,170,-58,6
新北市新店區百忍里,2725,371,2668,364,2546,358,-179,-13
新北市新店區百和里,2347,300,2317,282,2240,260,-107,-40
新北市新店區福德里,2912,282,2848,268,2746,258,-166,-24
新北市新店區百福里,2579,316,2596,357,2533,361,-46,45
新北市新店區福民里,2914,330,2927,326,2841,309,-73,-21
新北市新店區中山里,3364,406,3354,376,3350,350,-14,-56
新北市新店區和平里,702,85,684,79,999,136,297,51
新北市新店區中央里,4150,456,4173,461,4098,440,-52,-16
新北市新店區明城里,2675,295,2649,295,2613,282,-62,-13
新北市新店區安和里,5964,874,6044,878,6091,886,127,12
新北市新店區吉祥里,3592,401,3525,389,3482,372,-110,-29
新北市新店區寶福里,5425,746,5387,735,5331,707,-94,-39
新北市新店區小城里,2857,364,2782,347,2668,321,-189,-43
新北市新店區香坡里,8536,914,8640,902,8673,870,137,-44
新北市新店區建國里,2234,228,2162,232,2129,213,-105,-15
新北市新店區復興里,2527,258,2474,253,2386,239,-141,-19
新北市新店區美城里,2095,208,2056,205,2020,196,-75,-12
新北市新店區安昌里,4342,567,4350,542,4332,522,-10,-45
新北市新店區長春里,1914,196,1889,200,1858,199,-56,3
新北市新店區新和里,3324,388,3272,378,3203,370,-121,-18
新北市新店區永平里,4510,644,4435,643,4359,608,-151,-36
新北市新店區達觀里,3090,304,3128,312,3091,323,1,19
新北市新店區華城里,2108,185,2127,192,2088,179,-20,-6
新北市樹林區三多里,3347,465,3267,429,3192,409,-155,-56
新北市樹林區三福里,3066,515,3029,506,2961,499,-105,-16
新北市樹林區三興里,3846,589,3773,564,3687,531,-159,-58
新北市樹林區圳安里,3127,328,3128,340,3094,331,-33,3
新北市樹林區保安里,4917,683,4823,656,4645,605,-272,-78
新北市樹林區潭底里,3754,491,3757,486,3779,474,25,-17
新北市樹林區󿾵寮里,4176,535,4087,517,4006,505,-170,-30
新北市樹林區樹德里,2745,365,2712,341,2636,341,-109,-24
新北市樹林區樹西里,3813,625,3743,623,3669,581,-144,-44
新北市樹林區樹南里,3373,393,3311,388,3240,405,-133,12
新北市樹林區樹人里,2601,436,2586,430,2522,401,-79,-35
新北市樹林區坡內里,1351,182,1326,178,1309,168,-42,-14
新北市樹林區樹東里,854,97,878,114,856,107,2,10
新北市樹林區大同里,2957,396,2924,403,2881,403,-76,7
新北市樹林區和平里,2959,454,2876,448,2824,438,-135,-16
新北市樹林區彭厝里,4151,586,4064,559,4007,524,-144,-62
新北市樹林區彭福里,4182,635,4164,612,4134,598,-48,-37
新北市樹林區東山里,2527,302,2509,306,2461,287,-66,-15
新北市樹林區東陽里,4771,694,4727,658,4693,654,-78,-40
新北市樹林區東昇里,3901,553,3991,598,3946,578,45,25
新北市樹林區樂山里,1431,215,1521,218,1521,226,90,11
新北市樹林區東園里,1334,193,1312,177,1298,160,-36,-33
新北市樹林區西園里,1435,189,1412,186,1371,191,-64,2
新北市樹林區南園里,10872,3051,11026,3011,11076,2961,204,-90
新北市樹林區北園里,1794,220,1766,209,1745,208,-49,-12
新北市樹林區柑園里,6995,1752,7037,1722,7055,1694,60,-58
新北市樹林區樹北里,680,69,659,62,648,61,-32,-8
新北市樹林區圳福里,3500,567,3451,581,3351,565,-149,-2
新北市樹林區樹興里,2919,447,2835,450,2785,414,-134,-33
新北市樹林區樹福里,2761,386,2740,381,2688,373,-73,-13
新北市樹林區光興里,3368,423,3321,430,3282,416,-86,-7
新北市樹林區金寮里,3435,520,3503,519,3483,517,48,-3
新北市樹林區彭興里,4838,673,4764,667,4652,635,-186,-38
新北市樹林區文林里,4128,692,4039,636,3970,598,-158,-94
新北市樹林區山佳里,4657,678,4617,665,4559,634,-98,-44
新北市樹林區中山里,4129,685,4109,672,4052,634,-77,-51
新北市樹林區育英里,2409,328,2403,339,2374,343,-35,15
新北市樹林區中華里,2881,383,2864,377,2821,359,-60,-24
新北市樹林區太順里,2218,324,2198,331,2166,323,-52,-1
新北市樹林區圳民里,2379,268,2377,261,2325,251,-54,-17
新北市樹林區圳生里,1339,110,1307,114,1275,116,-64,6
新北市樹林區三龍里,1672,197,1632,182,1653,182,-19,-15
新北市鶯歌區東鶯里,824,132,812,126,800,110,-24,-22
新北市鶯歌區西鶯里,1697,207,1691,206,1649,202,-48,-5
新北市鶯歌區南鶯里,4501,620,4433,615,4387,572,-114,-48
新北市鶯歌區北鶯里,3388,577,3344,542,3321,511,-67,-66
新北市鶯歌區中鶯里,797,133,808,120,784,109,-13,-24
新北市鶯歌區建德里,450,81,449,79,440,68,-10,-13
新北市鶯歌區同慶里,1286,249,1233,245,1196,234,-90,-15
新北市鶯歌區永昌里,6832,1113,6785,1089,6639,1024,-193,-89
新北市鶯歌區南靖里,2766,433,2670,408,2630,405,-136,-28
新北市鶯歌區尖山里,6420,970,6668,1027,6912,1099,492,129
新北市鶯歌區二橋里,6530,1043,6493,994,6520,978,-10,-65
新北市鶯歌區二甲里,750,114,722,96,698,89,-52,-25
新北市鶯歌區東湖里,198,23,200,25,197,15,-1,-8
新北市鶯歌區大湖里,4063,460,3973,455,3928,438,-135,-22
新北市鶯歌區鳳鳴里,3746,543,4143,613,4409,674,663,131
新北市鶯歌區鳳福里,2997,280,3070,315,3133,327,136,47
新北市鶯歌區永吉里,3845,626,3855,654,3779,648,-66,22
新北市鶯歌區中湖里,4637,594,4578,571,4487,557,-150,-37
新北市鶯歌區鳳祥里,3655,515,3523,487,3402,468,-253,-47
新北市鶯歌區建國里,5678,962,5711,1000,5703,1003,25,41
新北市三峽區三峽里,213,30,213,38,207,40,-6,10
新北市三峽區秀川里,483,80,477,75,473,76,-10,-4
新北市三峽區八張里,3189,527,3190,508,3149,505,-40,-22
新北市三峽區中埔里,2541,439,2596,454,2773,506,232,67
新北市三峽區弘道里,893,116,877,119,871,111,-22,-5
新北市三峽區永舘里,5887,968,5799,950,5671,885,-216,-83
新北市三峽區礁溪里,4731,667,4824,678,4791,664,60,-3
新北市三峽區鳶山里,7967,1326,7934,1341,7824,1294,-143,-32
新北市三峽區龍埔里,7566,1485,7581,1445,7650,1480,84,-5
新北市三峽區大埔里,3246,433,3214,431,3202,431,-44,-2
新北市三峽區嘉添里,1678,169,1617,178,1615,158,-63,-11
新北市三峽區添福里,911,97,878,94,869,85,-42,-12
新北市三峽區金圳里,416,40,392,36,371,41,-45,1
新北市三峽區五寮里,648,63,622,56,611,51,-37,-12
新北市三峽區插角里,454,43,437,39,432,37,-22,-6
新北市三峽區有木里,521,48,490,42,472,37,-49,-11
新北市三峽區溪北里,1818,233,1779,213,1780,177,-38,-56
新北市三峽區溪南里,1190,127,1191,120,1170,120,-20,-7
新北市三峽區溪東里,2485,307,2465,289,2406,280,-79,-27
新北市三峽區成福里,755,79,744,72,717,69,-38,-10
新北市三峽區安坑里,1067,117,1050,109,1025,92,-42,-25
新北市三峽區竹崙里,1508,146,1461,140,1442,136,-66,-10
新北市三峽區介壽里,5629,734,5642,720,5565,699,-64,-35
新北市三峽區安溪里,6324,748,6264,741,6191,700,-133,-48
新北市三峽區中正里,4255,574,4280,573,4206,535,-49,-39
新北市三峽區二鬮里,2944,355,2908,340,2873,333,-71,-22
新北市三峽區龍學里,11035,3378,11239,3365,11275,3343,240,-35
新北市三峽區龍恩里,5154,1388,5279,1405,5369,1348,215,-40
新北市淡水區中和里,430,49,438,40,430,41,0,-8
新北市淡水區屯山里,843,83,813,79,791,71,-52,-12
新北市淡水區賢孝里,1211,125,1193,117,1185,101,-26,-24
新北市淡水區興仁里,1214,90,1185,96,1160,94,-54,4
新北市淡水區蕃薯里,824,84,803,74,807,64,-17,-20
新北市淡水區義山里,2113,204,2019,191,1987,196,-126,-8
新北市淡水區忠山里,645,62,636,69,616,64,-29,2
新北市淡水區崁頂里,11880,2388,13588,2681,15085,2957,3205,569
新北市淡水區埤島里,1301,215,1293,209,1343,232,42,17
新北市淡水區新興里,5875,906,5913,897,5853,882,-22,-24
新北市淡水區水碓里,4503,615,4506,595,4431,574,-72,-41
新北市淡水區北投里,7704,1961,7882,1934,8083,1920,379,-41
新北市淡水區水源里,1655,183,1624,176,1583,162,-72,-21
新北市淡水區忠寮里,848,95,838,93,822,100,-26,5
新北市淡水區樹興里,1069,97,1062,94,1046,86,-23,-11
新北市淡水區坪頂里,1021,75,1002,66,990,61,-31,-14
新北市淡水區福德里,5259,543,5338,539,5329,555,70,12
新北市淡水區竹圍里,4784,453,4695,447,4668,441,-116,-12
新北市淡水區民生里,5435,616,5411,618,5339,590,-96,-26
新北市淡水區八勢里,4418,462,4620,509,4782,499,364,37
新北市淡水區竿蓁里,7883,948,8072,944,8139,926,256,-22
新北市淡水區鄧公里,4870,602,4838,595,4810,576,-60,-26
新北市淡水區中興里,2941,349,2962,357,2898,328,-43,-21
新北市淡水區長庚里,1056,85,1040,78,999,73,-57,-12
新北市淡水區清文里,899,71,877,83,844,89,-55,18
新北市淡水區草東里,566,57,545,53,518,52,-48,-5
新北市淡水區協元里,1163,132,1104,124,1070,122,-93,-10
新北市淡水區永吉里,694,89,669,82,642,74,-52,-15
新北市淡水區民安里,505,76,496,70,473,68,-32,-8
新北市淡水區新生里,336,24,334,28,323,23,-13,-1
新北市淡水區文化里,1351,203,1328,176,1304,176,-47,-27
新北市淡水區油車里,4196,438,4144,457,4105,456,-91,18
新北市淡水區沙崙里,3394,390,3499,398,3519,403,125,13
新北市淡水區新義里,3284,441,3216,438,3140,430,-144,-11
新北市淡水區新春里,6914,1109,7085,1096,7208,1126,294,17
新北市淡水區新民里,3776,430,3762,428,3660,430,-116,0
新北市淡水區正德里,3754,534,3757,524,3727,534,-27,0
新北市淡水區北新里,2283,302,2276,299,2259,301,-24,-1
新北市淡水區民權里,3408,360,3504,344,3531,337,123,-23
新北市淡水區幸福里,3030,418,2951,404,2884,391,-146,-27
新北市淡水區學府里,3699,470,3648,448,3624,439,-75,-31
新北市淡水區大庄里,6256,688,6954,798,7533,925,1277,237
新北市汐止區義民里,997,97,972,90,953,88,-44,-9
新北市汐止區禮門里,757,101,768,97,786,94,29,-7
新北市汐止區智慧里,3695,415,3730,414,3687,435,-8,20
新北市汐止區信望里,231,14,234,14,231,19,0,5
新北市汐止區橋東里,2296,386,2441,405,2539,425,243,39
新北市汐止區秀峰里,4201,637,4197,647,4201,617,0,-20
新北市汐止區新昌里,4203,627,4090,610,4025,634,-178,7
新北市汐止區復興里,5527,729,5506,744,5470,751,-57,22
新北市汐止區茄苳里,3669,577,3655,569,3595,565,-74,-12
新北市汐止區長安里,1230,127,1196,132,1196,132,-34,5
新北市汐止區保安里,1285,139,1238,136,1234,132,-51,-7
新北市汐止區保長里,3589,527,3713,573,3711,575,122,48
新北市汐止區鄉長里,1838,192,1828,181,1780,167,-58,-25
新北市汐止區江北里,4868,527,4810,530,4760,547,-108,20
新北市汐止區拱北里,4053,445,4039,432,3998,424,-55,-21
新北市汐止區烘內里,1193,83,1184,77,1160,84,-33,1
新北市汐止區八連里,756,69,757,63,738,58,-18,-11
新北市汐止區樟樹里,1653,142,1629,142,1614,145,-39,3
新北市汐止區北峰里,3613,381,3637,372,3749,410,136,29
新北市汐止區北山里,4415,323,4424,341,4445,317,30,-6
新北市汐止區白雲里,3412,446,3382,442,3390,424,-22,-22
新北市汐止區橫科里,3516,306,3482,322,3416,334,-100,28
新北市汐止區東山里,466,54,458,52,446,48,-20,-6
新北市汐止區福山里,2696,240,2697,243,2654,232,-42,-8
新北市汐止區宜興里,2141,203,2111,207,2086,210,-55,7
新北市汐止區中興里,6298,449,6326,473,6296,492,-2,43
新北市汐止區湖光里,4702,416,4754,414,4834,413,132,-3
新北市汐止區仁德里,1308,116,1314,118,1331,117,23,1
新北市汐止區厚德里,6033,634,6079,615,6064,580,31,-54
新北市汐止區忠孝里,6598,608,6621,601,6553,576,-45,-32
新北市汐止區自強里,4391,645,4483,712,4544,734,153,89
新北市汐止區文化里,3489,482,3578,528,3633,523,144,41
新北市汐止區金龍里,4116,401,4153,395,4198,389,82,-12
新北市汐止區福德里,2608,213,2620,232,2578,224,-30,11
新北市汐止區興福里,2568,175,2574,173,2522,162,-46,-13
新北市汐止區康福里,4239,350,4230,321,4265,318,26,-32
新北市汐止區忠山里,2588,168,2511,169,2427,155,-161,-13
新北市汐止區環河里,943,72,923,71,919,78,-24,6
新北市汐止區東勢里,3188,315,3324,335,3450,350,262,35
新北市汐止區山光里,2240,218,2294,229,2308,233,68,15
新北市汐止區大同里,2226,270,2234,261,2210,250,-16,-20
新北市汐止區崇德里,4003,627,3982,622,3938,602,-65,-25
新北市汐止區湖興里,5013,436,5056,451,5055,450,42,14
新北市汐止區長青里,656,59,615,52,586,51,-70,-8
新北市汐止區福安里,4686,1069,5082,1138,5231,1145,545,76
新北市汐止區秀山里,3517,563,3529,543,3495,536,-22,-27
新北市汐止區建成里,4193,643,4157,578,4092,538,-101,-105
新北市汐止區城中里,3591,455,3642,435,3631,431,40,-24
新北市汐止區湖蓮里,2009,211,2050,212,2047,191,38,-20
新北市汐止區保新里,2360,205,2348,215,2348,196,-12,-9
新北市瑞芳區龍潭里,585,60,566,58,557,55,-28,-5
新北市瑞芳區龍興里,1581,222,1552,222,1521,220,-60,-2
新北市瑞芳區龍鎮里,992,89,965,80,949,71,-43,-18
新北市瑞芳區龍川里,1374,195,1372,185,1326,167,-48,-28
新北市瑞芳區龍山里,1142,86,1117,90,1077,90,-65,4
新北市瑞芳區龍安里,508,48,498,44,487,51,-21,3
新北市瑞芳區爪峯里,2999,403,2950,391,2925,362,-74,-41
新北市瑞芳區柑坪里,899,96,886,98,875,90,-24,-6
新北市瑞芳區東和里,1318,183,1298,168,1278,163,-40,-20
新北市瑞芳區上天里,1075,106,1051,122,1023,105,-52,-1
新北市瑞芳區吉慶里,1479,118,1438,107,1417,110,-62,-8
新北市瑞芳區吉安里,2555,289,2494,264,2465,270,-90,-19
新北市瑞芳區傑魚里,1653,210,1622,196,1587,190,-66,-20
新北市瑞芳區猴硐里,354,24,363,31,348,26,-6,2
新北市瑞芳區光復里,197,15,178,16,165,14,-32,-1
新北市瑞芳區弓橋里,221,10,211,10,201,8,-20,-2
新北市瑞芳區碩仁里,113,6,107,2,103,1,-10,-5
新北市瑞芳區基山里,315,26,306,26,295,20,-20,-6
新北市瑞芳區永慶里,321,27,304,25,290,26,-31,-1
新北市瑞芳區崇文里,231,13,217,10,204,7,-27,-6
新北市瑞芳區福住里,123,11,123,9,117,9,-6,-2
新北市瑞芳區頌德里,246,19,245,22,229,18,-17,-1
新北市瑞芳區新山里,264,12,252,14,241,14,-23,2
新北市瑞芳區瓜山里,130,8,124,7,115,4,-15,-4
新北市瑞芳區銅山里,120,8,118,8,115,4,-5,-4
新北市瑞芳區石山里,217,14,211,19,206,15,-11,1
新北市瑞芳區濓新里,219,19,217,23,211,18,-8,-1
新北市瑞芳區濓洞里,329,27,331,27,334,25,5,-2
新北市瑞芳區海濱里,1067,66,1047,62,1038,62,-29,-4
新北市瑞芳區瑞濱里,1670,174,1644,183,1601,166,-69,-8
新北市瑞芳區深澳里,1088,88,1089,101,1069,98,-19,10
新北市瑞芳區南雅里,226,17,216,15,209,8,-17,-9
新北市瑞芳區鼻頭里,732,53,713,53,711,49,-21,-4
新北市瑞芳區新峰里,2770,390,2760,388,2755,387,-15,-3
新北市土城區埤塘里,4379,404,4437,407,4414,392,35,-12
新北市土城區土城里,1562,241,1547,238,1539,247,-23,6
新北市土城區員林里,4840,659,5177,728,5518,805,678,146
新北市土城區員仁里,4428,614,4334,605,4260,601,-168,-13
新北市土城區長風里,1562,177,1554,170,1580,167,18,-10
新北市土城區日新里,3641,476,3571,485,3445,495,-196,19
新北市土城區日和里,4601,690,4737,733,5017,810,416,120
新北市土城區貨饒里,3527,467,3519,485,3469,502,-58,35
新北市土城區柑林里,2808,494,2790,502,2989,520,181,26
新北市土城區埤林里,6984,995,6861,992,6727,945,-257,-50
新北市土城區瑞興里,2375,281,2315,282,2236,285,-139,4
新北市土城區清水里,6648,854,6503,814,6424,790,-224,-64
新北市土城區清和里,5061,610,4938,587,4828,571,-233,-39
新北市土城區永豐里,3507,517,3445,511,3402,495,-105,-22
新北市土城區清化里,1271,143,1249,130,1229,129,-42,-14
新北市土城區清溪里,5508,678,5383,689,5264,682,-244,4
新北市土城區峯廷里,5973,783,5918,822,5769,787,-204,4
新北市土城區平和里,5705,735,5625,734,5519,750,-186,15
新北市土城區廷寮里,3982,527,3909,491,3870,466,-112,-61
新北市土城區大安里,3802,559,3800,557,3734,538,-68,-21
新北市土城區永寧里,6502,1047,6492,1069,6475,1074,-27,27
新北市土城區沛陂里,3709,510,3699,508,3732,507,23,-3
新北市土城區頂埔里,4020,520,3989,476,3920,462,-100,-58
新北市土城區頂福里,4134,596,4081,595,4060,568,-74,-28
新北市土城區頂新里,2262,469,2252,462,2259,445,-3,-24
新北市土城區祖田里,1341,163,1306,151,1295,161,-46,-2
新北市土城區樂利里,4199,459,4069,455,3964,443,-235,-16
新北市土城區廣福里,4703,662,4620,626,4514,657,-189,-5
新北市土城區學府里,2850,426,2814,427,2751,443,-99,17
新北市土城區延壽里,3528,467,3481,467,3398,473,-130,6
新北市土城區安和里,4046,522,3967,509,3892,515,-154,-7
新北市土城區青雲里,2317,337,2307,320,2322,339,5,2
新北市土城區員福里,4397,540,4314,529,4203,531,-194,-9
新北市土城區延吉里,3441,440,3348,443,3293,428,-148,-12
新北市土城區復興里,3680,458,3584,450,3458,444,-222,-14
新北市土城區裕生里,4375,585,4311,586,4196,555,-179,-30
新北市土城區員信里,3564,444,3481,445,3365,454,-199,10
新北市土城區永富里,4309,543,4424,561,4444,537,135,-6
新北市土城區學成里,2633,381,2599,375,2548,364,-85,-17
新北市土城區延和里,5186,773,5241,782,5242,801,56,28
新北市土城區中正里,2655,395,2624,409,2562,416,-93,21
新北市土城區學士里,3954,616,3916,603,3865,566,-89,-50
新北市土城區明德里,4798,639,4828,645,4729,603,-69,-36
新北市土城區廣興里,2807,418,2792,437,2766,437,-41,19
新北市土城區青山里,2333,397,2274,390,2197,380,-136,-17
新北市土城區金城里,5081,670,5026,641,4944,616,-137,-54
新北市土城區延祿里,3397,425,3375,423,3283,420,-114,-5
新北市蘆洲區正義里,10351,2911,10729,2894,10971,2836,620,-75
新北市蘆洲區中原里,4653,850,4728,861,4694,828,41,-22
新北市蘆洲區中路里,3247,511,3234,490,3176,480,-71,-31
新北市蘆洲區光華里,4171,571,4145,566,4104,560,-67,-11
新北市蘆洲區保佑里,2929,467,2868,433,2820,434,-109,-33
新北市蘆洲區水湳里,8485,1212,8441,1200,8403,1151,-82,-61
新北市蘆洲區樓厝里,5117,693,5054,659,5201,673,84,-20
新北市蘆洲區鷺江里,4434,641,4354,601,4302,577,-132,-64
新北市蘆洲區恆德里,4885,617,4879,581,4842,564,-43,-53
新北市蘆洲區溪墘里,2390,346,2392,349,2352,333,-38,-13
新北市蘆洲區樹德里,2590,340,2555,301,2478,294,-112,-46
新北市蘆洲區保和里,2022,277,1988,281,1955,258,-67,-19
新北市蘆洲區仁復里,1673,207,1613,208,1547,207,-126,0
新北市蘆洲區得勝里,2503,312,2486,292,2464,283,-39,-29
新北市蘆洲區南港里,4818,794,4803,813,4799,823,-19,29
新北市蘆洲區永樂里,5193,927,5099,871,5034,864,-159,-63
新北市蘆洲區永康里,5692,849,5651,811,5582,769,-110,-80
新北市蘆洲區信義里,3201,461,3161,478,3088,475,-113,14
新北市蘆洲區玉清里,4690,665,4711,638,4715,619,25,-46
新北市蘆洲區復興里,2837,347,2840,304,2774,294,-63,-53
新北市蘆洲區水河里,7853,980,7810,959,7752,967,-101,-13
新北市蘆洲區仁愛里,4307,507,4301,504,4222,498,-85,-9
新北市蘆洲區忠義里,2636,391,2607,379,2560,366,-76,-25
新北市蘆洲區九芎里,4515,568,4455,559,4400,542,-115,-26
新北市蘆洲區中華里,2537,369,2483,365,2455,376,-82,7
新北市蘆洲區得仁里,2409,306,2342,293,2295,293,-114,-13
新北市蘆洲區仁德里,4355,655,4322,683,4255,696,-100,41
新北市蘆洲區仁義里,4461,434,4363,443,4318,435,-143,1
新北市蘆洲區光明里,3857,603,3876,593,3779,568,-78,-35
新北市蘆洲區保新里,2572,316,2765,391,2986,428,414,112
新北市蘆洲區長安里,4247,490,4260,512,4224,520,-23,30
新北市蘆洲區民和里,2123,221,2057,212,2025,216,-98,-5
新北市蘆洲區忠孝里,2021,276,1959,279,1947,272,-74,-4
新北市蘆洲區福安里,2688,367,2660,370,2597,349,-91,-18
新北市蘆洲區永安里,4201,592,4203,602,4101,602,-100,10
新北市蘆洲區延平里,3453,423,3416,415,3403,403,-50,-20
新北市蘆洲區成功里,6392,929,6294,908,6225,888,-167,-41
新北市蘆洲區永德里,3808,443,3772,463,3686,449,-122,6
新北市五股區興珍里,3683,429,3642,435,3577,426,-106,-3
新北市五股區更寮里,917,81,922,82,889,83,-28,2
新北市五股區集福里,3101,376,3091,358,3017,326,-84,-50
新北市五股區觀音里,1054,114,1027,108,982,97,-72,-17
新北市五股區成州里,4899,732,4873,716,4874,710,-25,-22
新北市五股區成功里,5162,812,5441,859,5700,864,538,52
新北市五股區五龍里,1080,124,1049,115,1031,107,-49,-17
新北市五股區五股里,3490,461,3428,449,3370,403,-120,-58
新北市五股區五福里,2876,352,2820,353,2773,349,-103,-3
新北市五股區德音里,4349,574,4350,551,4359,524,10,-50
新北市五股區陸一里,1796,184,1835,189,1825,182,29,-2
新北市五股區貿商里,2266,335,2260,301,2222,246,-44,-89
新北市五股區德泰里,3648,544,3629,533,3633,499,-15,-45
新北市五股區成德里,2489,376,2518,390,2600,391,111,15
新北市五股區六福里,3215,374,3187,362,3185,369,-30,-5
新北市五股區集賢里,3190,420,3235,433,3238,430,48,10
新北市五股區民義里,2748,405,2823,407,2847,431,99,26
新北市五股區成泰里,7332,1173,8203,1318,8839,1421,1507,248
新北市五股區水碓里,6376,887,6359,876,6328,883,-48,-4
新北市五股區福德里,2653,390,2709,401,2733,400,80,10
新北市泰山區大科里,734,88,739,79,722,76,-12,-12
新北市泰山區黎明里,2796,455,2811,431,2760,380,-36,-75
新北市泰山區山腳里,5393,871,5334,864,5257,840,-136,-31
新北市泰山區福泰里,2141,305,2112,274,2087,262,-54,-43
新北市泰山區楓樹里,3454,541,3447,522,3389,488,-65,-53
新北市泰山區同榮里,3210,482,3196,478,3132,466,-78,-16
新北市泰山區義學里,3753,633,3775,631,3768,634,15,1
新北市泰山區明志里,2930,390,2881,382,2904,401,-26,11
新北市泰山區貴子里,3100,383,3070,392,3065,393,-35,10
新北市泰山區貴和里,3832,576,3782,578,3764,558,-68,-18
新北市泰山區同興里,2921,669,2885,625,2845,578,-76,-91
新北市泰山區義仁里,6745,1316,6715,1300,6622,1196,-123,-120
新北市泰山區泰友里,1732,208,1684,187,1621,191,-111,-17
新北市泰山區新明里,2632,367,2569,366,2486,348,-146,-19
新北市泰山區貴賢里,2819,378,2788,349,2732,340,-87,-38
新北市泰山區福興里,2791,473,2769,439,2720,394,-71,-79
新北市泰山區全興里,7222,1854,7236,1690,7257,1629,35,-225
新北市林口區東林里,3239,465,3168,432,3070,430,-169,-35
新北市林口區林口里,4404,630,4360,617,4284,610,-120,-20
新北市林口區西林里,8067,1544,8326,1579,8457,1578,390,34
新北市林口區菁湖里,3315,499,3303,505,3255,486,-60,-13
新北市林口區中湖里,3377,582,3556,597,3672,632,295,50
新北市林口區湖北里,1179,148,1186,162,1166,154,-13,6
新北市林口區湖南里,16236,4647,17267,4963,18247,5267,2011,620
新北市林口區南勢里,14856,3853,16459,4560,18057,5165,3201,1312
新北市林口區東勢里,5006,844,5274,946,5599,1068,593,224
新北市林口區頂福里,829,110,811,97,814,118,-15,8
新北市林口區下福里,1047,130,1049,123,1038,134,-9,4
新北市林口區嘉寶里,781,104,773,95,757,101,-24,-3
新北市林口區瑞平里,702,109,661,108,634,101,-68,-8
新北市林口區太平里,1269,213,1296,228,1291,233,22,20
新北市林口區仁愛里,5379,1095,5441,1049,5450,1027,71,-68
新北市林口區麗林里,7211,1671,7181,1579,7185,1520,-26,-151
新北市林口區麗園里,3275,462,3251,462,3205,451,-70,-11
新北市深坑區深坑里,2680,253,2678,256,2641,272,-39,19
新北市深坑區萬順里,1980,156,1992,153,1988,155,8,-1
新北市深坑區土庫里,2382,256,2382,269,2364,261,-18,5
新北市深坑區昇高里,1639,181,1596,185,1587,194,-52,13
新北市深坑區阿柔里,457,45,446,43,438,47,-19,2
新北市深坑區埔新里,5122,591,5073,570,5023,527,-99,-64
新北市深坑區萬福里,2081,191,2068,185,2041,183,-40,-8
新北市深坑區賴仲里,1827,184,1820,181,1806,164,-21,-20
新北市石碇區石碇里,318,29,309,29,294,26,-24,-3
新北市石碇區潭邊里,623,47,603,42,607,40,-16,-7
新北市石碇區隆盛里,539,46,525,40,526,42,-13,-4
新北市石碇區烏塗里,492,24,479,25,442,23,-50,-1
新北市石碇區彭山里,250,18,243,16,226,12,-24,-6
新北市石碇區豐田里,268,26,271,22,274,17,6,-9
新北市石碇區永定里,487,41,487,32,484,35,-3,-6
新北市石碇區中民里,594,44,584,39,587,35,-7,-9
新北市石碇區光明里,214,9,205,12,186,11,-28,2
新北市石碇區豐林里,270,8,253,14,245,19,-25,11
新北市石碇區永安里,640,82,645,91,642,88,2,6
新北市石碇區格頭里,747,82,739,70,728,70,-19,-12
新北市坪林區粗窟里,637,34,638,42,627,41,-10,7
新北市坪林區坪林里,1016,129,1043,131,1038,127,22,-2
新北市坪林區大林里,865,90,865,88,834,76,-31,-14
新北市坪林區石𥕢里,313,13,301,13,297,10,-16,-3
新北市坪林區上德里,645,49,631,54,622,46,-23,-3
新北市坪林區水德里,481,35,475,30,469,32,-12,-3
新北市坪林區漁光里,551,26,547,33,543,32,-8,6
新北市三芝區八賢里,235,18,236,18,222,16,-13,-2
新北市三芝區埔頭里,4297,510,4241,506,4182,512,-115,2
新北市三芝區古庄里,849,62,843,59,824,50,-25,-12
新北市三芝區新庄里,610,78,582,69,569,55,-41,-23
新北市三芝區埔坪里,5372,651,5284,628,5203,608,-169,-43
新北市三芝區茂長里,519,38,501,33,475,32,-44,-6
新北市三芝區橫山里,357,29,351,33,338,27,-19,-2
新北市三芝區錫板里,507,49,487,47,467,45,-40,-4
新北市三芝區後厝里,1601,95,1582,102,1512,89,-89,-6
新北市三芝區福德里,643,59,619,61,599,62,-44,3
新北市三芝區圓山里,429,34,425,30,429,30,0,-4
新北市三芝區店子里,457,33,445,25,427,31,-30,-2
新北市三芝區興華里,958,69,942,57,911,62,-47,-7
新北市石門區德茂里,945,114,936,105,918,96,-27,-18
新北市石門區富基里,1169,114,1119,102,1089,101,-80,-13
新北市石門區老梅里,1855,182,1776,162,1718,144,-137,-38
新北市石門區山溪里,719,59,698,64,679,57,-40,-2
新北市石門區石門里,1343,152,1324,141,1278,123,-65,-29
新北市石門區尖鹿里,1292,160,1256,132,1232,119,-60,-41
新北市石門區乾華里,247,15,239,13,224,10,-23,-5
新北市石門區茂林里,524,41,503,36,469,27,-55,-14
新北市石門區草里里,797,115,785,104,762,87,-35,-28
新北市八里區龍源里,5736,482,5730,501,5629,468,-107,-14
新北市八里區米倉里,2771,349,2760,344,2728,321,-43,-28
新北市八里區大崁里,2531,433,2649,457,2666,433,135,0
新北市八里區埤頭里,3145,441,3186,465,3258,455,113,14
新北市八里區頂罟里,1662,257,1842,270,1877,272,215,15
新北市八里區舊城里,5938,732,5907,747,5861,726,-77,-6
新北市八里區訊塘里,3775,563,3646,575,3634,567,-141,4
新北市八里區荖阡里,1447,186,1444,178,1426,171,-21,-15
新北市八里區長坑里,1310,181,1316,193,1292,199,-18,18
新北市八里區下罟里,1324,213,1328,211,1312,214,-12,1
新北市平溪區薯榔里,272,17,266,14,250,15,-22,-2
新北市平溪區菁桐里,179,12,169,8,171,6,-8,-6
新北市平溪區白石里,186,16,178,15,164,14,-22,-2
新北市平溪區石底里,315,24,297,21,286,19,-29,-5
新北市平溪區平溪里,176,19,174,16,189,15,13,-4
新北市平溪區嶺腳里,464,40,445,35,428,28,-36,-12
新北市平溪區東勢里,278,16,271,14,267,11,-11,-5
新北市平溪區望古里,99,6,106,3,102,2,3,-4
新北市平溪區南山里,240,10,233,8,220,7,-20,-3
新北市平溪區平湖里,124,6,115,4,104,4,-20,-2
新北市平溪區十分里,592,47,568,38,544,29,-48,-18
新北市平溪區新寮里,107,12,99,7,93,7,-14,-5
新北市雙溪區雙溪里,330,32,315,30,307,29,-23,-3
新北市雙溪區共和里,292,19,276,19,265,13,-27,-6
新北市雙溪區新基里,555,64,527,51,510,40,-45,-24
新北市雙溪區魚行里,518,38,493,33,479,33,-39,-5
新北市雙溪區三港里,254,18,240,17,230,16,-24,-2
新北市雙溪區牡丹里,1130,107,1086,95,1023,74,-107,-33
新北市雙溪區三貂里,250,12,243,10,239,9,-11,-3
新北市雙溪區平林里,727,72,697,69,664,62,-63,-10
新北市雙溪區上林里,449,42,443,41,429,38,-20,-4
新北市雙溪區外柑里,294,9,287,9,272,6,-22,-3
新北市雙溪區長源里,246,17,242,15,233,14,-13,-3
新北市雙溪區泰平里,841,85,853,85,858,84,17,-1
新北市貢寮區貢寮里,647,45,631,46,606,41,-41,-4
新北市貢寮區吉林里,375,21,350,20,334,21,-41,0
新北市貢寮區雙玉里,493,33,476,32,455,30,-38,-3
新北市貢寮區龍崗里,312,18,298,12,292,13,-20,-5
新北市貢寮區龍門里,511,30,503,29,494,27,-17,-3
新北市貢寮區福隆里,1289,105,1246,92,1227,82,-62,-23
新北市貢寮區仁里里,1434,119,1402,119,1378,111,-56,-8
新北市貢寮區真理里,1697,132,1651,125,1611,112,-86,-20
新北市貢寮區福連里,707,26,695,20,688,21,-19,-5
新北市貢寮區美豐里,534,37,522,33,501,30,-33,-7
新北市貢寮區和美里,791,52,786,49,769,43,-22,-9
新北市金山區和平里,386,42,371,35,359,31,-27,-11
新北市金山區大同里,573,50,556,42,555,38,-18,-12
新北市金山區豐漁里,408,51,432,45,413,45,5,-6
新北市金山區磺港里,1505,155,1456,128,1422,105,-83,-50
新北市金山區美田里,3421,493,3382,471,3347,440,-74,-53
新北市金山區五湖里,1443,167,1403,161,1368,159,-75,-8
新北市金山區重和里,979,73,947,51,921,53,-58,-20
新北市金山區兩湖里,333,27,316,23,300,16,-33,-11
新北市金山區六股里,569,40,549,44,538,41,-31,1
新北市金山區三界里,510,47,506,41,487,35,-23,-12
新北市金山區清泉里,677,63,659,59,649,61,-28,-2
新北市金山區萬壽里,365,37,359,32,348,31,-17,-6
新北市金山區西湖里,147,6,138,4,136,4,-11,-2
新北市金山區永興里,442,37,426,36,412,30,-30,-7
新北市金山區金美里,4397,476,4350,462,4313,424,-84,-52
新北市萬里區萬里里,3779,434,3757,408,3717,408,-62,-26
新北市萬里區龜吼里,1947,214,1918,193,1892,180,-55,-34
新北市萬里區野柳里,2780,304,2732,281,2669,280,-111,-24
新北市萬里區大鵬里,2277,246,2252,233,2219,217,-58,-29
新北市萬里區磺潭里,458,54,455,54,448,53,-10,-1
新北市萬里區雙興里,703,68,711,62,709,60,6,-8
新北市萬里區溪底里,483,32,462,32,452,32,-31,0
新北市萬里區崁脚里,314,27,319,25,305,26,-9,-1
新北市萬里區中幅里,927,125,924,125,918,111,-9,-14
新北市萬里區北基里,2227,212,2162,207,2088,194,-139,-18
新北市烏來區烏來里,2039,353,2007,340,1999,321,-40,-32
新北市烏來區忠治里,1379,203,1377,212,1350,214,-29,11
新北市烏來區福山里,583,152,582,136,572,137,-11,-15
新北市烏來區信賢里,419,60,425,64,418,68,-1,8
新北市烏來區孝義里,192,20,178,17,175,21,-17,1
