cunli,adult2019,chilren2019,adult2020,chilren2020,adult2021,chilren2021,adult_diff,children_diff
新北市板橋區留侯里,1046,193,1063,203,1040,222,-6,29
新北市板橋區流芳里,977,201,942,207,897,213,-80,12
新北市板橋區赤松里,524,114,581,125,633,140,109,26
新北市板橋區黃石里,670,187,745,214,762,217,92,30
新北市板橋區挹秀里,1168,242,1174,238,1173,289,5,47
新北市板橋區湳興里,3678,574,3590,566,3449,537,-229,-37
新北市板橋區新興里,2233,295,2197,286,2166,280,-67,-15
新北市板橋區社後里,6340,536,6294,564,6405,556,65,20
新北市板橋區香社里,2986,425,2904,411,2902,383,-84,-42
新北市板橋區中正里,3019,505,3097,552,3530,617,511,112
新北市板橋區自強里,3150,614,3074,615,2972,605,-178,-9
新北市板橋區自立里,1884,264,1861,270,1822,262,-62,-2
新北市板橋區光華里,1823,282,1781,285,1741,254,-82,-28
新北市板橋區國光里,2513,260,2437,252,2406,248,-107,-12
新北市板橋區港尾里,2053,366,1989,365,1963,362,-90,-4
新北市板橋區金華里,2722,454,2656,483,2549,459,-173,5
新北市板橋區港德里,3183,468,3103,466,3014,449,-169,-19
新北市板橋區民權里,1702,254,1645,257,1587,249,-115,-5
新北市板橋區建國里,2399,353,2346,345,2285,345,-114,-8
新北市板橋區漢生里,2581,572,2541,609,2473,630,-108,58
新北市板橋區公舘里,2582,466,2540,450,2518,483,-64,17
新北市板橋區新民里,2833,654,2789,685,2699,691,-134,37
新北市板橋區幸福里,2714,414,2668,403,2634,394,-80,-20
新北市板橋區忠誠里,2684,464,2666,532,2646,553,-38,89
新北市板橋區百壽里,1788,430,1793,465,1806,506,18,76
新北市板橋區介壽里,1984,432,1949,456,1915,473,-69,41
新北市板橋區新埔里,1429,185,1392,182,1365,175,-64,-10
新北市板橋區華江里,5140,1315,5111,1343,5027,1327,-113,12
新北市板橋區江翠里,3447,470,3447,465,3518,500,71,30
新北市板橋區純翠里,3806,607,3726,581,3642,567,-164,-40
新北市板橋區溪頭里,4192,652,4085,641,4270,641,78,-11
新北市板橋區聯翠里,2590,330,2612,330,2571,285,-19,-45
新北市板橋區宏翠里,3584,518,3738,558,3840,573,256,55
新北市板橋區仁翠里,1914,252,1890,267,1850,247,-64,-5
新北市板橋區新翠里,5690,806,5662,824,5606,862,-84,56
新北市板橋區吉翠里,2605,426,2528,432,2501,414,-104,-12
新北市板橋區德翠里,5417,955,5325,908,5210,822,-207,-133
新北市板橋區滿翠里,1986,252,1987,259,1955,260,-31,8
新北市板橋區明翠里,3251,411,3195,425,3115,420,-136,9
新北市板橋區松翠里,2297,336,2267,325,2197,311,-100,-25
新北市板橋區柏翠里,2917,497,3107,497,3255,521,338,24
新北市板橋區龍翠里,3598,476,3506,459,3394,433,-204,-43
新北市板橋區華翠里,2427,520,2377,490,2303,478,-124,-42
新北市板橋區忠翠里,7558,1545,7614,1495,7505,1430,-53,-115
新北市板橋區嵐翠里,1694,251,1667,243,1616,225,-78,-26
新北市板橋區文翠里,2780,373,2743,391,2617,384,-163,11
新北市板橋區青翠里,2085,267,2051,258,1976,258,-109,-9
新北市板橋區懷翠里,4319,559,4280,582,4207,569,-112,10
新北市板橋區福翠里,877,115,869,125,878,118,1,3
新北市板橋區港嘴里,4319,547,4204,517,4098,507,-221,-40
新北市板橋區振興里,3104,357,3032,340,2963,308,-141,-49
新北市板橋區振義里,3001,350,2933,339,2895,338,-106,-12
新北市板橋區光復里,2367,320,2353,304,2324,291,-43,-29
新北市板橋區埔墘里,4524,554,4436,531,4326,478,-198,-76
新北市板橋區長壽里,1930,272,1908,277,1879,293,-51,21
新北市板橋區福壽里,2359,268,2329,287,2265,260,-94,-8
新北市板橋區海山里,5398,1449,5335,1418,5178,1389,-220,-60
新北市板橋區九如里,1978,296,1956,296,1941,298,-37,2
新北市板橋區玉光里,3768,729,3733,754,3685,772,-83,43
新北市板橋區光仁里,1961,390,1942,381,1886,366,-75,-24
新北市板橋區埤墘里,3063,775,3029,789,2990,748,-73,-27
新北市板橋區永安里,2376,438,2358,432,2399,510,23,72
新北市板橋區雙玉里,2870,590,2828,591,2865,574,-5,-16
新北市板橋區廣新里,2377,492,2356,514,2298,502,-79,10
新北市板橋區深丘里,5822,1627,5785,1670,5683,1680,-139,53
新北市板橋區香丘里,2505,596,2469,623,2458,651,-47,55
新北市板橋區西安里,1852,335,1833,349,1772,363,-80,28
新北市板橋區東丘里,3131,633,3097,604,3011,613,-120,-20
新北市板橋區長安里,3180,873,3145,854,3073,828,-107,-45
新北市板橋區福丘里,3300,769,3316,797,3237,766,-63,-3
新北市板橋區福祿里,2676,505,2638,480,2598,500,-78,-5
新北市板橋區民族里,3078,1037,3033,1033,3063,1039,-15,2
新北市板橋區國泰里,2467,465,2446,459,2420,427,-47,-38
新北市板橋區福德里,3483,565,3437,524,3335,500,-148,-65
新北市板橋區景星里,2346,366,2356,354,2298,333,-48,-33
新北市板橋區福星里,2438,400,2432,380,2376,343,-62,-57
新北市板橋區鄉雲里,2627,381,2632,372,2558,345,-69,-36
新北市板橋區廣德里,4729,863,4659,844,4549,798,-180,-65
新北市板橋區大豐里,3141,485,3060,489,2996,455,-145,-30
新北市板橋區重慶里,6167,1020,6041,989,5942,977,-225,-43
新北市板橋區仁愛里,2113,319,2042,293,1951,280,-162,-39
新北市板橋區和平里,2828,785,2828,752,2879,733,51,-52
新北市板橋區廣福里,2938,503,2882,483,2800,457,-138,-46
新北市板橋區華興里,3016,404,2977,396,2901,382,-115,-22
新北市板橋區華貴里,1757,285,1702,293,1688,269,-69,-16
新北市板橋區華德里,5060,849,5003,829,4837,780,-223,-69
新北市板橋區華東里,5320,765,5375,752,5383,776,63,11
新北市板橋區信義里,2932,430,2932,435,2886,423,-46,-7
新北市板橋區浮洲里,2674,426,2630,416,2523,393,-151,-33
新北市板橋區華中里,3717,587,3615,606,3519,574,-198,-13
新北市板橋區僑中里,3147,472,3063,475,2971,486,-176,14
新北市板橋區中山里,4719,747,4837,796,4869,779,150,32
新北市板橋區復興里,567,90,518,85,498,84,-69,-6
新北市板橋區大安里,2697,387,2656,401,2614,384,-83,-3
新北市板橋區福安里,4778,833,5064,889,5127,891,349,58
新北市板橋區聚安里,3730,567,3622,572,3529,549,-201,-18
新北市板橋區龍安里,1922,303,1870,304,1812,271,-110,-32
新北市板橋區崑崙里,7354,1274,7222,1273,7157,1237,-197,-37
新北市板橋區溪洲里,4168,732,4106,697,4005,681,-163,-51
新北市板橋區溪北里,2518,410,2490,417,2444,426,-74,16
新北市板橋區香雅里,1721,261,1678,234,1718,235,-3,-26
新北市板橋區新生里,2877,522,2785,515,2679,506,-198,-16
新北市板橋區文德里,2166,316,2123,308,2056,265,-110,-51
新北市板橋區文化里,2281,385,2267,407,2223,362,-58,-23
新北市板橋區新海里,2492,463,2425,451,2310,430,-182,-33
新北市板橋區莒光里,1904,375,1881,369,1820,334,-84,-41
新北市板橋區富貴里,1513,209,1483,212,1465,218,-48,9
新北市板橋區正泰里,2089,357,2001,331,1914,336,-175,-21
新北市板橋區民生里,1543,287,1508,302,1490,315,-53,28
新北市板橋區後埔里,2463,418,2447,400,2400,366,-63,-52
新北市板橋區華福里,1338,221,1296,188,1237,177,-101,-44
新北市板橋區堂春里,3221,565,3145,560,3010,551,-211,-14
新北市板橋區成和里,5193,943,5250,945,5279,950,86,7
新北市板橋區光榮里,1708,243,1685,259,1650,257,-58,14
新北市板橋區民安里,1293,278,1295,299,1273,319,-20,41
新北市板橋區陽明里,1822,244,1778,241,1720,242,-102,-2
新北市板橋區朝陽里,2271,342,2242,350,2192,365,-79,23
新北市板橋區松柏里,1611,201,1545,189,1513,172,-98,-29
新北市板橋區文聖里,2824,421,2787,407,2732,408,-92,-13
新北市板橋區居仁里,2376,331,2607,421,2670,464,294,133
新北市板橋區莊敬里,3007,690,2988,697,2956,696,-51,6
新北市板橋區東安里,1658,457,1617,450,1567,450,-91,-7
新北市板橋區五權里,2776,434,2696,434,2648,439,-128,5
新北市板橋區溪福里,10986,1934,10909,1858,10754,1845,-232,-89
新北市板橋區大觀里,2610,447,2564,474,2485,463,-125,16
新北市板橋區歡園里,883,106,871,113,843,121,-40,15
新北市三重區大有里,3820,520,3763,530,3628,508,-192,-12
新北市三重區二重里,1174,154,1138,129,1114,136,-60,-18
新北市三重區頂崁里,1714,216,1700,229,1842,271,128,55
新北市三重區谷王里,623,56,644,62,637,53,14,-3
新北市三重區中興里,2791,348,2745,352,2701,342,-90,-6
新北市三重區德厚里,241,16,235,18,236,17,-5,1
新北市三重區成功里,4562,754,4567,762,4629,764,67,10
新北市三重區福祉里,3942,737,3903,726,3852,734,-90,-3
新北市三重區福民里,2375,443,2336,435,2236,404,-139,-39
新北市三重區過田里,6795,760,6767,739,6765,714,-30,-46
新北市三重區錦田里,1434,192,1436,200,1419,198,-15,6
新北市三重區重明里,2424,506,2537,497,2495,468,71,-38
新北市三重區光田里,3072,321,2972,303,2928,298,-144,-23
新北市三重區光陽里,4570,435,4525,423,4418,391,-152,-44
新北市三重區田心里,2918,313,2851,303,2786,300,-132,-13
新北市三重區福田里,2546,285,2462,285,2375,281,-171,-4
新北市三重區田中里,4398,800,4365,796,4246,782,-152,-18
新北市三重區田安里,4424,616,4406,590,4309,581,-115,-35
新北市三重區三民里,2355,424,2317,440,2257,444,-98,20
新北市三重區光明里,5363,943,5281,916,5193,916,-170,-27
新北市三重區光正里,1898,177,1911,182,1951,229,53,52
新北市三重區同安里,1023,129,1015,141,979,130,-44,1
新北市三重區同慶里,1250,154,1238,161,1206,141,-44,-13
新北市三重區菜寮里,1550,262,1518,251,1512,247,-38,-15
新北市三重區永春里,1368,252,1346,227,1295,224,-73,-28
新北市三重區中正里,944,96,931,92,912,101,-32,5
新北市三重區吉利里,1007,95,984,101,954,83,-53,-12
新北市三重區大同里,1442,128,1438,128,1412,140,-30,12
新北市三重區中民里,901,79,864,92,841,90,-60,11
新北市三重區平和里,1013,114,1016,113,978,107,-35,-7
新北市三重區大安里,1205,148,1196,139,1151,124,-54,-24
新北市三重區仁德里,1356,146,1319,139,1270,134,-86,-12
新北市三重區忠孝里,1253,140,1236,150,1191,150,-62,10
新北市三重區仁義里,881,112,877,115,909,105,28,-7
新北市三重區光榮里,1026,107,1004,110,975,100,-51,-7
新北市三重區光輝里,1053,123,1006,126,981,117,-72,-6
新北市三重區福星里,787,74,843,87,825,85,38,11
新北市三重區福利里,1729,182,1711,194,1676,191,-53,9
新北市三重區清和里,2896,287,2903,283,2856,265,-40,-22
新北市三重區永興里,913,116,890,118,915,117,2,1
新北市三重區中山里,1916,256,1887,235,1849,230,-67,-26
新北市三重區大園里,1944,325,1933,314,1914,331,-30,6
新北市三重區國隆里,1998,251,1947,234,1881,214,-117,-37
新北市三重區重陽里,2558,352,2494,326,2466,325,-92,-27
新北市三重區民生里,2976,452,2941,431,2931,431,-45,-21
新北市三重區重新里,961,142,943,139,961,116,0,-26
新北市三重區正德里,778,124,750,120,717,114,-61,-10
新北市三重區正義里,1234,201,1203,203,1177,180,-57,-21
新北市三重區正安里,1373,178,1319,182,1316,172,-57,-6
新北市三重區自強里,1234,160,1197,159,1190,163,-44,3
新北市三重區文化里,1532,241,1468,220,1422,202,-110,-39
新北市三重區中央里,1257,170,1218,170,1214,173,-43,3
新北市三重區雙園里,681,83,669,83,637,79,-44,-4
新北市三重區錦通里,987,106,951,93,924,97,-63,-9
新北市三重區錦安里,1239,129,1216,123,1172,125,-67,-4
新北市三重區長安里,1552,197,1519,201,1435,182,-117,-15
新北市三重區光華里,1426,157,1488,167,1555,166,129,9
新北市三重區長生里,645,68,636,68,596,62,-49,-6
新北市三重區開元里,1070,110,1033,113,1001,110,-69,0
新北市三重區大德里,587,61,590,61,573,63,-14,2
新北市三重區長元里,1763,200,1738,192,1692,188,-71,-12
新北市三重區長江里,1468,161,1448,151,1397,135,-71,-26
新北市三重區長泰里,1564,177,1506,166,1439,162,-125,-15
新北市三重區長福里,1117,120,1088,95,1100,95,-17,-25
新北市三重區介壽里,792,126,782,130,745,122,-47,-4
新北市三重區萬壽里,1436,129,1378,124,1354,125,-82,-4
新北市三重區錦江里,1709,163,1674,158,1641,160,-68,-3
新北市三重區龍濱里,2441,326,2368,293,2331,281,-110,-45
新北市三重區龍門里,1360,157,1335,152,1300,151,-60,-6
新北市三重區秀江里,953,128,903,120,882,115,-71,-13
新北市三重區奕壽里,1220,143,1190,153,1176,162,-44,19
新北市三重區三安里,1830,222,1792,230,1763,231,-67,9
新北市三重區福安里,2181,260,2135,246,2079,244,-102,-16
新北市三重區信安里,1431,207,1424,204,1399,186,-32,-21
新北市三重區安慶里,1473,157,1407,156,1383,153,-90,-4
新北市三重區幸福里,3301,412,3255,401,3213,406,-88,-6
新北市三重區六合里,2651,383,2636,358,2563,350,-88,-33
新北市三重區六福里,4089,778,4054,787,3928,825,-161,47
新北市三重區順德里,1571,191,1535,187,1523,176,-48,-15
新北市三重區承德里,1246,148,1232,129,1213,132,-33,-16
新北市三重區瑞德里,1655,261,1653,261,1610,244,-45,-17
新北市三重區崇德里,2734,411,2667,371,2574,367,-160,-44
新北市三重區厚德里,2538,448,2503,422,2422,399,-116,-49
新北市三重區維德里,2012,335,1992,328,1982,309,-30,-26
新北市三重區尚德里,2146,339,2075,302,2018,290,-128,-49
新北市三重區培德里,2624,407,2591,421,2503,406,-121,-1
新北市三重區永德里,3493,564,3470,575,3383,557,-110,-7
新北市三重區永盛里,2305,447,2239,431,2185,389,-120,-58
新北市三重區永福里,3877,681,3781,669,3664,625,-213,-56
新北市三重區永清里,3842,695,3747,699,3678,652,-164,-43
新北市三重區永安里,2954,496,2920,482,2888,477,-66,-19
新北市三重區永煇里,1850,233,1795,223,1725,209,-125,-24
新北市三重區溪美里,6135,819,6136,825,6166,865,31,46
新北市三重區福隆里,3328,602,3284,587,3212,563,-116,-39
新北市三重區五常里,3046,454,2998,445,2954,429,-92,-25
新北市三重區五福里,2754,459,2748,463,2692,471,-62,12
新北市三重區仁忠里,2198,365,2148,358,2104,332,-94,-33
新北市三重區慈福里,1532,170,1522,187,1485,183,-47,13
新北市三重區慈生里,1550,196,1503,189,1473,199,-77,3
新北市三重區慈惠里,1548,193,1547,193,1528,208,-20,15
新北市三重區慈愛里,2431,306,2334,296,2272,295,-159,-11
新北市三重區慈化里,1802,270,1764,273,1750,284,-52,14
新北市三重區慈祐里,3384,497,3503,535,3503,552,119,55
新北市三重區五華里,3849,632,3775,607,3692,592,-157,-40
新北市三重區富貴里,4587,789,4651,823,4599,807,12,18
新北市三重區富華里,2288,410,2299,424,2258,411,-30,1
新北市三重區富福里,1438,222,1422,239,1412,250,-26,28
新北市三重區碧華里,5881,984,5943,1072,6038,1135,157,151
新北市三重區五谷里,1240,125,1303,141,1298,134,58,9
新北市三重區博愛里,3346,437,3229,415,3104,416,-242,-21
新北市三重區福德里,2880,433,2893,449,2881,451,1,18
新北市三重區永吉里,2080,350,2044,351,2013,326,-67,-24
新北市三重區永發里,4268,753,4191,758,4057,712,-211,-41
新北市三重區永順里,3836,628,3745,609,3673,577,-163,-51
新北市三重區永豐里,4393,853,4287,811,4196,769,-197,-84
新北市三重區立德里,2423,336,2392,328,2283,307,-140,-29
新北市三重區福樂里,2600,407,2577,387,2544,378,-56,-29
新北市三重區仁華里,3039,460,3051,504,2968,512,-71,52
新北市三重區五順里,2903,406,2856,419,2793,386,-110,-20
新北市中和區中原里,4381,610,4761,698,5062,790,681,180
新北市中和區平河里,6819,953,6714,894,6637,865,-182,-88
新北市中和區信和里,3014,428,2952,420,2897,414,-117,-14
新北市中和區仁和里,2875,429,2760,419,2643,395,-232,-34
新北市中和區中正里,2793,402,2677,380,2598,378,-195,-24
新北市中和區建和里,2395,322,2330,307,2277,299,-118,-23
新北市中和區連和里,1704,214,1664,208,1630,198,-74,-16
新北市中和區連城里,4299,651,4324,646,4247,608,-52,-43
新北市中和區力行里,4371,632,4255,579,4175,587,-196,-45
新北市中和區枋寮里,2538,329,2525,335,2479,332,-59,3
新北市中和區漳和里,2544,366,2622,384,2621,374,77,8
新北市中和區廟美里,2964,402,2934,411,2843,407,-121,5
新北市中和區福真里,2888,337,2798,315,2735,297,-153,-40
新北市中和區福善里,2963,304,2927,309,2842,303,-121,-1
新北市中和區福美里,2976,441,2925,426,2870,415,-106,-26
新北市中和區福祥里,3545,478,3489,466,3430,451,-115,-27
新北市中和區瓦󿾨里,3875,533,3850,548,3764,541,-111,8
新北市中和區福和里,2542,297,2436,288,2380,283,-162,-14
新北市中和區佳和里,3324,460,3249,444,3212,431,-112,-29
新北市中和區安樂里,2494,258,2444,246,2369,224,-125,-34
新北市中和區安和里,2121,272,2095,279,2053,272,-68,0
新北市中和區安平里,3994,500,3892,478,3819,457,-175,-43
新北市中和區中安里,2897,307,2817,288,2749,289,-148,-18
新北市中和區泰安里,2326,250,2266,256,2251,261,-75,11
新北市中和區新南里,5928,865,5820,784,5632,719,-296,-146
新北市中和區南山里,3573,509,3506,481,3430,451,-143,-58
新北市中和區秀山里,3040,416,2982,421,2895,399,-145,-17
新北市中和區秀成里,2362,323,2305,332,2184,328,-178,5
新北市中和區秀福里,3201,365,3117,373,3055,380,-146,15
新北市中和區秀景里,4347,573,4260,552,4188,545,-159,-28
新北市中和區秀明里,3359,454,3335,455,3269,454,-90,0
新北市中和區秀峰里,3223,375,3336,368,3361,343,138,-32
新北市中和區秀仁里,2295,410,2256,400,2239,391,-56,-19
新北市中和區頂南里,2086,216,2019,236,1899,231,-187,15
新北市中和區華新里,5234,746,5178,725,5197,711,-37,-35
新北市中和區東南里,2716,312,2694,349,2600,333,-116,21
新北市中和區華南里,3533,483,3489,513,3405,486,-128,3
新北市中和區忠孝里,3212,424,3158,409,3075,381,-137,-43
新北市中和區崇南里,2988,352,3000,344,2959,329,-29,-23
新北市中和區景南里,2162,269,2122,282,2046,261,-116,-8
新北市中和區橫路里,222,17,212,16,204,17,-18,0
新北市中和區內南里,3512,471,3412,451,3363,445,-149,-26
新北市中和區壽南里,1527,228,1515,214,1557,200,30,-28
新北市中和區外南里,5014,482,5002,454,4934,452,-80,-30
新北市中和區復興里,3416,551,3324,539,3251,508,-165,-43
新北市中和區和興里,3042,440,3038,418,2989,393,-53,-47
新北市中和區景平里,3718,424,3693,405,3607,397,-111,-27
新北市中和區景新里,2380,269,2329,248,2300,241,-80,-28
新北市中和區景福里,3856,456,3822,457,3777,456,-79,0
新北市中和區景安里,3173,352,3198,382,3189,386,16,34
新北市中和區景文里,2466,318,2551,350,2538,327,72,9
新北市中和區錦和里,4083,624,3982,618,3912,594,-171,-30
新北市中和區錦昌里,1543,241,1536,249,1516,233,-27,-8
新北市中和區灰󿾨里,575,98,563,97,571,95,-4,-3
新北市中和區積穗里,5905,820,5859,820,5755,796,-150,-24
新北市中和區民享里,1719,227,1675,217,1612,206,-107,-21
新北市中和區員山里,4604,1130,4648,1162,4482,1131,-122,1
新北市中和區嘉穗里,2012,289,1993,283,1941,281,-71,-8
新北市中和區文元里,3517,544,3395,536,3270,513,-247,-31
新北市中和區嘉新里,2888,362,2824,366,2767,348,-121,-14
新北市中和區民安里,3535,566,3457,545,3441,538,-94,-28
新北市中和區安穗里,3304,493,3226,471,3192,462,-112,-31
新北市中和區瑞穗里,1641,253,1607,273,1582,285,-59,32
新北市中和區明穗里,3126,518,3080,545,2966,552,-160,34
新北市中和區清穗里,2191,320,2119,305,2102,313,-89,-7
新北市中和區自強里,3563,511,3460,501,3359,475,-204,-36
新北市中和區德穗里,3097,436,3040,428,2993,396,-104,-40
新北市中和區民生里,2883,288,2863,289,2809,273,-74,-15
新北市中和區國光里,2763,333,2722,320,2637,314,-126,-19
新北市中和區壽德里,3143,525,3141,512,3122,491,-21,-34
新北市中和區明德里,2617,477,2625,460,2581,438,-36,-39
新北市中和區秀水里,2395,356,2364,344,2300,338,-95,-18
新北市中和區德行里,4746,853,4680,847,4570,807,-176,-46
新北市中和區宜安里,1244,126,1242,119,1228,126,-16,0
新北市中和區安順里,2967,320,2927,331,2809,294,-158,-26
新北市中和區秀義里,1821,260,1799,248,1751,248,-70,-12
新北市中和區秀士里,1690,180,1642,189,1610,177,-80,-3
新北市中和區興南里,2050,249,2029,244,1968,221,-82,-28
新北市中和區景本里,1421,172,1384,159,1351,159,-70,-13
新北市中和區福南里,3051,351,2996,339,2942,316,-109,-35
新北市中和區中興里,4933,924,4874,921,4758,869,-175,-55
新北市中和區吉興里,2143,328,2103,302,2040,294,-103,-34
新北市中和區中山里,1855,315,1810,311,1789,286,-66,-29
新北市中和區碧河里,3068,513,3215,511,3425,489,357,-24
新北市中和區錦中里,3037,515,2961,502,2881,487,-156,-28
新北市中和區錦盛里,2737,386,2675,390,2588,367,-149,-19
新北市中和區民有里,1909,257,1839,246,1799,198,-110,-59
新北市中和區員富里,2501,348,2494,361,2551,354,50,6
新北市中和區嘉慶里,3160,416,3102,394,3053,379,-107,-37
新北市中和區冠穗里,2325,261,2256,254,2160,226,-165,-35
新北市中和區國華里,2395,348,2331,343,2333,347,-62,-1
新北市中和區正南里,2441,295,2355,289,2290,280,-151,-15
新北市中和區正行里,2126,316,2100,309,2051,296,-75,-20
新北市永和區福林里,2161,335,2124,336,2096,335,-65,0
新北市永和區文化里,1881,248,1845,236,1803,232,-78,-16
新北市永和區豫溪里,3115,295,3217,296,3045,271,-70,-24
新北市永和區光明里,1974,288,1912,273,1815,294,-159,6
新北市永和區仁愛里,1834,209,1825,205,1755,185,-79,-24
新北市永和區永貞里,2187,320,2124,299,2035,309,-152,-11
新北市永和區永福里,1784,244,1729,256,1634,251,-150,7
新北市永和區民治里,1832,337,1803,332,1782,330,-50,-7
新北市永和區永成里,633,68,624,74,615,73,-18,5
新北市永和區忠義里,559,67,550,62,520,59,-39,-8
新北市永和區永元里,3059,567,3002,566,2946,585,-113,18
新北市永和區秀林里,2525,518,2587,553,2545,528,20,10
新北市永和區保安里,5035,797,4965,798,4761,748,-274,-49
新北市永和區中溪里,3519,457,3455,453,3360,458,-159,1
新北市永和區永安里,2805,420,2763,421,2701,418,-104,-2
新北市永和區民族里,3031,595,2988,606,2932,582,-99,-13
新北市永和區民權里,2988,587,2927,600,2863,582,-125,-5
新北市永和區中興里,1923,310,1913,299,1895,307,-28,-3
新北市永和區勵行里,836,115,794,113,780,110,-56,-5
新北市永和區秀朗里,2599,420,2535,423,2434,405,-165,-15
新北市永和區秀成里,1908,266,1866,262,1793,255,-115,-11
新北市永和區上溪里,1302,136,1250,143,1191,133,-111,-3
新北市永和區竹林里,2409,359,2336,355,2252,353,-157,-6
新北市永和區雙和里,2675,440,2616,425,2547,455,-128,15
新北市永和區安和里,2520,399,2444,373,2349,360,-171,-39
新北市永和區水源里,2627,434,2581,422,2488,403,-139,-31
新北市永和區協和里,1950,252,1940,238,1895,239,-55,-13
新北市永和區河堤里,2277,354,2264,343,2220,341,-57,-13
新北市永和區頂溪里,1610,208,1582,220,1525,223,-85,15
新北市永和區潭墘里,3067,527,3040,516,3007,495,-60,-32
新北市永和區潭安里,3225,541,3142,537,3082,520,-143,-21
新北市永和區大新里,1693,241,1679,259,1646,268,-47,27
新北市永和區保平里,3207,558,3084,543,3017,545,-190,-13
新北市永和區民本里,2769,601,2734,565,2665,547,-104,-54
新北市永和區民樂里,3206,571,3111,573,2938,515,-268,-56
新北市永和區光復里,1125,161,1076,172,1076,159,-49,-2
新北市永和區復興里,1472,216,1460,213,1446,197,-26,-19
新北市永和區福和里,3387,544,3342,536,3248,496,-139,-48
新北市永和區得和里,2815,407,2756,415,2683,419,-132,12
新北市永和區智光里,2181,393,2148,389,2091,381,-90,-12
新北市永和區新生里,579,64,503,54,581,60,2,-4
新北市永和區大同里,622,89,511,75,652,90,30,1
新北市永和區前溪里,1363,171,1364,175,1315,159,-48,-12
新北市永和區和平里,3234,549,3162,543,3049,523,-185,-26
新北市永和區新廍里,1447,173,1426,171,1369,172,-78,-1
新北市永和區下溪里,2814,404,2801,392,3003,397,189,-7
新北市永和區秀和里,3349,485,3271,466,3185,475,-164,-10
新北市永和區河濱里,2123,323,2090,313,2083,345,-40,22
新北市永和區民生里,2625,527,2582,520,2532,527,-93,0
新北市永和區秀得里,1776,353,1736,338,1707,352,-69,-1
新北市永和區上林里,2249,392,2211,368,2139,354,-110,-38
新北市永和區網溪里,783,109,762,109,748,111,-35,2
新北市永和區正興里,1426,194,1384,178,1332,164,-94,-30
新北市永和區永興里,2009,347,1985,339,1939,350,-70,3
新北市永和區桂林里,2492,367,2450,374,2382,369,-110,2
新北市永和區店街里,2753,418,2734,429,2652,403,-101,-15
新北市永和區信義里,1752,192,1706,217,1655,196,-97,4
新北市永和區後溪里,1237,145,1231,154,1238,160,1,15
新北市永和區民富里,2023,423,1963,402,1892,374,-131,-49
新北市永和區秀元里,1940,353,1928,362,1902,356,-38,3
新北市永和區永樂里,1683,254,1632,253,1612,239,-71,-15
新北市永和區保順里,7524,1278,7554,1246,7586,1192,62,-86
新北市新莊區海山里,3816,539,3743,524,3635,492,-181,-47
新北市新莊區頭前里,6161,1217,6358,1268,6794,1261,633,44
新北市新莊區國泰里,1018,149,992,157,959,153,-59,4
新北市新莊區全安里,3166,519,3117,524,3069,482,-97,-37
新北市新莊區福基里,3363,583,3630,621,3854,641,491,58
新北市新莊區豐年里,2670,409,2599,407,2536,417,-134,8
新北市新莊區忠孝里,3270,557,3211,552,3553,557,283,0
新北市新莊區恆安里,3143,581,3111,566,3022,543,-121,-38
新北市新莊區後港里,5419,631,5302,642,5195,621,-224,-10
新北市新莊區文衡里,1427,252,1418,268,1381,271,-46,19
新北市新莊區中美里,4089,795,4022,813,4071,792,-18,-3
新北市新莊區八德里,2273,299,2232,284,2185,289,-88,-10
新北市新莊區興漢里,2279,360,2198,374,2125,333,-154,-27
新北市新莊區中和里,3181,464,3097,440,3001,436,-180,-28
新北市新莊區西盛里,8845,1834,9031,1910,9169,1943,324,109
新北市新莊區榮和里,3541,311,3675,356,3812,372,271,61
新北市新莊區中泰里,3084,545,3053,542,2968,503,-116,-42
新北市新莊區瓊林里,4093,692,4059,694,3959,644,-134,-48
新北市新莊區文德里,1250,228,1230,205,1188,192,-62,-36
新北市新莊區中誠里,1527,246,1491,236,1454,222,-73,-24
新北市新莊區裕民里,5065,971,4959,914,4846,863,-219,-108
新北市新莊區文明里,1224,202,1209,190,1160,175,-64,-27
新北市新莊區中港里,4629,944,4522,897,4401,903,-228,-41
新北市新莊區富國里,1696,221,1616,224,1564,234,-132,13
新北市新莊區思源里,3766,636,3681,623,3631,598,-135,-38
新北市新莊區立人里,1485,267,1310,234,1257,228,-228,-39
新北市新莊區南港里,3996,537,3879,525,3772,508,-224,-29
新北市新莊區仁愛里,1835,252,1811,242,1770,243,-65,-9
新北市新莊區立德里,1818,259,1795,248,1721,230,-97,-29
新北市新莊區信義里,3905,674,3839,674,3720,614,-185,-60
新北市新莊區立言里,3467,582,3379,592,3237,566,-230,-16
新北市新莊區民安里,4559,806,4472,797,4386,803,-173,-3
新北市新莊區和平里,3477,556,3364,536,3290,535,-187,-21
新北市新莊區立功里,2533,392,2509,367,2434,351,-99,-41
新北市新莊區民本里,2117,275,2046,285,2037,287,-80,12
新北市新莊區化成里,2596,400,2695,416,2725,408,129,8
新北市新莊區立志里,2710,457,2670,440,2617,428,-93,-29
新北市新莊區光華里,5455,1191,5364,1172,5227,1069,-228,-122
新北市新莊區思賢里,3050,503,3027,500,2962,474,-88,-29
新北市新莊區營盤里,1458,178,1422,189,1310,171,-148,-7
新北市新莊區光榮里,3417,685,3313,641,3277,639,-140,-46
新北市新莊區自強里,1845,263,1812,260,1740,242,-105,-21
新北市新莊區丹鳳里,6535,1211,6594,1217,6514,1225,-21,14
新北市新莊區光明里,3570,783,3607,806,3563,791,-7,8
新北市新莊區自立里,3909,628,3815,591,3730,584,-179,-44
新北市新莊區合鳳里,3222,561,3186,550,3172,553,-50,-8
新北市新莊區幸福里,2999,470,2943,465,2870,452,-129,-18
新北市新莊區雙鳳里,8168,1887,8252,1862,8398,1850,230,-37
新北市新莊區自信里,1772,275,1740,278,1696,244,-76,-31
新北市新莊區龍鳳里,7088,1627,7274,1705,7504,1765,416,138
新北市新莊區中華里,2161,345,2163,329,2114,294,-47,-51
新北市新莊區中隆里,3598,721,3682,748,3718,769,120,48
新北市新莊區中原里,8722,1359,9221,1529,9621,1720,899,361
新北市新莊區中信里,6424,1436,6307,1469,6180,1423,-244,-13
新北市新莊區四維里,3473,487,3384,504,3291,494,-182,7
新北市新莊區建福里,1704,235,1646,221,1574,219,-130,-16
新北市新莊區中宏里,2793,381,2715,349,2632,351,-161,-30
新北市新莊區中全里,2643,407,2534,386,2465,364,-178,-43
新北市新莊區立泰里,3458,560,3420,578,3404,593,-54,33
新北市新莊區全泰里,3380,589,3342,587,3175,540,-205,-49
新北市新莊區仁義里,2666,367,2602,331,2531,339,-135,-28
新北市新莊區立基里,4489,677,4388,687,4197,648,-292,-29
新北市新莊區昌明里,2709,436,2629,432,2514,428,-195,-8
新北市新莊區昌平里,5358,1084,5634,1247,5891,1388,533,304
新北市新莊區文聖里,2270,406,2193,389,2150,378,-120,-28
新北市新莊區萬安里,2638,398,2567,424,2499,417,-139,19
新北市新莊區龍安里,1682,280,1650,256,1601,245,-81,-35
新北市新莊區福營里,1805,193,1789,194,1775,177,-30,-16
新北市新莊區後德里,2258,279,2211,299,2150,292,-108,13
新北市新莊區建安里,5201,667,5159,663,5018,647,-183,-20
新北市新莊區成德里,3717,673,3652,622,3616,631,-101,-42
新北市新莊區福興里,4567,658,4507,625,4505,637,-62,-21
新北市新莊區昌信里,2934,511,2907,492,2859,507,-75,-4
新北市新莊區昌隆里,3472,525,3380,471,3342,448,-130,-77
新北市新莊區中平里,6935,1472,6971,1468,7102,1560,167,88
新北市新莊區立廷里,8568,1910,8746,2000,8956,2120,388,210
新北市新莊區泰豐里,1818,291,1799,269,1781,278,-37,-13
新北市新莊區富民里,2965,371,2912,385,2826,368,-139,-3
新北市新莊區龍福里,1749,202,1743,214,1691,205,-58,3
新北市新莊區祥鳳里,1782,344,1772,322,1744,308,-38,-36
新北市新莊區民全里,2833,435,2787,434,2755,448,-78,13
新北市新莊區民有里,3071,443,3017,436,2965,428,-106,-15
新北市新莊區光正里,3412,781,3346,778,3294,722,-118,-59
新北市新莊區光和里,2144,405,2088,402,2014,376,-130,-29
新北市新店區國豐里,2075,252,1991,233,1896,237,-179,-15
新北市新店區明德里,2587,260,2590,279,2503,274,-84,14
新北市新店區大豐里,2481,309,2388,314,2290,306,-191,-3
新北市新店區大同里,2591,264,2509,277,2417,249,-174,-15
新北市新店區江陵里,3684,377,3631,386,3498,382,-186,5
新北市新店區寶興里,3577,398,3557,424,3473,410,-104,12
新北市新店區寶安里,3508,341,3438,341,3338,332,-170,-9
新北市新店區信義里,4509,274,4496,298,4411,284,-98,10
新北市新店區忠孝里,1851,186,1840,183,1834,165,-17,-21
新北市新店區大鵬里,1787,156,1749,154,1740,135,-47,-21
新北市新店區太平里,2211,218,2149,229,2081,222,-130,4
新北市新店區頂城里,1155,123,1140,120,1119,115,-36,-8
新北市新店區下城里,2271,326,2234,313,2208,320,-63,-6
新北市新店區柴埕里,6638,976,6623,1013,6574,949,-64,-27
新北市新店區永安里,3694,484,3655,495,3591,475,-103,-9
新北市新店區公崙里,8846,1455,9102,1545,9265,1621,419,166
新北市新店區德安里,4519,608,4406,572,4331,562,-188,-46
新北市新店區雙城里,3993,533,3874,505,3811,486,-182,-47
新北市新店區日興里,4169,453,4111,466,4028,436,-141,-17
新北市新店區玫瑰里,4247,504,4184,483,4070,466,-177,-38
新北市新店區塗潭里,676,76,665,82,657,70,-19,-6
新北市新店區美潭里,3663,428,3618,431,3529,404,-134,-24
新北市新店區員潭里,3666,481,3659,462,3643,454,-23,-27
新北市新店區雙坑里,527,72,510,64,493,56,-34,-16
新北市新店區粗坑里,2098,231,2042,221,1986,222,-112,-9
新北市新店區屈尺里,1516,164,1496,154,1488,140,-28,-24
新北市新店區龜山里,1105,92,1089,92,1094,90,-11,-2
新北市新店區廣興里,861,75,836,83,816,81,-45,6
新北市新店區直潭里,877,90,855,76,824,68,-53,-22
新北市新店區青潭里,3887,472,3809,468,3719,455,-168,-17
新北市新店區新店里,1175,138,1171,128,1159,134,-16,-4
新北市新店區張南里,1381,159,1425,178,1483,173,102,14
新北市新店區國校里,1812,228,1800,205,1764,185,-48,-43
新北市新店區文中里,1176,151,1178,161,1159,143,-17,-8
新北市新店區廣明里,537,55,527,53,526,59,-11,4
新北市新店區文明里,1610,170,1600,170,1555,156,-55,-14
新北市新店區中興里,3332,444,3238,422,3191,404,-141,-40
新北市新店區新生里,3848,423,3773,422,3670,409,-178,-14
新北市新店區新德里,1756,222,1775,234,1736,231,-20,9
新北市新店區張北里,5968,943,5889,928,5835,923,-133,-20
新北市新店區五峯里,5023,630,5036,648,4994,667,-29,37
新北市新店區新安里,4277,415,4158,377,4071,347,-206,-68
新北市新店區忠誠里,1528,222,1508,214,1486,222,-42,0
新北市新店區中正里,3924,509,3880,522,3818,505,-106,-4
新北市新店區中華里,2762,411,2785,422,2709,387,-53,-24
新北市新店區仁愛里,1292,164,1281,164,1231,170,-61,6
新北市新店區百忍里,2442,371,2374,364,2287,358,-155,-13
新北市新店區百和里,2148,300,2108,282,2052,260,-96,-40
新北市新店區福德里,2641,282,2581,268,2480,258,-161,-24
新北市新店區百福里,2315,316,2337,357,2287,361,-28,45
新北市新店區福民里,2605,330,2604,326,2523,309,-82,-21
新北市新店區中山里,3107,406,3076,376,3069,350,-38,-56
新北市新店區和平里,657,85,635,79,930,136,273,51
新北市新店區中央里,3722,456,3749,461,3685,440,-37,-16
新北市新店區明城里,2426,295,2396,295,2342,282,-84,-13
新北市新店區安和里,5518,874,5567,878,5610,886,92,12
新北市新店區吉祥里,3244,401,3171,389,3114,372,-130,-29
新北市新店區寶福里,4973,746,4935,735,4867,707,-106,-39
新北市新店區小城里,2580,364,2512,347,2413,321,-167,-43
新北市新店區香坡里,7867,914,7944,902,7945,870,78,-44
新北市新店區建國里,1989,228,1919,232,1880,213,-109,-15
新北市新店區復興里,2289,258,2224,253,2132,239,-157,-19
新北市新店區美城里,1900,208,1868,205,1835,196,-65,-12
新北市新店區安昌里,4089,567,4072,542,4038,522,-51,-45
新北市新店區長春里,1735,196,1713,200,1678,199,-57,3
新北市新店區新和里,3061,388,3000,378,2899,370,-162,-18
新北市新店區永平里,4195,644,4092,643,4013,608,-182,-36
新北市新店區達觀里,2849,304,2876,312,2841,323,-8,19
新北市新店區華城里,1903,185,1899,192,1852,179,-51,-6
新北市樹林區三多里,3103,465,3006,429,2924,409,-179,-56
新北市樹林區三福里,2813,515,2780,506,2732,499,-81,-16
新北市樹林區三興里,3551,589,3457,564,3353,531,-198,-58
新北市樹林區圳安里,2931,328,2920,340,2890,331,-41,3
新北市樹林區保安里,4512,683,4427,656,4278,605,-234,-78
新北市樹林區潭底里,3432,491,3420,486,3413,474,-19,-17
新北市樹林區󿾵寮里,3905,535,3818,517,3722,505,-183,-30
新北市樹林區樹德里,2513,365,2460,341,2399,341,-114,-24
新北市樹林區樹西里,3502,625,3418,623,3354,581,-148,-44
新北市樹林區樹南里,3074,393,2979,388,2913,405,-161,12
新北市樹林區樹人里,2422,436,2399,430,2337,401,-85,-35
新北市樹林區坡內里,1257,182,1229,178,1191,168,-66,-14
新北市樹林區樹東里,779,97,800,114,775,107,-4,10
新北市樹林區大同里,2771,396,2727,403,2675,403,-96,7
新北市樹林區和平里,2700,454,2623,448,2564,438,-136,-16
新北市樹林區彭厝里,3890,586,3762,559,3702,524,-188,-62
新北市樹林區彭福里,3904,635,3895,612,3853,598,-51,-37
新北市樹林區東山里,2327,302,2300,306,2247,287,-80,-15
新北市樹林區東陽里,4469,694,4409,658,4379,654,-90,-40
新北市樹林區東昇里,3625,553,3695,598,3653,578,28,25
新北市樹林區樂山里,1317,215,1399,218,1410,226,93,11
新北市樹林區東園里,1237,193,1205,177,1183,160,-54,-33
新北市樹林區西園里,1327,189,1294,186,1264,191,-63,2
新北市樹林區南園里,10216,3051,10353,3011,10413,2961,197,-90
新北市樹林區北園里,1658,220,1619,209,1587,208,-71,-12
新北市樹林區柑園里,6543,1752,6561,1722,6595,1694,52,-58
新北市樹林區樹北里,629,69,611,62,582,61,-47,-8
新北市樹林區圳福里,3202,567,3158,581,3050,565,-152,-2
新北市樹林區樹興里,2683,447,2598,450,2549,414,-134,-33
新北市樹林區樹福里,2580,386,2549,381,2487,373,-93,-13
新北市樹林區光興里,3129,423,3071,430,3019,416,-110,-7
新北市樹林區金寮里,3214,520,3277,519,3251,517,37,-3
新北市樹林區彭興里,4491,673,4403,667,4288,635,-203,-38
新北市樹林區文林里,3841,692,3758,636,3680,598,-161,-94
新北市樹林區山佳里,4357,678,4310,665,4244,634,-113,-44
新北市樹林區中山里,3840,685,3812,672,3740,634,-100,-51
新北市樹林區育英里,2233,328,2218,339,2194,343,-39,15
新北市樹林區中華里,2733,383,2694,377,2643,359,-90,-24
新北市樹林區太順里,2053,324,2009,331,1971,323,-82,-1
新北市樹林區圳民里,2200,268,2187,261,2144,251,-56,-17
新北市樹林區圳生里,1219,110,1176,114,1126,116,-93,6
新北市樹林區三龍里,1534,197,1509,182,1522,182,-12,-15
新北市鶯歌區東鶯里,770,132,745,126,727,110,-43,-22
新北市鶯歌區西鶯里,1557,207,1538,206,1499,202,-58,-5
新北市鶯歌區南鶯里,4198,620,4104,615,4050,572,-148,-48
新北市鶯歌區北鶯里,3137,577,3083,542,3050,511,-87,-66
新北市鶯歌區中鶯里,739,133,745,120,714,109,-25,-24
新北市鶯歌區建德里,422,81,419,79,411,68,-11,-13
新北市鶯歌區同慶里,1196,249,1138,245,1107,234,-89,-15
新北市鶯歌區永昌里,6424,1113,6341,1089,6165,1024,-259,-89
新北市鶯歌區南靖里,2539,433,2445,408,2394,405,-145,-28
新北市鶯歌區尖山里,6006,970,6232,1027,6453,1099,447,129
新北市鶯歌區二橋里,6140,1043,6097,994,6114,978,-26,-65
新北市鶯歌區二甲里,684,114,657,96,638,89,-46,-25
新北市鶯歌區東湖里,177,23,174,25,170,15,-7,-8
新北市鶯歌區大湖里,3695,460,3585,455,3523,438,-172,-22
新北市鶯歌區鳳鳴里,3477,543,3842,613,4087,674,610,131
新北市鶯歌區鳳福里,2742,280,2822,315,2878,327,136,47
新北市鶯歌區永吉里,3541,626,3552,654,3488,648,-53,22
新北市鶯歌區中湖里,4299,594,4228,571,4128,557,-171,-37
新北市鶯歌區鳳祥里,3325,515,3195,487,3081,468,-244,-47
新北市鶯歌區建國里,5357,962,5374,1000,5346,1003,-11,41
新北市三峽區三峽里,189,30,190,38,187,40,-2,10
新北市三峽區秀川里,454,80,448,75,447,76,-7,-4
新北市三峽區八張里,2983,527,2970,508,2920,505,-63,-22
新北市三峽區中埔里,2390,439,2438,454,2604,506,214,67
新北市三峽區弘道里,836,116,816,119,805,111,-31,-5
新北市三峽區永舘里,5527,968,5403,950,5233,885,-294,-83
新北市三峽區礁溪里,4446,667,4508,678,4455,664,9,-3
新北市三峽區鳶山里,7413,1326,7371,1341,7253,1294,-160,-32
新北市三峽區龍埔里,7091,1485,7092,1445,7147,1480,56,-5
新北市三峽區大埔里,3009,433,2945,431,2911,431,-98,-2
新北市三峽區嘉添里,1522,169,1482,178,1471,158,-51,-11
新北市三峽區添福里,846,97,801,94,784,85,-62,-12
新北市三峽區金圳里,380,40,352,36,329,41,-51,1
新北市三峽區五寮里,594,63,555,56,541,51,-53,-12
新北市三峽區插角里,404,43,381,39,376,37,-28,-6
新北市三峽區有木里,458,48,434,42,410,37,-48,-11
新北市三峽區溪北里,1696,233,1661,213,1653,177,-43,-56
新北市三峽區溪南里,1098,127,1104,120,1084,120,-14,-7
新北市三峽區溪東里,2307,307,2274,289,2219,280,-88,-27
新北市三峽區成福里,690,79,679,72,654,69,-36,-10
新北市三峽區安坑里,992,117,970,109,939,92,-53,-25
新北市三峽區竹崙里,1348,146,1313,140,1290,136,-58,-10
新北市三峽區介壽里,5303,734,5279,720,5140,699,-163,-35
新北市三峽區安溪里,5997,748,5898,741,5803,700,-194,-48
新北市三峽區中正里,4021,574,4008,573,3925,535,-96,-39
新北市三峽區二鬮里,2729,355,2678,340,2636,333,-93,-22
新北市三峽區龍學里,10351,3378,10541,3365,10596,3343,245,-35
新北市三峽區龍恩里,4856,1388,4975,1405,5056,1348,200,-40
新北市淡水區中和里,397,49,400,40,395,41,-2,-8
新北市淡水區屯山里,782,83,751,79,728,71,-54,-12
新北市淡水區賢孝里,1129,125,1111,117,1092,101,-37,-24
新北市淡水區興仁里,1091,90,1056,96,1020,94,-71,4
新北市淡水區蕃薯里,740,84,717,74,729,64,-11,-20
新北市淡水區義山里,1950,204,1847,191,1808,196,-142,-8
新北市淡水區忠山里,588,62,583,69,570,64,-18,2
新北市淡水區崁頂里,11076,2388,12645,2681,14079,2957,3003,569
新北市淡水區埤島里,1219,215,1209,209,1251,232,32,17
新北市淡水區新興里,5465,906,5496,897,5444,882,-21,-24
新北市淡水區水碓里,4185,615,4175,595,4069,574,-116,-41
新北市淡水區北投里,7223,1961,7375,1934,7555,1920,332,-41
新北市淡水區水源里,1515,183,1483,176,1430,162,-85,-21
新北市淡水區忠寮里,782,95,772,93,754,100,-28,5
新北市淡水區樹興里,957,97,943,94,934,86,-23,-11
新北市淡水區坪頂里,909,75,891,66,884,61,-25,-14
新北市淡水區福德里,4829,543,4872,539,4863,555,34,12
新北市淡水區竹圍里,4378,453,4262,447,4245,441,-133,-12
新北市淡水區民生里,4959,616,4920,618,4844,590,-115,-26
新北市淡水區八勢里,4022,462,4188,509,4359,499,337,37
新北市淡水區竿蓁里,7217,948,7373,944,7433,926,216,-22
新北市淡水區鄧公里,4477,602,4428,595,4387,576,-90,-26
新北市淡水區中興里,2670,349,2662,357,2602,328,-68,-21
新北市淡水區長庚里,943,85,934,78,903,73,-40,-12
新北市淡水區清文里,819,71,780,83,759,89,-60,18
新北市淡水區草東里,501,57,483,53,464,52,-37,-5
新北市淡水區協元里,1048,132,998,124,958,122,-90,-10
新北市淡水區永吉里,626,89,598,82,579,74,-47,-15
新北市淡水區民安里,461,76,444,70,429,68,-32,-8
新北市淡水區新生里,306,24,307,28,297,23,-9,-1
新北市淡水區文化里,1249,203,1228,176,1197,176,-52,-27
新北市淡水區油車里,3845,438,3800,457,3728,456,-117,18
新北市淡水區沙崙里,3090,390,3180,398,3206,403,116,13
新北市淡水區新義里,2992,441,2925,438,2867,430,-125,-11
新北市淡水區新春里,6466,1109,6611,1096,6702,1126,236,17
新北市淡水區新民里,3444,430,3402,428,3307,430,-137,0
新北市淡水區正德里,3523,534,3509,524,3465,534,-58,0
新北市淡水區北新里,2119,302,2118,299,2101,301,-18,-1
新北市淡水區民權里,3132,360,3225,344,3243,337,111,-23
新北市淡水區幸福里,2746,418,2651,404,2584,391,-162,-27
新北市淡水區學府里,3416,470,3341,448,3303,439,-113,-31
新北市淡水區大庄里,5692,688,6325,798,6857,925,1165,237
新北市汐止區義民里,901,97,879,90,853,88,-48,-9
新北市汐止區禮門里,682,101,692,97,711,94,29,-7
新北市汐止區智慧里,3439,415,3436,414,3352,435,-87,20
新北市汐止區信望里,207,14,207,14,205,19,-2,5
新北市汐止區橋東里,2162,386,2281,405,2367,425,205,39
新北市汐止區秀峰里,3878,637,3865,647,3830,617,-48,-20
新北市汐止區新昌里,3872,627,3769,610,3721,634,-151,7
新北市汐止區復興里,5147,729,5093,744,5053,751,-94,22
新北市汐止區茄苳里,3448,577,3425,569,3368,565,-80,-12
新北市汐止區長安里,1119,127,1091,132,1092,132,-27,5
新北市汐止區保安里,1179,139,1136,136,1129,132,-50,-7
新北市汐止區保長里,3359,527,3448,573,3472,575,113,48
新北市汐止區鄉長里,1694,192,1672,181,1620,167,-74,-25
新北市汐止區江北里,4546,527,4477,530,4424,547,-122,20
新北市汐止區拱北里,3700,445,3687,432,3653,424,-47,-21
新北市汐止區烘內里,1073,83,1058,77,1032,84,-41,1
新北市汐止區八連里,663,69,658,63,657,58,-6,-11
新北市汐止區樟樹里,1519,142,1495,142,1478,145,-41,3
新北市汐止區北峰里,3302,381,3317,372,3443,410,141,29
新北市汐止區北山里,4037,323,3993,341,3988,317,-49,-6
新北市汐止區白雲里,3158,446,3135,442,3139,424,-19,-22
新北市汐止區橫科里,3172,306,3116,322,3049,334,-123,28
新北市汐止區東山里,417,54,414,52,398,48,-19,-6
新北市汐止區福山里,2389,240,2396,243,2369,232,-20,-8
新北市汐止區宜興里,1923,203,1890,207,1863,210,-60,7
新北市汐止區中興里,5824,449,5832,473,5767,492,-57,43
新北市汐止區湖光里,4335,416,4358,414,4418,413,83,-3
新北市汐止區仁德里,1190,116,1182,118,1191,117,1,1
新北市汐止區厚德里,5648,634,5648,615,5604,580,-44,-54
新北市汐止區忠孝里,6147,608,6139,601,6025,576,-122,-32
新北市汐止區自強里,4125,645,4198,712,4225,734,100,89
新北市汐止區文化里,3224,482,3311,528,3333,523,109,41
新北市汐止區金龍里,3805,401,3851,395,3888,389,83,-12
新北市汐止區福德里,2433,213,2418,232,2352,224,-81,11
新北市汐止區興福里,2369,175,2364,173,2306,162,-63,-13
新北市汐止區康福里,4002,350,3970,321,3993,318,-9,-32
新北市汐止區忠山里,2273,168,2196,169,2116,155,-157,-13
新北市汐止區環河里,854,72,829,71,818,78,-36,6
新北市汐止區東勢里,2884,315,2997,335,3109,350,225,35
新北市汐止區山光里,2111,218,2158,229,2159,233,48,15
新北市汐止區大同里,2043,270,2037,261,2007,250,-36,-20
新北市汐止區崇德里,3738,627,3706,622,3645,602,-93,-25
新北市汐止區湖興里,4575,436,4594,451,4594,450,19,14
新北市汐止區長青里,571,59,517,52,491,51,-80,-8
新北市汐止區福安里,4466,1069,4826,1138,4970,1145,504,76
新北市汐止區秀山里,3230,563,3215,543,3200,536,-30,-27
新北市汐止區建成里,3940,643,3904,578,3833,538,-107,-105
新北市汐止區城中里,3373,455,3419,435,3405,431,32,-24
新北市汐止區湖蓮里,1840,211,1878,212,1875,191,35,-20
新北市汐止區保新里,2215,205,2199,215,2205,196,-10,-9
新北市瑞芳區龍潭里,523,60,505,58,494,55,-29,-5
新北市瑞芳區龍興里,1449,222,1404,222,1367,220,-82,-2
新北市瑞芳區龍鎮里,902,89,878,80,858,71,-44,-18
新北市瑞芳區龍川里,1274,195,1250,185,1189,167,-85,-28
新北市瑞芳區龍山里,1059,86,1033,90,990,90,-69,4
新北市瑞芳區龍安里,452,48,444,44,434,51,-18,3
新北市瑞芳區爪峯里,2791,403,2715,391,2668,362,-123,-41
新北市瑞芳區柑坪里,833,96,822,98,805,90,-28,-6
新北市瑞芳區東和里,1220,183,1205,168,1168,163,-52,-20
新北市瑞芳區上天里,974,106,949,122,920,105,-54,-1
新北市瑞芳區吉慶里,1351,118,1302,107,1279,110,-72,-8
新北市瑞芳區吉安里,2326,289,2266,264,2220,270,-106,-19
新北市瑞芳區傑魚里,1530,210,1502,196,1468,190,-62,-20
新北市瑞芳區猴硐里,325,24,328,31,309,26,-16,2
新北市瑞芳區光復里,163,15,151,16,143,14,-20,-1
新北市瑞芳區弓橋里,194,10,192,10,177,8,-17,-2
新北市瑞芳區碩仁里,101,6,89,2,83,1,-18,-5
新北市瑞芳區基山里,276,26,268,26,256,20,-20,-6
新北市瑞芳區永慶里,284,27,264,25,252,26,-32,-1
新北市瑞芳區崇文里,199,13,189,10,178,7,-21,-6
新北市瑞芳區福住里,109,11,102,9,98,9,-11,-2
新北市瑞芳區頌德里,225,19,220,22,202,18,-23,-1
新北市瑞芳區新山里,239,12,232,14,215,14,-24,2
新北市瑞芳區瓜山里,109,8,101,7,93,4,-16,-4
新北市瑞芳區銅山里,107,8,107,8,106,4,-1,-4
新北市瑞芳區石山里,193,14,190,19,182,15,-11,1
新北市瑞芳區濓新里,209,19,205,23,198,18,-11,-1
新北市瑞芳區濓洞里,294,27,296,27,297,25,3,-2
新北市瑞芳區海濱里,976,66,966,62,955,62,-21,-4
新北市瑞芳區瑞濱里,1544,174,1509,183,1463,166,-81,-8
新北市瑞芳區深澳里,1020,88,1016,101,988,98,-32,10
新北市瑞芳區南雅里,198,17,191,15,186,8,-12,-9
新北市瑞芳區鼻頭里,678,53,655,53,652,49,-26,-4
新北市瑞芳區新峰里,2614,390,2586,388,2555,387,-59,-3
新北市土城區埤塘里,4017,404,4034,407,3994,392,-23,-12
新北市土城區土城里,1443,241,1437,238,1421,247,-22,6
新北市土城區員林里,4477,659,4803,728,5121,805,644,146
新北市土城區員仁里,4075,614,3971,605,3859,601,-216,-13
新北市土城區長風里,1456,177,1432,170,1458,167,2,-10
新北市土城區日新里,3314,476,3250,485,3136,495,-178,19
新北市土城區日和里,4226,690,4343,733,4612,810,386,120
新北市土城區貨饒里,3208,467,3200,485,3136,502,-72,35
新北市土城區柑林里,2652,494,2624,502,2797,520,145,26
新北市土城區埤林里,6470,995,6306,992,6133,945,-337,-50
新北市土城區瑞興里,2160,281,2100,282,2026,285,-134,4
新北市土城區清水里,6181,854,6009,814,5891,790,-290,-64
新北市土城區清和里,4684,610,4561,587,4444,571,-240,-39
新北市土城區永豐里,3262,517,3182,511,3142,495,-120,-22
新北市土城區清化里,1173,143,1136,130,1103,129,-70,-14
新北市土城區清溪里,5064,678,4945,689,4829,682,-235,4
新北市土城區峯廷里,5498,783,5405,822,5261,787,-237,4
新北市土城區平和里,5229,735,5121,734,5015,750,-214,15
新北市土城區廷寮里,3730,527,3656,491,3585,466,-145,-61
新北市土城區大安里,3496,559,3477,557,3403,538,-93,-21
新北市土城區永寧里,6070,1047,6044,1069,6002,1074,-68,27
新北市土城區沛陂里,3456,510,3431,508,3460,507,4,-3
新北市土城區頂埔里,3733,520,3692,476,3628,462,-105,-58
新北市土城區頂福里,3863,596,3782,595,3765,568,-98,-28
新北市土城區頂新里,2109,469,2097,462,2101,445,-8,-24
新北市土城區祖田里,1241,163,1199,151,1187,161,-54,-2
新北市土城區樂利里,3835,459,3678,455,3566,443,-269,-16
新北市土城區廣福里,4355,662,4261,626,4129,657,-226,-5
新北市土城區學府里,2605,426,2533,427,2453,443,-152,17
新北市土城區延壽里,3217,467,3154,467,3062,473,-155,6
新北市土城區安和里,3751,522,3661,509,3570,515,-181,-7
新北市土城區青雲里,2158,337,2149,320,2154,339,-4,2
新北市土城區員福里,4042,540,3970,529,3849,531,-193,-9
新北市土城區延吉里,3176,440,3084,443,3018,428,-158,-12
新北市土城區復興里,3371,458,3258,450,3140,444,-231,-14
新北市土城區裕生里,4043,585,3982,586,3872,555,-171,-30
新北市土城區員信里,3289,444,3213,445,3081,454,-208,10
新北市土城區永富里,3969,543,4051,561,4072,537,103,-6
新北市土城區學成里,2407,381,2351,375,2279,364,-128,-17
新北市土城區延和里,4770,773,4822,782,4804,801,34,28
新北市土城區中正里,2481,395,2433,409,2349,416,-132,21
新北市土城區學士里,3712,616,3666,603,3593,566,-119,-50
新北市土城區明德里,4517,639,4503,645,4397,603,-120,-36
新北市土城區廣興里,2622,418,2591,437,2549,437,-73,19
新北市土城區青山里,2126,397,2054,390,1975,380,-151,-17
新北市土城區金城里,4802,670,4736,641,4636,616,-166,-54
新北市土城區延祿里,3129,425,3095,423,3007,420,-122,-5
新北市蘆洲區正義里,9911,2911,10276,2894,10482,2836,571,-75
新北市蘆洲區中原里,4316,850,4350,861,4290,828,-26,-22
新北市蘆洲區中路里,3016,511,2979,490,2920,480,-96,-31
新北市蘆洲區光華里,3859,571,3798,566,3746,560,-113,-11
新北市蘆洲區保佑里,2713,467,2667,433,2612,434,-101,-33
新北市蘆洲區水湳里,7991,1212,7915,1200,7846,1151,-145,-61
新北市蘆洲區樓厝里,4757,693,4674,659,4795,673,38,-20
新北市蘆洲區鷺江里,4124,641,4039,601,3965,577,-159,-64
新北市蘆洲區恆德里,4542,617,4511,581,4457,564,-85,-53
新北市蘆洲區溪墘里,2191,346,2186,349,2151,333,-40,-13
新北市蘆洲區樹德里,2379,340,2346,301,2284,294,-95,-46
新北市蘆洲區保和里,1855,277,1811,281,1782,258,-73,-19
新北市蘆洲區仁復里,1550,207,1485,208,1432,207,-118,0
新北市蘆洲區得勝里,2310,312,2269,292,2232,283,-78,-29
新北市蘆洲區南港里,4556,794,4498,813,4471,823,-85,29
新北市蘆洲區永樂里,4884,927,4746,871,4671,864,-213,-63
新北市蘆洲區永康里,5376,849,5331,811,5246,769,-130,-80
新北市蘆洲區信義里,2896,461,2838,478,2765,475,-131,14
新北市蘆洲區玉清里,4384,665,4373,638,4373,619,-11,-46
新北市蘆洲區復興里,2650,347,2626,304,2564,294,-86,-53
新北市蘆洲區水河里,7379,980,7290,959,7209,967,-170,-13
新北市蘆洲區仁愛里,4001,507,3961,504,3882,498,-119,-9
新北市蘆洲區忠義里,2458,391,2408,379,2351,366,-107,-25
新北市蘆洲區九芎里,4209,568,4131,559,4064,542,-145,-26
新北市蘆洲區中華里,2328,369,2287,365,2258,376,-70,7
新北市蘆洲區得仁里,2199,306,2127,293,2088,293,-111,-13
新北市蘆洲區仁德里,4009,655,3934,683,3850,696,-159,41
新北市蘆洲區仁義里,4055,434,3938,443,3890,435,-165,1
新北市蘆洲區光明里,3585,603,3596,593,3490,568,-95,-35
新北市蘆洲區保新里,2341,316,2560,391,2758,428,417,112
新北市蘆洲區長安里,3987,490,3991,512,3934,520,-53,30
新北市蘆洲區民和里,1969,221,1915,212,1889,216,-80,-5
新北市蘆洲區忠孝里,1879,276,1810,279,1781,272,-98,-4
新北市蘆洲區福安里,2508,367,2463,370,2391,349,-117,-18
新北市蘆洲區永安里,3895,592,3883,602,3770,602,-125,10
新北市蘆洲區延平里,3265,423,3215,415,3188,403,-77,-20
新北市蘆洲區成功里,6027,929,5882,908,5780,888,-247,-41
新北市蘆洲區永德里,3571,443,3502,463,3423,449,-148,6
新北市五股區興珍里,3364,429,3307,435,3231,426,-133,-3
新北市五股區更寮里,839,81,847,82,818,83,-21,2
新北市五股區集福里,2871,376,2862,358,2787,326,-84,-50
新北市五股區觀音里,959,114,942,108,897,97,-62,-17
新北市五股區成州里,4539,732,4479,716,4462,710,-77,-22
新北市五股區成功里,4855,812,5103,859,5351,864,496,52
新北市五股區五龍里,988,124,957,115,944,107,-44,-17
新北市五股區五股里,3221,461,3155,449,3095,403,-126,-58
新北市五股區五福里,2684,352,2608,353,2562,349,-122,-3
新北市五股區德音里,4088,574,4072,551,4051,524,-37,-50
新北市五股區陸一里,1703,184,1736,189,1707,182,4,-2
新北市五股區貿商里,2155,335,2140,301,2088,246,-67,-89
新北市五股區德泰里,3467,544,3417,533,3409,499,-58,-45
新北市五股區成德里,2329,376,2359,390,2437,391,108,15
新北市五股區六福里,3058,374,3010,362,3003,369,-55,-5
新北市五股區集賢里,2966,420,2986,433,2994,430,28,10
新北市五股區民義里,2533,405,2607,407,2633,431,100,26
新北市五股區成泰里,6943,1173,7765,1318,8365,1421,1422,248
新北市五股區水碓里,5932,887,5894,876,5841,883,-91,-4
新北市五股區福德里,2504,390,2557,401,2572,400,68,10
新北市泰山區大科里,690,88,683,79,659,76,-31,-12
新北市泰山區黎明里,2631,455,2636,431,2579,380,-52,-75
新北市泰山區山腳里,4977,871,4904,864,4846,840,-131,-31
新北市泰山區福泰里,1966,305,1941,274,1914,262,-52,-43
新北市泰山區楓樹里,3252,541,3235,522,3162,488,-90,-53
新北市泰山區同榮里,2945,482,2905,478,2851,466,-94,-16
新北市泰山區義學里,3488,633,3503,631,3481,634,-7,1
新北市泰山區明志里,2631,390,2567,382,2599,401,-32,11
新北市泰山區貴子里,2863,383,2825,392,2820,393,-43,10
新北市泰山區貴和里,3512,576,3474,578,3466,558,-46,-18
新北市泰山區同興里,2735,669,2711,625,2673,578,-62,-91
新北市泰山區義仁里,6354,1316,6334,1300,6236,1196,-118,-120
新北市泰山區泰友里,1593,208,1526,187,1467,191,-126,-17
新北市泰山區新明里,2398,367,2338,366,2284,348,-114,-19
新北市泰山區貴賢里,2586,378,2563,349,2502,340,-84,-38
新北市泰山區福興里,2639,473,2621,439,2561,394,-78,-79
新北市泰山區全興里,6907,1854,6914,1690,6930,1629,23,-225
新北市林口區東林里,3001,465,2927,432,2839,430,-162,-35
新北市林口區林口里,4100,630,4043,617,3966,610,-134,-20
新北市林口區西林里,7533,1544,7780,1579,7869,1578,336,34
新北市林口區菁湖里,3069,499,3023,505,2956,486,-113,-13
新北市林口區中湖里,3177,582,3327,597,3432,632,255,50
新北市林口區湖北里,1091,148,1092,162,1057,154,-34,6
新北市林口區湖南里,15342,4647,16293,4963,17170,5267,1828,620
新北市林口區南勢里,14056,3853,15583,4560,17069,5165,3013,1312
新北市林口區東勢里,4593,844,4838,946,5125,1068,532,224
新北市林口區頂福里,765,110,745,97,746,118,-19,8
新北市林口區下福里,985,130,978,123,971,134,-14,4
新北市林口區嘉寶里,723,104,707,95,701,101,-22,-3
新北市林口區瑞平里,652,109,604,108,575,101,-77,-8
新北市林口區太平里,1188,213,1199,228,1190,233,2,20
新北市林口區仁愛里,5073,1095,5109,1049,5095,1027,22,-68
新北市林口區麗林里,6902,1671,6836,1579,6811,1520,-91,-151
新北市林口區麗園里,3027,462,2986,462,2943,451,-84,-11
新北市深坑區深坑里,2455,253,2454,256,2397,272,-58,19
新北市深坑區萬順里,1816,156,1825,153,1820,155,4,-1
新北市深坑區土庫里,2220,256,2212,269,2190,261,-30,5
新北市深坑區昇高里,1492,181,1426,185,1419,194,-73,13
新北市深坑區阿柔里,414,45,401,43,398,47,-16,2
新北市深坑區埔新里,4793,591,4714,570,4629,527,-164,-64
新北市深坑區萬福里,1921,191,1902,185,1867,183,-54,-8
新北市深坑區賴仲里,1682,184,1650,181,1617,164,-65,-20
新北市石碇區石碇里,290,29,277,29,256,26,-34,-3
新北市石碇區潭邊里,557,47,537,42,535,40,-22,-7
新北市石碇區隆盛里,493,46,474,40,466,42,-27,-4
新北市石碇區烏塗里,433,24,418,25,377,23,-56,-1
新北市石碇區彭山里,221,18,219,16,204,12,-17,-6
新北市石碇區豐田里,229,26,230,22,234,17,5,-9
新北市石碇區永定里,451,41,453,32,444,35,-7,-6
新北市石碇區中民里,554,44,526,39,520,35,-34,-9
新北市石碇區光明里,191,9,180,12,162,11,-29,2
新北市石碇區豐林里,242,8,231,14,222,19,-20,11
新北市石碇區永安里,598,82,592,91,583,88,-15,6
新北市石碇區格頭里,668,82,656,70,652,70,-16,-12
新北市坪林區粗窟里,578,34,577,42,562,41,-16,7
新北市坪林區坪林里,940,129,952,131,940,127,0,-2
新北市坪林區大林里,773,90,766,88,737,76,-36,-14
新北市坪林區石𥕢里,283,13,267,13,262,10,-21,-3
新北市坪林區上德里,585,49,569,54,561,46,-24,-3
新北市坪林區水德里,428,35,420,30,409,32,-19,-3
新北市坪林區漁光里,480,26,475,33,463,32,-17,6
新北市三芝區八賢里,211,18,213,18,195,16,-16,-2
新北市三芝區埔頭里,4002,510,3950,506,3860,512,-142,2
新北市三芝區古庄里,758,62,743,59,733,50,-25,-12
新北市三芝區新庄里,549,78,517,69,519,55,-30,-23
新北市三芝區埔坪里,4978,651,4895,628,4816,608,-162,-43
新北市三芝區茂長里,462,38,451,33,425,32,-37,-6
新北市三芝區橫山里,329,29,321,33,300,27,-29,-2
新北市三芝區錫板里,462,49,435,47,409,45,-53,-4
新北市三芝區後厝里,1434,95,1403,102,1337,89,-97,-6
新北市三芝區福德里,575,59,557,61,532,62,-43,3
新北市三芝區圓山里,387,34,381,30,381,30,-6,-4
新北市三芝區店子里,404,33,391,25,371,31,-33,-2
新北市三芝區興華里,846,69,822,57,811,62,-35,-7
新北市石門區德茂里,880,114,856,105,834,96,-46,-18
新北市石門區富基里,1079,114,1039,102,1000,101,-79,-13
新北市石門區老梅里,1728,182,1635,162,1580,144,-148,-38
新北市石門區山溪里,660,59,642,64,618,57,-42,-2
新北市石門區石門里,1244,152,1223,141,1175,123,-69,-29
新北市石門區尖鹿里,1211,160,1168,132,1148,119,-63,-41
新北市石門區乾華里,226,15,220,13,206,10,-20,-5
新北市石門區茂林里,488,41,471,36,445,27,-43,-14
新北市石門區草里里,738,115,721,104,697,87,-41,-28
新北市八里區龍源里,5228,482,5203,501,5107,468,-121,-14
新北市八里區米倉里,2525,349,2512,344,2485,321,-40,-28
新北市八里區大崁里,2359,433,2466,457,2485,433,126,0
新北市八里區埤頭里,2909,441,2952,465,2993,455,84,14
新北市八里區頂罟里,1546,257,1708,270,1739,272,193,15
新北市八里區舊城里,5576,732,5519,747,5430,726,-146,-6
新北市八里區訊塘里,3510,563,3391,575,3363,567,-147,4
新北市八里區荖阡里,1361,186,1353,178,1336,171,-25,-15
新北市八里區長坑里,1220,181,1228,193,1198,199,-22,18
新北市八里區下罟里,1255,213,1250,211,1232,214,-23,1
新北市平溪區薯榔里,244,17,234,14,215,15,-29,-2
新北市平溪區菁桐里,151,12,148,8,146,6,-5,-6
新北市平溪區白石里,171,16,162,15,150,14,-21,-2
新北市平溪區石底里,279,24,268,21,256,19,-23,-5
新北市平溪區平溪里,153,19,151,16,158,15,5,-4
新北市平溪區嶺腳里,423,40,399,35,380,28,-43,-12
新北市平溪區東勢里,248,16,237,14,229,11,-19,-5
新北市平溪區望古里,85,6,93,3,87,2,2,-4
新北市平溪區南山里,214,10,201,8,190,7,-24,-3
新北市平溪區平湖里,104,6,104,4,90,4,-14,-2
新北市平溪區十分里,535,47,514,38,484,29,-51,-18
新北市平溪區新寮里,92,12,88,7,82,7,-10,-5
新北市雙溪區雙溪里,292,32,282,30,279,29,-13,-3
新北市雙溪區共和里,267,19,248,19,236,13,-31,-6
新北市雙溪區新基里,504,64,464,51,454,40,-50,-24
新北市雙溪區魚行里,471,38,437,33,420,33,-51,-5
新北市雙溪區三港里,229,18,211,17,200,16,-29,-2
新北市雙溪區牡丹里,1037,107,991,95,934,74,-103,-33
新北市雙溪區三貂里,211,12,200,10,198,9,-13,-3
新北市雙溪區平林里,667,72,624,69,595,62,-72,-10
新北市雙溪區上林里,406,42,398,41,370,38,-36,-4
新北市雙溪區外柑里,255,9,241,9,229,6,-26,-3
新北市雙溪區長源里,223,17,220,15,210,14,-13,-3
新北市雙溪區泰平里,747,85,770,85,769,84,22,-1
新北市貢寮區貢寮里,604,45,585,46,554,41,-50,-4
新北市貢寮區吉林里,339,21,309,20,293,21,-46,0
新北市貢寮區雙玉里,450,33,436,32,416,30,-34,-3
新北市貢寮區龍崗里,279,18,266,12,254,13,-25,-5
新北市貢寮區龍門里,457,30,451,29,436,27,-21,-3
新北市貢寮區福隆里,1186,105,1153,92,1133,82,-53,-23
新北市貢寮區仁里里,1343,119,1300,119,1282,111,-61,-8
新北市貢寮區真理里,1563,132,1530,125,1477,112,-86,-20
新北市貢寮區福連里,630,26,623,20,611,21,-19,-5
新北市貢寮區美豐里,477,37,468,33,453,30,-24,-7
新北市貢寮區和美里,728,52,721,49,705,43,-23,-9
新北市金山區和平里,356,42,339,35,317,31,-39,-11
新北市金山區大同里,531,50,509,42,493,38,-38,-12
新北市金山區豐漁里,391,51,404,45,386,45,-5,-6
新北市金山區磺港里,1386,155,1339,128,1302,105,-84,-50
新北市金山區美田里,3233,493,3176,471,3121,440,-112,-53
新北市金山區五湖里,1347,167,1300,161,1266,159,-81,-8
新北市金山區重和里,881,73,841,51,816,53,-65,-20
新北市金山區兩湖里,308,27,294,23,281,16,-27,-11
新北市金山區六股里,523,40,494,44,486,41,-37,1
新北市金山區三界里,476,47,465,41,441,35,-35,-12
新北市金山區清泉里,624,63,610,59,601,61,-23,-2
新北市金山區萬壽里,339,37,333,32,322,31,-17,-6
新北市金山區西湖里,138,6,128,4,125,4,-13,-2
新北市金山區永興里,400,37,387,36,377,30,-23,-7
新北市金山區金美里,4109,476,4036,462,3997,424,-112,-52
新北市萬里區萬里里,3512,434,3467,408,3409,408,-103,-26
新北市萬里區龜吼里,1769,214,1734,193,1707,180,-62,-34
新北市萬里區野柳里,2567,304,2511,281,2442,280,-125,-24
新北市萬里區大鵬里,2109,246,2073,233,2045,217,-64,-29
新北市萬里區磺潭里,411,54,411,54,406,53,-5,-1
新北市萬里區雙興里,625,68,628,62,619,60,-6,-8
新北市萬里區溪底里,408,32,393,32,400,32,-8,0
新北市萬里區崁脚里,284,27,283,25,273,26,-11,-1
新北市萬里區中幅里,867,125,854,125,847,111,-20,-14
新北市萬里區北基里,1949,212,1892,207,1826,194,-123,-18
新北市烏來區烏來里,1894,353,1869,340,1846,321,-48,-32
新北市烏來區忠治里,1259,203,1255,212,1239,214,-20,11
新北市烏來區福山里,540,152,536,136,528,137,-12,-15
新北市烏來區信賢里,376,60,384,64,378,68,2,8
新北市烏來區孝義里,160,20,149,17,149,21,-11,1
