cunli,adult2019,chilren2019,adult2020,chilren2020,adult2021,chilren2021,adult_diff,children_diff
桃園市桃園區文化里,561,84,692,108,809,123,248,39
桃園市桃園區文明里,1074,164,1038,176,1010,178,-64,14
桃園市桃園區武陵里,1302,158,1290,167,1306,171,4,13
桃園市桃園區大林里,6306,1656,6324,1703,6346,1698,40,42
桃園市桃園區忠義里,3300,587,3273,573,3220,546,-80,-41
桃園市桃園區會稽里,8483,1451,8510,1431,8766,1499,283,48
桃園市桃園區長美里,778,128,745,130,727,123,-51,-5
桃園市桃園區民生里,1159,162,1134,171,1288,179,129,17
桃園市桃園區永興里,1336,171,1441,184,1428,202,92,31
桃園市桃園區汴洲里,4634,828,4939,913,5415,979,781,151
桃園市桃園區永安里,3880,712,3857,711,3810,683,-70,-29
桃園市桃園區東埔里,4094,640,3964,580,3892,580,-202,-60
桃園市桃園區東門里,2439,345,2395,346,2420,357,-19,12
桃園市桃園區東山里,1576,206,1573,217,1526,199,-50,-7
桃園市桃園區萬壽里,798,110,759,110,713,100,-85,-10
桃園市桃園區長安里,3124,594,3086,586,3011,559,-113,-35
桃園市桃園區中埔里,1915,275,2003,294,2034,290,119,15
桃園市桃園區西埔里,2681,407,2678,389,2597,361,-84,-46
桃園市桃園區西門里,1315,208,1247,197,1280,220,-35,12
桃園市桃園區中和里,1099,125,1080,117,1007,108,-92,-17
桃園市桃園區文昌里,623,116,580,125,564,128,-59,12
桃園市桃園區新埔里,8495,1443,8568,1474,8773,1534,278,91
桃園市桃園區中山里,6238,1193,6226,1191,6209,1184,-29,-9
桃園市桃園區慈文里,5618,1149,5578,1179,5631,1237,13,88
桃園市桃園區西湖里,1203,202,1197,210,1158,178,-45,-24
桃園市桃園區南門里,5097,753,5071,716,5067,683,-30,-70
桃園市桃園區南華里,1129,169,1114,173,1088,182,-41,13
桃園市桃園區玉山里,4191,646,4130,624,4041,604,-150,-42
桃園市桃園區中成里,3828,539,4162,659,4701,713,873,174
桃園市桃園區中正里,4636,784,5123,906,5482,991,846,207
桃園市桃園區北門里,1382,195,1367,188,1361,200,-21,5
桃園市桃園區雲林里,5466,1065,5458,1028,5408,990,-58,-75
桃園市桃園區福林里,5143,1132,5149,1147,5139,1151,-4,19
桃園市桃園區光興里,4071,869,3917,834,3813,790,-258,-79
桃園市桃園區龍山里,3033,393,2976,382,2887,370,-146,-23
桃園市桃園區龍岡里,5271,904,5248,895,5216,823,-55,-81
桃園市桃園區成功里,3301,560,3269,546,3202,567,-99,7
桃園市桃園區青溪里,3711,744,3654,803,3596,816,-115,72
桃園市桃園區朝陽里,1638,244,1624,239,1597,226,-41,-18
桃園市桃園區中興里,4622,918,4698,908,4796,928,174,10
桃園市桃園區豐林里,5360,874,5308,838,5208,808,-152,-66
桃園市桃園區建國里,4458,655,4365,662,4268,663,-190,8
桃園市桃園區大豐里,4497,761,4419,751,4310,714,-187,-47
桃園市桃園區福安里,3622,783,3550,740,3481,721,-141,-62
桃園市桃園區三民里,3694,820,3601,761,3488,790,-206,-30
桃園市桃園區大興里,4885,721,4823,703,4718,628,-167,-93
桃園市桃園區春日里,5583,955,5549,932,5440,861,-143,-94
桃園市桃園區信光里,6353,1323,6265,1306,6266,1302,-87,-21
桃園市桃園區中寧里,5607,1313,5626,1347,5600,1328,-7,15
桃園市桃園區同安里,8019,1511,8299,1570,8597,1698,578,187
桃園市桃園區莊敬里,7949,1331,7947,1298,7902,1285,-47,-46
桃園市桃園區文中里,2200,339,2575,412,3235,623,1035,284
桃園市桃園區泰山里,3243,462,3178,450,3077,422,-166,-40
桃園市桃園區中路里,3488,518,3459,509,3371,472,-117,-46
桃園市桃園區中德里,5974,1168,5862,1141,5778,1073,-196,-95
桃園市桃園區龍祥里,4559,899,4517,879,4456,838,-103,-61
桃園市桃園區大有里,5593,1151,5794,1192,5915,1227,322,76
桃園市桃園區寶山里,7848,1300,7801,1252,7796,1222,-52,-78
桃園市桃園區龍鳳里,8729,1097,8892,1101,8937,1057,208,-40
桃園市桃園區龍安里,4961,947,5027,936,5060,906,99,-41
桃園市桃園區自強里,6839,1096,6803,1071,6656,1034,-183,-62
桃園市桃園區中信里,5217,914,5050,905,4955,862,-262,-52
桃園市桃園區長德里,4286,808,4288,796,4275,827,-11,19
桃園市桃園區中平里,4174,652,4109,634,4037,638,-137,-14
桃園市桃園區中原里,4334,786,4315,757,4247,727,-87,-59
桃園市桃園區中泰里,3949,644,3925,609,3892,601,-57,-43
桃園市桃園區南埔里,4463,959,4420,975,4442,989,-21,30
桃園市桃園區寶慶里,5752,1269,5807,1247,5842,1191,90,-78
桃園市桃園區北埔里,4393,810,4453,799,4474,782,81,-28
桃園市桃園區中聖里,5024,931,5055,887,4985,874,-39,-57
桃園市桃園區龍壽里,5538,1060,5962,1136,6121,1125,583,65
桃園市桃園區同德里,5737,1373,5781,1332,5761,1258,24,-115
桃園市桃園區明德里,2942,526,2937,512,2874,507,-68,-19
桃園市桃園區寶安里,7811,1506,7817,1465,7714,1363,-97,-143
桃園市桃園區瑞慶里,5588,1193,5612,1201,5557,1130,-31,-63
桃園市桃園區三元里,3172,559,3384,581,3366,571,194,12
桃園市桃園區大樹里,3505,747,3523,743,3441,719,-64,-28
桃園市桃園區大業里,4591,1015,4574,997,4528,932,-63,-83
桃園市桃園區福元里,4152,1042,4224,992,4333,955,181,-87
桃園市中壢區龍平里,2440,418,2432,398,2420,374,-20,-44
桃園市中壢區龍昌里,4802,681,4706,692,4646,633,-156,-48
桃園市中壢區仁德里,2661,494,2651,472,2636,445,-25,-49
桃園市中壢區永興里,755,86,745,82,715,80,-40,-6
桃園市中壢區內壢里,1735,265,1723,266,1735,278,0,13
桃園市中壢區成功里,4000,661,3944,651,3967,673,-33,12
桃園市中壢區光明里,4671,810,4625,771,4511,722,-160,-88
桃園市中壢區自立里,4185,586,4166,562,4122,565,-63,-21
桃園市中壢區自強里,3169,471,3139,464,3116,436,-53,-35
桃園市中壢區中堅里,3450,683,3455,651,3432,590,-18,-93
桃園市中壢區龍興里,3706,572,3618,558,3598,514,-108,-58
桃園市中壢區仁美里,4866,994,4973,1039,4934,1019,68,25
桃園市中壢區仁愛里,2677,347,2684,335,2613,348,-64,1
桃園市中壢區新街里,1790,225,1852,240,1914,242,124,17
桃園市中壢區中央里,2892,428,2864,410,2746,392,-146,-36
桃園市中壢區普仁里,3810,1076,3786,1049,3760,995,-50,-81
桃園市中壢區普義里,4937,737,4904,740,4944,705,7,-32
桃園市中壢區忠義里,3322,723,3435,763,3508,729,186,6
桃園市中壢區中正里,4678,770,4794,790,4761,775,83,5
桃園市中壢區興仁里,3006,585,2977,603,2941,599,-65,14
桃園市中壢區東興里,2879,518,2880,495,2828,501,-51,-17
桃園市中壢區洽溪里,4877,1091,5419,1273,6375,1630,1498,539
桃園市中壢區篤行里,2404,403,2428,384,2482,382,78,-21
桃園市中壢區新明里,3192,473,3192,492,3132,502,-60,29
桃園市中壢區新興里,3275,731,3237,714,3173,711,-102,-20
桃園市中壢區中原里,3192,492,3131,508,3030,507,-162,15
桃園市中壢區內定里,6213,1206,6266,1174,6287,1131,74,-75
桃園市中壢區中壢里,554,106,557,114,531,105,-23,-1
桃園市中壢區龍岡里,4026,739,3996,729,3881,694,-145,-45
桃園市中壢區仁祥里,2501,371,2486,345,2419,331,-82,-40
桃園市中壢區水尾里,2938,400,2902,392,2903,378,-35,-22
桃園市中壢區青埔里,3457,821,4376,1124,5767,1498,2310,677
桃園市中壢區復興里,8617,2545,8868,2572,9028,2556,411,11
桃園市中壢區文化里,8144,1634,8156,1654,8109,1592,-35,-42
桃園市中壢區興國里,1591,259,1541,253,1500,241,-91,-18
桃園市中壢區忠福里,6723,981,6874,963,6862,940,139,-41
桃園市中壢區信義里,4010,898,3942,919,3869,917,-141,19
桃園市中壢區石頭里,1305,230,1246,229,1180,229,-125,-1
桃園市中壢區龍東里,4198,727,4178,689,4161,669,-37,-58
桃園市中壢區中建里,797,163,782,157,785,153,-12,-10
桃園市中壢區興南里,2604,371,2569,377,2532,335,-72,-36
桃園市中壢區後寮里,4485,709,4322,685,4325,693,-160,-16
桃園市中壢區過嶺里,6185,1461,6594,1635,7204,1776,1019,315
桃園市中壢區五權里,5404,1114,5289,1104,5335,1102,-69,-12
桃園市中壢區舊明里,1205,210,1151,205,1121,203,-84,-7
桃園市中壢區芝芭里,2990,447,3178,453,3589,542,599,95
桃園市中壢區月眉里,4785,800,4983,795,5036,772,251,-28
桃園市中壢區三民里,2680,423,2679,413,2708,412,28,-11
桃園市中壢區山東里,3296,433,3290,417,3236,393,-60,-40
桃園市中壢區中榮里,685,198,640,179,632,190,-53,-8
桃園市中壢區內厝里,4189,629,4189,646,4192,654,3,25
桃園市中壢區振興里,4195,528,4167,535,4102,507,-93,-21
桃園市中壢區普慶里,2272,465,2244,472,2223,447,-49,-18
桃園市中壢區興和里,2335,393,2318,391,2251,401,-84,8
桃園市中壢區永光里,4920,930,4888,888,4819,843,-101,-87
桃園市中壢區復華里,4947,1178,5059,1223,4973,1256,26,78
桃園市中壢區忠孝里,4261,979,4273,949,4257,926,-4,-53
桃園市中壢區福德里,2531,366,2538,381,2454,371,-77,5
桃園市中壢區和平里,2256,518,2232,490,2185,476,-71,-42
桃園市中壢區普忠里,3121,866,3086,843,3000,817,-121,-49
桃園市中壢區普強里,3411,571,3358,560,3280,557,-131,-14
桃園市中壢區明德里,4301,934,4266,956,4146,995,-155,61
桃園市中壢區至善里,3365,514,3433,505,3438,511,73,-3
桃園市中壢區五福里,3088,457,3021,416,3018,409,-70,-48
桃園市中壢區龍德里,3709,524,3713,488,3643,469,-66,-55
桃園市中壢區正義里,3849,674,3820,720,3725,697,-124,23
桃園市中壢區龍安里,1789,283,1754,260,1706,242,-83,-41
桃園市中壢區中山里,4514,679,4547,679,4520,659,6,-20
桃園市中壢區德義里,2188,356,2099,349,2054,336,-134,-20
桃園市中壢區仁義里,3416,661,3404,675,3348,627,-68,-34
桃園市中壢區華勛里,3199,493,3232,496,3450,524,251,31
桃園市中壢區仁福里,4265,619,4231,598,4222,591,-43,-28
桃園市中壢區幸福里,5583,762,5567,750,5532,730,-51,-32
桃園市中壢區永福里,4943,722,4894,675,4812,628,-131,-94
桃園市中壢區仁和里,3403,655,3343,650,3288,608,-115,-47
桃園市中壢區華愛里,3297,559,3295,548,3295,536,-2,-23
桃園市中壢區莊敬里,2985,396,3005,389,2954,345,-31,-51
桃園市中壢區自治里,2892,460,2965,473,3115,493,223,33
桃園市中壢區健行里,4049,1012,4028,995,3982,976,-67,-36
桃園市中壢區興平里,1995,429,1960,428,1920,388,-75,-41
桃園市中壢區中興里,3117,466,3080,435,3100,417,-17,-49
桃園市中壢區龍慈里,4567,673,4568,628,4564,613,-3,-60
桃園市中壢區自信里,5166,737,5183,718,5164,699,-2,-38
桃園市中壢區林森里,3434,877,3440,879,3392,880,-42,3
桃園市中壢區金華里,3671,661,3690,628,3602,568,-69,-93
桃園市大溪區興和里,1142,194,1121,201,1101,204,-41,10
桃園市大溪區福仁里,780,151,759,149,734,144,-46,-7
桃園市大溪區一心里,4264,687,4213,676,4168,648,-96,-39
桃園市大溪區一德里,4975,763,4977,770,4868,733,-107,-30
桃園市大溪區月眉里,1088,156,1059,145,1029,137,-59,-19
桃園市大溪區永福里,764,74,748,72,723,65,-41,-9
桃園市大溪區美華里,2611,316,2597,314,2565,297,-46,-19
桃園市大溪區福安里,1865,201,1798,175,1774,170,-91,-31
桃園市大溪區復興里,700,72,675,60,643,55,-57,-17
桃園市大溪區新峰里,630,67,605,66,597,64,-33,-3
桃園市大溪區康安里,1119,128,1074,116,1059,110,-60,-18
桃園市大溪區義和里,1458,162,1460,161,1405,161,-53,-1
桃園市大溪區瑞興里,2304,350,2280,329,2275,338,-29,-12
桃園市大溪區中新里,1273,153,1231,137,1214,127,-59,-26
桃園市大溪區仁義里,2422,392,2387,377,2358,338,-64,-54
桃園市大溪區僑愛里,2104,381,2062,380,2030,364,-74,-17
桃園市大溪區仁善里,3480,632,3821,678,4116,738,636,106
桃園市大溪區仁愛里,4749,955,4737,929,4713,904,-36,-51
桃園市大溪區仁武里,2786,518,2843,520,2857,519,71,1
桃園市大溪區員林里,1364,259,1371,272,1364,250,0,-9
桃園市大溪區南興里,4395,625,4409,612,4422,585,27,-40
桃園市大溪區瑞源里,3353,534,3323,523,3253,506,-100,-28
桃園市大溪區光明里,2068,309,2051,292,2059,275,-9,-34
桃園市大溪區三元里,2407,398,2555,453,2555,471,148,73
桃園市大溪區田心里,4003,609,3981,609,3927,604,-76,-5
桃園市大溪區仁文里,3415,607,3423,627,3361,603,-54,-4
桃園市大溪區仁和里,4328,1102,4363,1112,4314,1053,-14,-49
桃園市大溪區仁美里,2959,555,2942,520,2892,520,-67,-35
桃園市楊梅區楊梅里,3145,673,3165,659,3211,665,66,-8
桃園市楊梅區楊江里,826,168,813,158,809,139,-17,-29
桃園市楊梅區紅梅里,2131,370,2093,376,2063,359,-68,-11
桃園市楊梅區永寧里,6598,1296,6563,1308,6696,1352,98,56
桃園市楊梅區大平里,2763,415,2658,390,2609,398,-154,-17
桃園市楊梅區東流里,2533,338,2590,345,2557,359,24,21
桃園市楊梅區水美里,3582,537,3513,508,3499,482,-83,-55
桃園市楊梅區上田里,2308,276,2314,255,2273,231,-35,-45
桃園市楊梅區梅新里,1725,302,1700,281,1653,267,-72,-35
桃園市楊梅區大同里,2810,527,2755,525,2861,556,51,29
桃園市楊梅區埔心里,1129,165,1085,155,1029,150,-100,-15
桃園市楊梅區金龍里,1000,179,1004,194,1230,234,230,55
桃園市楊梅區瑞塘里,4931,1178,5004,1190,5115,1262,184,84
桃園市楊梅區四維里,4117,729,4138,708,4304,724,187,-5
桃園市楊梅區梅溪里,3593,637,3889,725,3917,731,324,94
桃園市楊梅區高山里,3428,632,3419,614,3424,564,-4,-68
桃園市楊梅區高榮里,3116,502,3139,512,3137,510,21,8
桃園市楊梅區仁美里,3256,441,3226,416,3119,394,-137,-47
桃園市楊梅區光華里,2663,389,2657,408,2601,391,-62,2
桃園市楊梅區富岡里,1483,217,1463,223,1431,201,-52,-16
桃園市楊梅區豐野里,3357,515,3343,529,3304,501,-53,-14
桃園市楊梅區員本里,2405,361,2477,377,2482,355,77,-6
桃園市楊梅區瑞原里,3306,453,3319,444,3272,411,-34,-42
桃園市楊梅區三湖里,2399,361,2402,362,2443,379,44,18
桃園市楊梅區上湖里,5036,684,5152,705,5204,698,168,14
桃園市楊梅區中山里,2807,536,2761,543,2704,533,-103,-3
桃園市楊梅區楊明里,6340,1433,6844,1607,7217,1764,877,331
桃園市楊梅區金溪里,3561,780,3763,824,3818,786,257,6
桃園市楊梅區裕成里,3034,463,2983,468,2963,453,-71,-10
桃園市楊梅區秀才里,2913,471,2897,442,2844,441,-69,-30
桃園市楊梅區青山里,3649,472,3903,532,4036,554,387,82
桃園市楊梅區新榮里,3265,667,3216,624,3116,577,-149,-90
桃園市楊梅區雙榮里,2980,642,2955,640,2937,608,-43,-34
桃園市楊梅區瑞坪里,5365,1150,5494,1143,5584,1170,219,20
桃園市楊梅區永平里,1744,264,1754,261,1720,258,-24,-6
桃園市楊梅區瑞溪里,3384,763,3421,750,3427,705,43,-58
桃園市楊梅區高上里,2473,365,2467,362,2454,348,-19,-17
桃園市楊梅區富豐里,2566,328,2570,326,2585,326,19,-2
桃園市楊梅區裕新里,2250,417,2262,422,2313,424,63,7
桃園市楊梅區三民里,3259,849,3261,855,3287,838,28,-11
桃園市楊梅區頭湖里,2754,473,2750,446,2730,447,-24,-26
桃園市蘆竹區新興里,2476,320,2482,331,2494,359,18,39
桃園市蘆竹區中福里,3449,628,3573,639,3606,637,157,9
桃園市蘆竹區新莊里,4431,749,4500,763,4486,765,55,16
桃園市蘆竹區大竹里,4479,953,4552,1031,4574,1033,95,80
桃園市蘆竹區蘆竹里,3577,500,3529,491,3473,441,-104,-59
桃園市蘆竹區南崁里,3122,509,3158,511,3106,490,-16,-19
桃園市蘆竹區錦興里,3612,678,3658,693,3588,673,-24,-5
桃園市蘆竹區五福里,2248,440,2272,436,2232,407,-16,-33
桃園市蘆竹區內厝里,2227,311,2185,298,2207,285,-20,-26
桃園市蘆竹區山鼻里,1537,194,1503,190,1504,186,-33,-8
桃園市蘆竹區山腳里,3105,482,3082,469,3016,470,-89,-12
桃園市蘆竹區外社里,1270,203,1264,195,1243,196,-27,-7
桃園市蘆竹區坑子里,1408,175,1376,158,1362,151,-46,-24
桃園市蘆竹區坑口里,2158,346,2152,344,2116,324,-42,-22
桃園市蘆竹區海湖里,2764,443,2759,449,2728,452,-36,9
桃園市蘆竹區南榮里,2861,549,2974,591,3078,606,217,57
桃園市蘆竹區南興里,4736,1181,4777,1109,4761,1052,25,-129
桃園市蘆竹區長興里,2404,406,2360,400,2291,374,-113,-32
桃園市蘆竹區錦中里,2825,572,2762,568,2731,569,-94,-3
桃園市蘆竹區富竹里,1173,151,1162,156,1163,157,-10,6
桃園市蘆竹區上竹里,3238,682,3209,653,3157,613,-81,-69
桃園市蘆竹區宏竹里,2676,406,2656,396,2579,363,-97,-43
桃園市蘆竹區瓦窯里,2982,524,3099,539,3101,485,119,-39
桃園市蘆竹區營盤里,4496,927,4598,899,4621,873,125,-54
桃園市蘆竹區羊稠里,3952,1109,4069,1122,4149,1093,197,-16
桃園市蘆竹區順興里,3522,866,3657,902,3761,884,239,18
桃園市蘆竹區福昌里,4821,1119,4791,1037,4775,962,-46,-157
桃園市蘆竹區福興里,3173,916,3235,893,3212,805,39,-111
桃園市蘆竹區蘆興里,1490,259,1501,252,1475,247,-15,-12
桃園市蘆竹區長壽里,5259,1117,5303,1070,5323,1008,64,-109
桃園市蘆竹區吉祥里,3319,772,3346,752,3345,690,26,-82
桃園市蘆竹區中山里,3131,680,3208,688,3150,624,19,-56
桃園市蘆竹區福祿里,3106,696,3100,663,3108,618,2,-78
桃園市蘆竹區興榮里,2545,583,2553,573,2525,538,-20,-45
桃園市蘆竹區中興里,4563,1299,4718,1326,4826,1282,263,-17
桃園市蘆竹區上興里,3082,702,3048,675,3099,650,17,-52
桃園市蘆竹區營福里,3080,670,3118,684,3104,636,24,-34
桃園市蘆竹區正興里,4220,814,4249,785,4284,733,64,-81
桃園市蘆竹區濱海里,2299,323,2284,309,2246,289,-53,-34
桃園市大園區大園里,5363,997,5286,1000,5238,925,-125,-72
桃園市大園區田心里,6027,1180,6176,1215,6217,1223,190,43
桃園市大園區溪海里,4286,646,4258,611,4219,587,-67,-59
桃園市大園區和平里,1350,178,1331,166,1303,160,-47,-18
桃園市大園區橫峰里,9450,1994,10102,2225,10442,2336,992,342
桃園市大園區五權里,4296,701,4405,720,4487,735,191,34
桃園市大園區埔心里,5347,847,5339,758,5273,760,-74,-87
桃園市大園區大海里,1430,209,1420,211,1416,195,-14,-14
桃園市大園區三石里,2480,469,2469,439,2404,392,-76,-77
桃園市大園區菓林里,6404,1057,6444,1038,6445,999,41,-58
桃園市大園區竹圍里,2920,453,2938,440,2904,411,-16,-42
桃園市大園區海口里,1693,248,1678,236,1677,221,-16,-27
桃園市大園區沙崙里,2376,312,2310,293,2216,272,-160,-40
桃園市大園區後厝里,2301,365,2360,365,2333,352,32,-13
桃園市大園區圳頭里,2261,332,2273,314,2252,324,-9,-8
桃園市大園區內海里,1961,292,1926,278,1877,251,-84,-41
桃園市大園區北港里,2580,313,2641,318,2633,329,53,16
桃園市大園區南港里,5061,889,5202,895,5329,935,268,46
桃園市龜山區楓樹里,3383,546,3433,567,3498,567,115,21
桃園市龜山區龜山里,5931,1120,5846,1084,5726,983,-205,-137
桃園市龜山區兔坑里,4035,588,4042,578,4025,531,-10,-57
桃園市龜山區大同里,5243,999,5257,975,5154,901,-89,-98
桃園市龜山區山福里,2809,444,2792,464,2687,439,-122,-5
桃園市龜山區山頂里,4893,769,4830,750,4817,729,-76,-40
桃園市龜山區陸光里,2741,349,2737,338,2740,351,-1,2
桃園市龜山區精忠里,4512,1067,4554,1068,4544,1032,32,-35
桃園市龜山區公西里,921,139,952,128,1022,136,101,-3
桃園市龜山區樂善里,3429,471,3476,511,4201,691,772,220
桃園市龜山區南上里,1651,286,1618,278,1606,278,-45,-8
桃園市龜山區大坑里,1723,243,1729,232,1717,243,-6,0
桃園市龜山區中興里,4013,625,3952,639,3908,577,-105,-48
桃園市龜山區山德里,4040,536,4011,538,3868,501,-172,-35
桃園市龜山區新路里,4645,804,4506,733,4397,720,-248,-84
桃園市龜山區嶺頂里,3525,496,3546,469,3480,466,-45,-30
桃園市龜山區龍壽里,1520,189,1520,191,1496,182,-24,-7
桃園市龜山區舊路里,1883,260,1864,254,1860,241,-23,-19
桃園市龜山區大崗里,3677,507,3645,502,3601,498,-76,-9
桃園市龜山區文化里,5833,1073,6179,1122,6301,1109,468,36
桃園市龜山區南美里,2169,506,2167,494,2130,457,-39,-49
桃園市龜山區幸福里,4790,678,4774,715,4704,738,-86,60
桃園市龜山區福源里,1771,271,1735,256,1666,245,-105,-26
桃園市龜山區龍華里,2987,340,2979,337,2951,310,-36,-30
桃園市龜山區迴龍里,5303,632,5311,579,5303,561,0,-71
桃園市龜山區新嶺里,3560,475,3499,449,3440,434,-120,-41
桃園市龜山區大湖里,4894,852,4939,821,4922,772,28,-80
桃園市龜山區大華里,8297,1994,8381,1973,8360,1882,63,-112
桃園市龜山區長庚里,3534,1192,3776,1199,4065,1197,531,5
桃園市龜山區新興里,2487,302,2451,285,2472,274,-15,-28
桃園市龜山區文青里,6134,1054,6450,1158,6706,1239,572,185
桃園市龜山區楓福里,2851,650,2887,629,2905,621,54,-29
桃園市八德區興仁里,7017,1284,7449,1428,8387,1669,1370,385
桃園市八德區福興里,8108,1699,8951,1925,9171,2006,1063,307
桃園市八德區瑞豐里,3497,785,3949,924,4368,1016,871,231
桃園市八德區瑞發里,2710,468,2616,456,2564,444,-146,-24
桃園市八德區瑞德里,3137,479,3128,460,3030,422,-107,-57
桃園市八德區瑞祥里,2824,486,2791,439,2734,431,-90,-55
桃園市八德區廣興里,2875,412,2835,397,2730,351,-145,-61
桃園市八德區廣隆里,3974,700,3948,713,3936,692,-38,-8
桃園市八德區竹園里,3086,405,3059,415,3121,404,35,-1
桃園市八德區霄裡里,1902,268,1941,271,1926,278,24,10
桃園市八德區茄苳里,2384,371,2388,366,2343,354,-41,-17
桃園市八德區高明里,3448,522,3405,535,3316,489,-132,-33
桃園市八德區白鷺里,2837,412,2827,382,2713,359,-124,-53
桃園市八德區大湳里,3533,510,3480,518,3457,520,-76,10
桃園市八德區大安里,3164,478,3147,470,3140,474,-24,-4
桃園市八德區大興里,3314,696,3341,684,3400,709,86,13
桃園市八德區大和里,6541,1299,6705,1355,6709,1316,168,17
桃園市八德區大同里,1298,213,1256,198,1246,189,-52,-24
桃園市八德區大成里,2776,454,2735,444,2689,454,-87,0
桃園市八德區大義里,3318,548,3292,537,3239,507,-79,-41
桃園市八德區大忠里,1576,441,1549,451,1538,435,-38,-6
桃園市八德區大福里,4670,904,4635,897,4600,884,-70,-20
桃園市八德區大勇里,3605,678,3665,706,3731,743,126,65
桃園市八德區大信里,2737,414,2731,424,2655,423,-82,9
桃園市八德區大華里,2235,458,2227,461,2214,461,-21,3
桃園市八德區大仁里,3751,689,3681,677,3608,657,-143,-32
桃園市八德區大智里,3653,574,3664,596,3699,588,46,14
桃園市八德區瑞泰里,3828,663,3748,649,3695,634,-133,-29
桃園市八德區大昌里,2479,408,2464,401,2412,381,-67,-27
桃園市八德區大正里,3583,807,3846,854,3876,896,293,89
桃園市八德區大強里,2750,427,2705,420,2656,411,-94,-16
桃園市八德區大發里,1783,247,1757,258,1753,262,-30,15
桃園市八德區大明里,3311,531,3282,538,3242,492,-69,-39
桃園市八德區大竹里,1341,211,1312,214,1267,214,-74,3
桃園市八德區大慶里,1238,174,1232,180,1181,175,-57,1
桃園市八德區大千里,2057,391,2031,400,2015,380,-42,-11
桃園市八德區大榮里,1748,300,1703,280,1660,284,-88,-16
桃園市八德區茄明里,4181,682,4256,704,4264,695,83,13
桃園市八德區高城里,2705,492,2688,456,2671,454,-34,-38
桃園市八德區瑞興里,2456,354,2421,335,2492,347,36,-7
桃園市八德區大愛里,2265,490,2234,534,2184,543,-81,53
桃園市八德區大宏里,3674,764,3772,825,3789,812,115,48
桃園市八德區大漢里,3810,578,3819,577,3769,575,-41,-3
桃園市八德區廣德里,2476,291,2413,281,2369,251,-107,-40
桃園市八德區龍友里,1846,289,1866,290,1827,264,-19,-25
桃園市八德區陸光里,3627,648,3637,608,3636,580,9,-68
桃園市八德區永豐里,2563,382,2497,397,2417,367,-146,-15
桃園市八德區大順里,2322,388,2245,426,2179,397,-143,9
桃園市龍潭區黃唐里,4110,752,4093,742,4035,727,-75,-25
桃園市龍潭區中山里,4984,936,4951,955,4987,1019,3,83
桃園市龍潭區烏林里,3561,577,3580,589,3797,643,236,66
桃園市龍潭區高平里,2840,350,2812,331,2725,329,-115,-21
桃園市龍潭區凌雲里,3243,468,3233,472,3243,462,0,-6
桃園市龍潭區八德里,3690,463,3663,473,3670,456,-20,-7
桃園市龍潭區三水里,516,64,514,62,499,56,-17,-8
桃園市龍潭區上林里,3929,658,3873,636,3836,649,-93,-9
桃園市龍潭區中正里,5016,1309,5000,1276,4996,1247,-20,-62
桃園市龍潭區龍潭里,1582,222,1566,226,1506,229,-76,7
桃園市龍潭區高原里,3980,585,3969,558,3968,537,-12,-48
桃園市龍潭區九龍里,3263,487,3291,480,3274,463,11,-24
桃園市龍潭區中興里,3850,601,3788,580,3723,528,-127,-73
桃園市龍潭區佳安里,2975,500,2927,487,2835,497,-140,-3
桃園市龍潭區三和里,2115,252,2171,252,2217,289,102,37
桃園市龍潭區三坑里,1246,156,1223,162,1188,149,-58,-7
桃園市龍潭區大平里,1862,197,1852,188,1848,170,-14,-27
桃園市龍潭區三林里,2633,372,2637,390,2553,404,-80,32
桃園市龍潭區永興里,2460,355,2465,363,2416,348,-44,-7
桃園市龍潭區烏樹林里,2153,314,2275,341,2303,348,150,34
桃園市龍潭區百年里,3754,599,3773,578,3766,559,12,-40
桃園市龍潭區龍祥里,3159,520,3107,511,3039,504,-120,-16
桃園市龍潭區聖德里,2767,408,2726,415,2629,406,-138,-2
桃園市龍潭區龍星里,3585,839,3580,839,3567,823,-18,-16
桃園市龍潭區上華里,2981,593,2945,596,2880,555,-101,-38
桃園市龍潭區武漢里,1334,214,1316,204,1290,191,-44,-23
桃園市龍潭區東興里,3470,576,3449,581,3431,575,-39,-1
桃園市龍潭區北興里,2109,313,2067,293,2025,305,-84,-8
桃園市龍潭區建林里,3175,512,3048,502,3020,489,-155,-23
桃園市龍潭區富林里,2927,490,2899,495,2842,478,-85,-12
桃園市龍潭區祥和里,1316,226,1401,250,1430,271,114,45
桃園市平鎮區雙連里,4275,660,4235,656,4137,644,-138,-16
桃園市平鎮區高雙里,3808,696,3816,659,3827,635,19,-61
桃園市平鎮區復旦里,5164,1145,5179,1142,5159,1106,-5,-39
桃園市平鎮區廣興里,4846,840,4831,842,4763,747,-83,-93
桃園市平鎮區義民里,4721,859,4712,842,4693,851,-28,-8
桃園市平鎮區宋屋里,3687,566,3898,642,3943,679,256,113
桃園市平鎮區新勢里,3063,544,3096,576,3068,600,5,56
桃園市平鎮區新富里,6017,844,5973,856,5895,835,-122,-9
桃園市平鎮區北勢里,1982,323,1959,332,1908,328,-74,5
桃園市平鎮區北興里,3517,615,3430,603,3332,578,-185,-37
桃園市平鎮區北貴里,3650,627,3578,629,3468,595,-182,-32
桃園市平鎮區平鎮里,3891,616,3853,576,3808,556,-83,-60
桃園市平鎮區南勢里,5253,966,5182,923,5138,909,-115,-57
桃園市平鎮區莊敬里,3899,629,3867,586,3899,588,0,-41
桃園市平鎮區山峰里,1976,317,1960,301,1942,305,-34,-12
桃園市平鎮區湧光里,4704,802,4594,767,4480,729,-224,-73
桃園市平鎮區龍恩里,2450,350,2391,338,2362,317,-88,-33
桃園市平鎮區東社里,2929,412,2895,384,2847,381,-82,-31
桃園市平鎮區龍興里,2243,415,2223,409,2173,364,-70,-51
桃園市平鎮區貿易里,1812,441,1812,414,1799,385,-13,-56
桃園市平鎮區忠貞里,1035,234,1112,246,1159,242,124,8
桃園市平鎮區中正里,1538,326,1545,306,1523,281,-15,-45
桃園市平鎮區建安里,3768,560,3735,529,3687,500,-81,-60
桃園市平鎮區東勢里,4854,712,4800,646,4742,619,-112,-93
桃園市平鎮區東安里,2579,377,2538,355,2481,347,-98,-30
桃園市平鎮區新安里,4008,670,3965,678,3942,665,-66,-5
桃園市平鎮區鎮興里,2629,373,2617,383,2628,376,-1,3
桃園市平鎮區義興里,5880,1099,6032,1333,6046,1423,166,324
桃園市平鎮區湧豐里,1591,266,1557,258,1497,263,-94,-3
桃園市平鎮區湧安里,4084,853,4070,864,4056,825,-28,-28
桃園市平鎮區廣達里,3388,568,3299,571,3252,567,-136,-1
桃園市平鎮區福林里,2918,481,2967,482,3001,467,83,-14
桃園市平鎮區金星里,5879,1414,6102,1488,6208,1518,329,104
桃園市平鎮區廣仁里,3867,565,3790,566,3664,500,-203,-65
桃園市平鎮區新貴里,2664,425,2624,399,2568,401,-96,-24
桃園市平鎮區北富里,3462,512,3393,505,3370,517,-92,5
桃園市平鎮區新榮里,4525,691,4513,714,4396,723,-129,32
桃園市平鎮區華安里,3894,676,3896,656,3865,624,-29,-52
桃園市平鎮區金陵里,2525,563,2487,560,2461,565,-64,2
桃園市平鎮區北安里,1282,237,1258,250,1219,239,-63,2
桃園市平鎮區北華里,3365,654,3362,654,3306,640,-59,-14
桃園市平鎮區復興里,4645,1134,4582,1091,4495,1056,-150,-78
桃園市平鎮區平興里,5295,1092,5302,1052,5280,1012,-15,-80
桃園市平鎮區新英里,3525,583,3539,557,3588,589,63,6
桃園市平鎮區平安里,4382,880,4545,944,4502,931,120,51
桃園市平鎮區平南里,6100,1286,6064,1293,6125,1232,25,-54
桃園市新屋區新屋里,2402,447,2406,443,2388,410,-14,-37
桃園市新屋區新生里,3570,681,3529,672,3487,660,-83,-21
桃園市新屋區後湖里,1295,216,1318,228,1287,233,-8,17
桃園市新屋區清華里,3517,553,3513,532,3511,523,-6,-30
桃園市新屋區頭洲里,3668,653,3747,663,3897,682,229,29
桃園市新屋區埔頂里,2216,326,2156,310,2147,318,-69,-8
桃園市新屋區九斗里,1997,240,1958,241,1932,245,-65,5
桃園市新屋區社子里,1086,139,1053,136,1021,116,-65,-23
桃園市新屋區東明里,1219,160,1226,170,1212,185,-7,25
桃園市新屋區石磊里,1681,284,1744,299,1734,289,53,5
桃園市新屋區下埔里,586,48,576,46,577,40,-9,-8
桃園市新屋區下田里,1421,161,1392,146,1398,143,-23,-18
桃園市新屋區石牌里,747,74,716,64,706,58,-41,-16
桃園市新屋區赤欄里,1105,140,1103,119,1065,113,-40,-27
桃園市新屋區永興里,799,81,813,82,817,75,18,-6
桃園市新屋區永安里,1845,165,1814,159,1788,154,-57,-11
桃園市新屋區笨港里,808,84,792,80,762,75,-46,-9
桃園市新屋區深圳里,489,55,457,52,474,53,-15,-2
桃園市新屋區蚵間里,781,100,775,93,755,90,-26,-10
桃園市新屋區槺榔里,891,93,872,85,872,89,-19,-4
桃園市新屋區後庄里,879,94,865,94,848,93,-31,-1
桃園市新屋區大坡里,1032,117,1027,121,1002,109,-30,-8
桃園市新屋區望間里,1074,121,1038,119,1014,113,-60,-8
桃園市觀音區觀音里,2348,373,2323,352,2341,335,-7,-38
桃園市觀音區白玉里,796,100,740,90,693,84,-103,-16
桃園市觀音區廣興里,1152,154,1115,141,1096,127,-56,-27
桃園市觀音區大潭里,1566,176,1620,181,1643,194,77,18
桃園市觀音區武威里,738,110,739,113,738,115,0,5
桃園市觀音區保生里,1820,268,1843,262,1832,267,12,-1
桃園市觀音區三和里,695,69,673,70,676,70,-19,1
桃園市觀音區新興里,596,68,584,55,584,50,-12,-18
桃園市觀音區坑尾里,1429,162,1467,186,1562,212,133,50
桃園市觀音區金湖里,2371,336,2315,326,2278,314,-93,-22
桃園市觀音區藍埔里,2223,292,2233,302,2285,310,62,18
桃園市觀音區大同里,2857,510,2829,481,2812,476,-45,-34
桃園市觀音區大堀里,1312,192,1300,185,1277,183,-35,-9
桃園市觀音區崙坪里,4234,634,4214,614,4143,562,-91,-72
桃園市觀音區富源里,3483,555,3457,532,3523,556,40,1
桃園市觀音區上大里,2161,245,2177,255,2155,237,-6,-8
桃園市觀音區新坡里,2560,423,2547,419,2529,444,-31,21
桃園市觀音區廣福里,2216,302,2192,310,2176,312,-40,10
桃園市觀音區塔腳里,889,139,889,136,867,130,-22,-9
桃園市觀音區保障里,1756,310,1734,294,1717,291,-39,-19
桃園市觀音區草漯里,1907,390,2171,452,2613,586,706,196
桃園市觀音區樹林里,3609,682,3838,728,4039,701,430,19
桃園市觀音區富林里,1740,334,1723,311,1699,299,-41,-35
桃園市觀音區草新里,5430,1161,5508,1131,5574,1069,144,-92
桃園市復興區三民里,1701,274,1707,291,1698,280,-3,6
桃園市復興區澤仁里,1220,207,1224,214,1200,214,-20,7
桃園市復興區義盛里,681,139,692,131,702,142,21,3
桃園市復興區霞雲里,541,87,558,86,576,91,35,4
桃園市復興區長興里,603,112,601,113,584,107,-19,-5
桃園市復興區三光里,639,124,670,140,649,119,10,-5
桃園市復興區奎輝里,708,169,685,178,684,178,-24,9
桃園市復興區華陵里,1081,206,1084,196,1085,199,4,-7
桃園市復興區羅浮里,899,175,900,169,930,172,31,-3
桃園市復興區高義里,725,151,716,147,717,167,-8,16
