cunli,adult2019,chilren2019,adult2020,chilren2020,adult2021,chilren2021,adult_diff,children_diff
臺北市松山區莊敬里,3400,571,3371,588,3228,543,-172,-28
臺北市松山區東榮里,4819,1153,4628,1148,4500,1158,-319,5
臺北市松山區三民里,4213,796,4110,785,3993,725,-220,-71
臺北市松山區新益里,2884,459,2868,455,2772,460,-112,1
臺北市松山區富錦里,3216,671,3138,661,3020,660,-196,-11
臺北市松山區新東里,3064,646,3012,640,2940,621,-124,-25
臺北市松山區富泰里,2959,563,2879,535,2782,518,-177,-45
臺北市松山區介壽里,2712,781,2645,777,2569,754,-143,-27
臺北市松山區精忠里,2658,713,2625,730,2578,717,-80,4
臺北市松山區東光里,4397,653,4224,613,4058,534,-339,-119
臺北市松山區龍田里,6654,1986,6612,1981,6510,1885,-144,-101
臺北市松山區東昌里,1660,477,1624,465,1578,443,-82,-34
臺北市松山區東勢里,2586,634,2550,589,2476,571,-110,-63
臺北市松山區中華里,3841,1104,3812,1120,3690,1118,-151,14
臺北市松山區民有里,5266,963,5109,978,4890,913,-376,-50
臺北市松山區民福里,4012,559,3856,539,3648,464,-364,-95
臺北市松山區慈祐里,5344,711,5297,682,5205,636,-139,-75
臺北市松山區安平里,5589,855,5451,788,5246,771,-343,-84
臺北市松山區鵬程里,3623,493,3537,480,3365,444,-258,-49
臺北市松山區自強里,6246,1210,5888,1079,5569,980,-677,-230
臺北市松山區吉祥里,5277,898,5063,812,4829,781,-448,-117
臺北市松山區新聚里,5192,845,5002,800,4793,762,-399,-83
臺北市松山區復盛里,4049,662,3948,605,3765,583,-284,-79
臺北市松山區中正里,6331,2017,6182,2013,6056,1969,-275,-48
臺北市松山區中崙里,2743,805,2697,819,2666,793,-77,-12
臺北市松山區美仁里,2207,619,2179,603,2154,605,-53,-14
臺北市松山區吉仁里,2504,659,2474,673,2391,655,-113,-4
臺北市松山區敦化里,4333,1142,4253,1154,4133,1108,-200,-34
臺北市松山區復源里,2047,541,2041,557,2005,547,-42,6
臺北市松山區復建里,2968,741,2912,759,2889,755,-79,14
臺北市松山區復勢里,4020,894,3962,866,3848,852,-172,-42
臺北市松山區福成里,1620,382,1563,368,1540,366,-80,-16
臺北市松山區松基里,2220,391,2148,393,2065,382,-155,-9
臺北市信義區西村里,3444,526,3382,484,3297,475,-147,-51
臺北市信義區正和里,2806,589,2757,583,2650,573,-156,-16
臺北市信義區興隆里,1679,311,1564,270,1503,254,-176,-57
臺北市信義區中興里,2219,395,2119,375,2035,331,-184,-64
臺北市信義區新仁里,2060,426,1994,407,1914,374,-146,-52
臺北市信義區興雅里,3583,556,3448,530,3311,481,-272,-75
臺北市信義區敦厚里,3442,593,3329,584,3214,541,-228,-52
臺北市信義區廣居里,5002,1235,4851,1187,4653,1118,-349,-117
臺北市信義區安康里,6651,1853,6474,1776,6348,1745,-303,-108
臺北市信義區六藝里,2483,487,2402,482,2335,463,-148,-24
臺北市信義區雅祥里,3325,540,3281,525,3160,492,-165,-48
臺北市信義區五常里,2389,386,2298,369,2207,337,-182,-49
臺北市信義區五全里,3212,471,3049,435,2920,406,-292,-65
臺北市信義區永吉里,2768,415,2671,420,2579,388,-189,-27
臺北市信義區長春里,2930,361,2827,340,2722,303,-208,-58
臺北市信義區四育里,3658,525,3513,481,3390,458,-268,-67
臺北市信義區四維里,3433,425,3323,433,3157,409,-276,-16
臺北市信義區永春里,3192,518,3134,462,3052,441,-140,-77
臺北市信義區富台里,3026,530,2949,504,2889,496,-137,-34
臺北市信義區國業里,4954,1221,4811,1176,4620,1117,-334,-104
臺北市信義區松隆里,1491,206,1420,188,1389,167,-102,-39
臺北市信義區松友里,4355,1010,4277,1016,4129,963,-226,-47
臺北市信義區松光里,3145,397,3025,385,2928,360,-217,-37
臺北市信義區中坡里,2908,420,2819,396,2675,358,-233,-62
臺北市信義區中行里,5336,862,5159,810,4954,736,-382,-126
臺北市信義區大道里,3922,593,3801,567,3635,517,-287,-76
臺北市信義區大仁里,2619,353,2540,340,2456,313,-163,-40
臺北市信義區景新里,3212,631,3144,620,3033,571,-179,-60
臺北市信義區惠安里,4530,607,4330,593,4138,525,-392,-82
臺北市信義區三張里,5671,907,5534,868,5348,812,-323,-95
臺北市信義區三犁里,3301,533,3230,505,3133,477,-168,-56
臺北市信義區六合里,4422,594,4262,572,4132,537,-290,-57
臺北市信義區泰和里,5344,814,5236,769,4953,679,-391,-135
臺北市信義區景聯里,2930,388,2827,393,2729,387,-201,-1
臺北市信義區景勤里,2594,393,2507,366,2381,321,-213,-72
臺北市信義區雙和里,4710,763,4563,671,4435,645,-275,-118
臺北市信義區嘉興里,2024,279,1963,253,1887,216,-137,-63
臺北市信義區黎順里,2652,401,2563,382,2453,347,-199,-54
臺北市信義區黎平里,4645,689,4486,642,4373,613,-272,-76
臺北市信義區黎忠里,3177,449,3086,433,2970,398,-207,-51
臺北市信義區黎安里,1251,149,1212,156,1153,144,-98,-5
臺北市大安區德安里,3370,758,3297,744,3139,691,-231,-67
臺北市大安區仁慈里,3308,1050,3325,1052,3243,1038,-65,-12
臺北市大安區和安里,4452,1159,4328,1152,4226,1123,-226,-36
臺北市大安區民炤里,4780,1138,4708,1142,4618,1109,-162,-29
臺北市大安區仁愛里,2947,694,2858,679,2723,617,-224,-77
臺北市大安區義村里,3342,400,3223,361,3082,343,-260,-57
臺北市大安區民輝里,4034,719,3891,668,3765,664,-269,-55
臺北市大安區昌隆里,1777,218,1737,203,1637,193,-140,-25
臺北市大安區誠安里,2508,331,2422,314,2290,301,-218,-30
臺北市大安區光武里,4425,916,4308,889,4151,868,-274,-48
臺北市大安區龍坡里,3484,950,3403,945,3334,923,-150,-27
臺北市大安區龍泉里,3066,844,3101,901,3089,900,23,56
臺北市大安區古風里,2546,523,2495,537,2428,536,-118,13
臺北市大安區古莊里,4566,995,4581,1035,4473,1052,-93,57
臺北市大安區龍安里,4909,1307,4846,1242,4853,1261,-56,-46
臺北市大安區錦安里,3708,1217,3676,1229,3637,1202,-71,-15
臺北市大安區福住里,4008,1340,3958,1350,3887,1313,-121,-27
臺北市大安區永康里,2353,708,2289,677,2248,699,-105,-9
臺北市大安區光明里,2392,777,2399,804,2420,831,28,54
臺北市大安區錦泰里,2261,744,2236,765,2238,785,-23,41
臺北市大安區錦華里,3655,1184,3640,1224,3586,1217,-69,33
臺北市大安區龍圖里,4139,829,4041,817,3902,787,-237,-42
臺北市大安區新龍里,4290,1083,4229,1103,4149,1050,-141,-33
臺北市大安區龍陣里,2109,324,2059,303,2008,310,-101,-14
臺北市大安區龍雲里,2942,515,2860,494,2706,446,-236,-69
臺北市大安區龍生里,4217,1188,4159,1169,4017,1155,-200,-33
臺北市大安區住安里,3255,520,3161,485,2996,439,-259,-81
臺北市大安區義安里,3274,544,3173,532,3063,526,-211,-18
臺北市大安區通化里,4090,637,3980,658,3834,620,-256,-17
臺北市大安區通安里,3482,565,3385,524,3274,511,-208,-54
臺北市大安區臨江里,2748,406,2696,361,2615,344,-133,-62
臺北市大安區法治里,2857,476,2750,465,2647,445,-210,-31
臺北市大安區全安里,2581,452,2530,447,2441,418,-140,-34
臺北市大安區群賢里,3546,605,3453,588,3278,542,-268,-63
臺北市大安區群英里,4326,628,4194,586,4022,579,-304,-49
臺北市大安區虎嘯里,2404,464,2382,443,2249,417,-155,-47
臺北市大安區臥龍里,1321,482,1306,495,1276,491,-45,9
臺北市大安區龍淵里,6047,2066,5942,2006,5784,1928,-263,-138
臺北市大安區龍門里,2567,784,2544,796,2508,800,-59,16
臺北市大安區大學里,5189,1124,5173,1151,4999,1108,-190,-16
臺北市大安區芳和里,3707,555,3620,548,3530,546,-177,-9
臺北市大安區黎元里,3687,602,3607,608,3514,590,-173,-12
臺北市大安區黎孝里,4893,756,4762,779,4595,740,-298,-16
臺北市大安區黎和里,3230,430,3085,402,2904,390,-326,-40
臺北市大安區建安里,3000,643,2882,610,2800,572,-200,-71
臺北市大安區建倫里,3619,868,3555,883,3392,834,-227,-34
臺北市大安區敦安里,3782,996,3729,985,3625,973,-157,-23
臺北市大安區正聲里,2858,650,2791,614,2601,581,-257,-69
臺北市大安區敦煌里,3584,1120,3533,1129,3458,1069,-126,-51
臺北市大安區華聲里,2547,548,2517,543,2422,526,-125,-22
臺北市大安區車層里,3731,768,3658,743,3525,679,-206,-89
臺北市大安區光信里,4688,1084,4574,1084,4360,1027,-328,-57
臺北市大安區學府里,1576,333,1538,359,1500,329,-76,-4
臺北市中山區正守里,2084,324,2023,326,1982,339,-102,15
臺北市中山區正義里,3587,455,3463,436,3355,441,-232,-14
臺北市中山區正得里,2364,332,2277,333,2189,325,-175,-7
臺北市中山區民安里,2744,446,2659,442,2541,419,-203,-27
臺北市中山區康樂里,1685,205,1647,208,1591,193,-94,-12
臺北市中山區中山里,4546,593,4467,601,4356,550,-190,-43
臺北市中山區聚盛里,2787,351,2718,316,2636,297,-151,-54
臺北市中山區集英里,4658,989,4542,963,4398,897,-260,-92
臺北市中山區聚葉里,2619,377,2551,369,2511,342,-108,-35
臺北市中山區恆安里,3238,541,3223,528,3214,518,-24,-23
臺北市中山區晴光里,3569,526,3500,494,3374,483,-195,-43
臺北市中山區圓山里,2808,494,2689,459,2589,420,-219,-74
臺北市中山區劍潭里,2260,514,2206,470,2138,446,-122,-68
臺北市中山區大直里,5784,1377,5591,1333,5345,1248,-439,-129
臺北市中山區成功里,4514,1246,4367,1182,4227,1112,-287,-134
臺北市中山區永安里,6256,1458,6056,1399,5909,1384,-347,-74
臺北市中山區大佳里,696,133,683,134,671,134,-25,1
臺北市中山區新喜里,3577,618,3450,567,3265,502,-312,-116
臺北市中山區新庄里,3329,534,3239,491,3107,420,-222,-114
臺北市中山區新福里,3349,571,3270,526,3201,500,-148,-71
臺北市中山區松江里,4059,787,3901,768,3803,749,-256,-38
臺北市中山區新生里,3182,458,3079,416,2922,369,-260,-89
臺北市中山區中庄里,3334,470,3235,445,3094,405,-240,-65
臺北市中山區行政里,4852,548,4696,503,4528,461,-324,-87
臺北市中山區行仁里,5437,904,5238,854,5053,780,-384,-124
臺北市中山區行孝里,2815,420,2768,408,2754,373,-61,-47
臺北市中山區下埤里,4959,714,4823,712,4632,645,-327,-69
臺北市中山區江寧里,4448,799,4338,753,4128,721,-320,-78
臺北市中山區江山里,4767,762,4648,718,4491,678,-276,-84
臺北市中山區中吉里,3614,749,3576,769,3513,765,-101,16
臺北市中山區中原里,3215,546,3146,512,3031,503,-184,-43
臺北市中山區興亞里,3407,486,3298,531,3245,548,-162,62
臺北市中山區中央里,2363,528,2264,494,2231,449,-132,-79
臺北市中山區朱馥里,3834,707,3742,683,3640,652,-194,-55
臺北市中山區龍洲里,3237,425,3158,408,2999,394,-238,-31
臺北市中山區朱園里,2962,478,2930,479,2826,493,-136,15
臺北市中山區埤頭里,2133,279,2072,275,1983,277,-150,-2
臺北市中山區朱崙里,1801,296,1856,295,1821,292,20,-4
臺北市中山區力行里,3751,624,3677,628,3575,632,-176,8
臺北市中山區復華里,3025,535,2956,546,2875,541,-150,6
臺北市中山區金泰里,5400,1182,5424,1138,5416,1148,16,-34
臺北市中山區北安里,1670,344,1622,343,1562,335,-108,-9
臺北市中正區水源里,1853,342,1844,359,1799,340,-54,-2
臺北市中正區富水里,1733,386,1707,389,1648,368,-85,-18
臺北市中正區文盛里,1521,237,1550,265,1526,281,5,44
臺北市中正區林興里,3014,553,3023,558,2947,526,-67,-27
臺北市中正區河堤里,2832,418,2745,409,2603,394,-229,-24
臺北市中正區頂東里,3741,582,3591,556,3502,523,-239,-59
臺北市中正區網溪里,3662,610,3532,553,3416,528,-246,-82
臺北市中正區板溪里,2051,308,1962,287,1899,302,-152,-6
臺北市中正區螢圃里,3517,499,3508,501,3391,448,-126,-51
臺北市中正區螢雪里,2821,410,2768,397,2629,355,-192,-55
臺北市中正區永功里,4065,846,3932,755,3936,737,-129,-109
臺北市中正區永昌里,3193,414,3109,384,2956,349,-237,-65
臺北市中正區龍興里,2530,999,2417,915,2299,847,-231,-152
臺北市中正區忠勤里,4361,437,4163,389,3986,367,-375,-70
臺北市中正區廈安里,2909,1120,2854,1092,2775,1051,-134,-69
臺北市中正區愛國里,2050,617,2024,654,1950,645,-100,28
臺北市中正區南門里,1669,520,1622,505,1586,507,-83,-13
臺北市中正區龍光里,2115,748,2048,723,1973,680,-142,-68
臺北市中正區南福里,7153,1948,7241,2103,7283,2246,130,298
臺北市中正區龍福里,3664,1197,3526,1165,3271,1081,-393,-116
臺北市中正區新營里,5919,2181,5762,2177,5576,2103,-343,-78
臺北市中正區建國里,1066,428,1033,416,1004,413,-62,-15
臺北市中正區光復里,2440,555,2415,548,2383,543,-57,-12
臺北市中正區黎明里,2137,541,2104,568,2131,577,-6,36
臺北市中正區梅花里,1927,322,1856,324,1788,310,-139,-12
臺北市中正區幸福里,3437,589,3349,575,3307,563,-130,-26
臺北市中正區幸市里,2654,474,2567,470,2421,435,-233,-39
臺北市中正區東門里,2416,630,2340,641,2238,621,-178,-9
臺北市中正區文北里,3326,812,3307,837,3166,777,-160,-35
臺北市中正區文祥里,5029,1582,4979,1558,4860,1595,-169,13
臺北市中正區三愛里,5263,1346,5177,1375,5043,1393,-220,47
臺北市大同區玉泉里,1880,344,1811,297,1775,273,-105,-71
臺北市大同區建明里,2158,375,2005,343,1891,323,-267,-52
臺北市大同區建功里,3045,556,3022,552,2940,547,-105,-9
臺北市大同區建泰里,2404,600,2343,607,2257,592,-147,-8
臺北市大同區永樂里,3446,637,3290,584,3122,541,-324,-96
臺北市大同區朝陽里,2892,408,2903,414,2774,381,-118,-27
臺北市大同區星明里,4001,1018,3906,1015,3803,946,-198,-72
臺北市大同區光能里,3325,757,3268,772,3188,772,-137,15
臺北市大同區大有里,3140,582,3041,570,2885,529,-255,-53
臺北市大同區延平里,2755,464,2680,423,2590,398,-165,-66
臺北市大同區雙連里,6173,1402,6006,1323,5880,1317,-293,-85
臺北市大同區南芳里,2684,586,2593,539,2543,533,-141,-53
臺北市大同區民權里,4347,1062,4166,1030,4018,996,-329,-66
臺北市大同區景星里,1716,260,1700,266,1592,248,-124,-12
臺北市大同區隆和里,2020,445,2002,439,2151,455,131,10
臺北市大同區蓬萊里,3316,577,3226,557,3088,525,-228,-52
臺北市大同區國順里,1775,249,1683,249,1626,260,-149,11
臺北市大同區國慶里,2973,508,2957,551,2893,559,-80,51
臺北市大同區揚雅里,2902,339,2845,295,2834,288,-68,-51
臺北市大同區斯文里,3307,472,3114,416,2962,384,-345,-88
臺北市大同區鄰江里,4265,591,4160,637,4004,641,-261,50
臺北市大同區至聖里,5212,839,5094,767,4871,650,-341,-189
臺北市大同區老師里,3935,651,3840,596,3716,559,-219,-92
臺北市大同區重慶里,4364,796,4267,707,4269,691,-95,-105
臺北市大同區保安里,2664,401,2565,409,2643,382,-21,-19
臺北市萬華區福星里,3493,629,3377,569,3277,527,-216,-102
臺北市萬華區萬壽里,2043,303,2000,269,1898,253,-145,-50
臺北市萬華區西門里,2422,376,2368,381,2277,338,-145,-38
臺北市萬華區新起里,4228,580,4255,595,4109,556,-119,-24
臺北市萬華區菜園里,3987,688,3947,663,3842,600,-145,-88
臺北市萬華區青山里,3739,472,3637,437,3627,385,-112,-87
臺北市萬華區富民里,3024,442,2981,417,2835,372,-189,-70
臺北市萬華區福音里,2556,412,2509,395,2428,361,-128,-51
臺北市萬華區仁德里,3039,382,2970,368,2849,351,-190,-31
臺北市萬華區富福里,3854,393,3728,396,3601,385,-253,-8
臺北市萬華區頂碩里,4727,705,4559,658,4366,619,-361,-86
臺北市萬華區雙園里,3119,604,3039,562,2947,529,-172,-75
臺北市萬華區新忠里,2111,281,2078,265,2029,261,-82,-20
臺北市萬華區新和里,5417,760,5227,741,4982,696,-435,-64
臺北市萬華區糖廍里,3575,516,3480,483,3408,410,-167,-106
臺北市萬華區和平里,4581,642,4429,603,4181,522,-400,-120
臺北市萬華區綠堤里,2883,407,2778,383,2681,341,-202,-66
臺北市萬華區華江里,5865,867,5641,781,5426,741,-439,-126
臺北市萬華區柳鄉里,3439,520,3288,484,3181,442,-258,-78
臺北市萬華區日善里,2473,467,2419,464,2333,447,-140,-20
臺北市萬華區新安里,4074,539,3944,482,3795,450,-279,-89
臺北市萬華區忠德里,2992,535,2928,499,2882,478,-110,-57
臺北市萬華區孝德里,2173,341,2102,304,2036,270,-137,-71
臺北市萬華區和德里,4746,704,4485,613,4248,526,-498,-178
臺北市萬華區錦德里,3680,585,3641,570,3524,493,-156,-92
臺北市萬華區全德里,2873,602,2752,603,2697,544,-176,-58
臺北市萬華區保德里,2215,364,2114,335,2018,332,-197,-32
臺北市萬華區銘德里,3203,512,3068,464,2934,394,-269,-118
臺北市萬華區榮德里,2368,383,2279,344,2227,309,-141,-74
臺北市萬華區壽德里,3434,622,3293,575,3142,525,-292,-97
臺北市萬華區興德里,3170,568,3048,511,2939,457,-231,-111
臺北市萬華區華中里,4111,650,3982,601,3850,542,-261,-108
臺北市萬華區日祥里,3597,526,3908,559,3823,504,226,-22
臺北市萬華區忠貞里,2902,374,2837,363,2726,343,-176,-31
臺北市萬華區凌霄里,2467,338,2387,339,2281,306,-186,-32
臺北市萬華區騰雲里,2021,246,1899,252,1827,244,-194,-2
臺北市文山區景行里,5048,1387,5020,1368,5115,1362,67,-25
臺北市文山區景東里,4976,1130,4858,1059,4741,1009,-235,-121
臺北市文山區景美里,3277,796,3241,788,3125,748,-152,-48
臺北市文山區景慶里,4317,917,4201,887,4072,873,-245,-44
臺北市文山區景仁里,3497,867,3545,874,3571,839,74,-28
臺北市文山區景華里,3806,835,3666,839,3530,780,-276,-55
臺北市文山區萬有里,3754,764,3626,785,3486,754,-268,-10
臺北市文山區萬祥里,2939,559,2899,576,2816,568,-123,9
臺北市文山區萬隆里,4721,978,4660,965,4515,910,-206,-68
臺北市文山區萬年里,3439,528,3334,493,3193,489,-246,-39
臺北市文山區萬和里,2102,384,2092,391,2038,360,-64,-24
臺北市文山區萬盛里,3031,464,2926,439,2830,428,-201,-36
臺北市文山區興豐里,3265,550,3224,534,3169,545,-96,-5
臺北市文山區興光里,2369,371,2307,339,2371,344,2,-27
臺北市文山區興家里,5227,865,5040,813,4869,770,-358,-95
臺北市文山區興得里,4010,632,3913,575,3866,571,-144,-61
臺北市文山區興業里,3494,571,3316,497,3200,478,-294,-93
臺北市文山區興安里,4468,830,4425,808,4316,782,-152,-48
臺北市文山區興福里,3845,875,3739,836,3601,827,-244,-48
臺北市文山區興旺里,5922,1053,5816,961,5648,875,-274,-178
臺北市文山區興泰里,2699,400,2688,362,2686,321,-13,-79
臺北市文山區興昌里,4634,727,4502,693,4365,634,-269,-93
臺北市文山區試院里,4685,817,4567,781,4430,740,-255,-77
臺北市文山區華興里,6212,1172,6086,1134,5901,1095,-311,-77
臺北市文山區明義里,3195,536,3239,520,3126,477,-69,-59
臺北市文山區明興里,4899,668,4763,629,4593,604,-306,-64
臺北市文山區木柵里,5894,984,5859,957,5805,907,-89,-77
臺北市文山區木新里,6923,928,6745,871,6541,773,-382,-155
臺北市文山區順興里,5217,1015,5065,986,4896,899,-321,-116
臺北市文山區樟林里,5643,939,5508,872,5360,815,-283,-124
臺北市文山區樟新里,3898,749,3858,716,3748,679,-150,-70
臺北市文山區樟腳里,3934,779,3837,757,3647,684,-287,-95
臺北市文山區萬芳里,5454,888,5277,856,5111,794,-343,-94
臺北市文山區博嘉里,4024,720,3931,751,3839,678,-185,-42
臺北市文山區萬興里,5812,1198,5695,1149,5553,1102,-259,-96
臺北市文山區指南里,2766,493,2750,478,2712,481,-54,-12
臺北市文山區老泉里,634,110,605,98,584,80,-50,-30
臺北市文山區忠順里,2736,349,2686,328,2707,352,-29,3
臺北市文山區萬美里,4961,733,4828,695,4669,644,-292,-89
臺北市文山區政大里,5440,1397,5413,1351,5378,1310,-62,-87
臺北市文山區樟文里,4178,769,4164,757,4031,747,-147,-22
臺北市文山區興邦里,3474,510,3421,481,3356,471,-118,-39
臺北市文山區樟樹里,3344,658,3237,612,3108,569,-236,-89
臺北市南港區南港里,4469,797,4406,791,4357,785,-112,-12
臺北市南港區中南里,2597,455,2511,418,2401,385,-196,-70
臺北市南港區新富里,2768,521,2658,478,2534,444,-234,-77
臺北市南港區三重里,5212,1224,5255,1254,5200,1246,-12,22
臺北市南港區東新里,5053,907,4935,905,4744,827,-309,-80
臺北市南港區新光里,2481,411,2411,392,2308,371,-173,-40
臺北市南港區東明里,3286,559,3561,619,3754,657,468,98
臺北市南港區西新里,3345,608,3237,568,3123,521,-222,-87
臺北市南港區玉成里,3282,595,3199,558,3109,509,-173,-86
臺北市南港區合成里,4442,694,4331,643,4179,602,-263,-92
臺北市南港區成福里,5197,875,5026,863,4862,809,-335,-66
臺北市南港區萬福里,2785,415,2700,396,2590,366,-195,-49
臺北市南港區鴻福里,3007,464,2931,418,2827,389,-180,-75
臺北市南港區百福里,3688,603,3613,595,3485,554,-203,-49
臺北市南港區聯成里,3382,578,3297,544,3160,505,-222,-73
臺北市南港區舊莊里,6457,1003,6275,927,6052,869,-405,-134
臺北市南港區中研里,6387,1325,6179,1297,5985,1260,-402,-65
臺北市南港區九如里,4337,806,4311,846,4179,793,-158,-13
臺北市南港區仁福里,3954,554,3819,483,3764,452,-190,-102
臺北市南港區重陽里,3946,795,3875,735,3865,699,-81,-96
臺北市內湖區西湖里,4865,694,4678,652,4460,607,-405,-87
臺北市內湖區西康里,6579,1006,6406,951,6195,897,-384,-109
臺北市內湖區西安里,4474,670,4294,635,4129,612,-345,-58
臺北市內湖區港墘里,4201,784,4102,787,3965,741,-236,-43
臺北市內湖區港都里,3801,900,3728,913,3615,919,-186,19
臺北市內湖區港富里,6467,1282,6266,1267,6056,1237,-411,-45
臺北市內湖區港華里,6237,1548,6198,1574,6017,1579,-220,31
臺北市內湖區內湖里,4315,526,4283,476,4239,440,-76,-86
臺北市內湖區湖濱里,5616,996,5468,973,5248,942,-368,-54
臺北市內湖區紫星里,5504,880,5300,854,5107,827,-397,-53
臺北市內湖區大湖里,3932,657,3803,657,3619,602,-313,-55
臺北市內湖區金龍里,3668,574,3590,537,3467,490,-201,-84
臺北市內湖區金瑞里,4578,889,4469,892,4452,892,-126,3
臺北市內湖區碧山里,5014,838,4882,802,4756,758,-258,-80
臺北市內湖區紫雲里,4108,696,3996,669,3860,651,-248,-45
臺北市內湖區清白里,6093,1025,5999,963,5696,860,-397,-165
臺北市內湖區葫洲里,5300,1375,5154,1338,5049,1264,-251,-111
臺北市內湖區紫陽里,5600,846,5430,774,5296,691,-304,-155
臺北市內湖區瑞陽里,5364,725,5202,638,5037,588,-327,-137
臺北市內湖區瑞光里,3197,476,3082,463,2887,441,-310,-35
臺北市內湖區五分里,7758,2187,7660,2202,7487,2103,-271,-84
臺北市內湖區東湖里,5638,969,5440,925,5469,935,-169,-34
臺北市內湖區樂康里,6147,1263,5927,1178,5672,1127,-475,-136
臺北市內湖區內溝里,3417,522,3329,539,3201,497,-216,-25
臺北市內湖區週美里,5772,1178,5827,1265,5882,1309,110,131
臺北市內湖區行善里,4870,812,4942,827,4866,774,-4,-38
臺北市內湖區石潭里,2884,509,2786,501,2710,486,-174,-23
臺北市內湖區湖興里,5938,853,5717,813,5607,798,-331,-55
臺北市內湖區湖元里,3703,658,3538,606,3379,568,-324,-90
臺北市內湖區安湖里,5583,1295,5470,1271,5217,1220,-366,-75
臺北市內湖區秀湖里,4276,614,4113,574,3942,537,-334,-77
臺北市內湖區安泰里,3969,719,3890,676,3741,654,-228,-65
臺北市內湖區金湖里,7028,1755,6927,1665,6786,1607,-242,-148
臺北市內湖區康寧里,6400,1502,6305,1494,6094,1438,-306,-64
臺北市內湖區明湖里,4012,1066,3898,1042,3830,1046,-182,-20
臺北市內湖區蘆洲里,992,196,942,195,907,195,-85,-1
臺北市內湖區麗山里,4156,924,4016,936,3925,979,-231,55
臺北市內湖區寶湖里,6294,1384,6396,1410,6400,1378,106,-6
臺北市內湖區南湖里,4098,1071,4053,1087,3970,1032,-128,-39
臺北市士林區仁勇里,2534,474,2467,447,2400,406,-134,-68
臺北市士林區義信里,2188,396,2127,374,2026,311,-162,-85
臺北市士林區福林里,1887,340,1824,308,1709,276,-178,-64
臺北市士林區福德里,3782,455,3655,425,3499,379,-283,-76
臺北市士林區福志里,4717,816,4634,792,4397,745,-320,-71
臺北市士林區舊佳里,4004,639,3851,607,3705,555,-299,-84
臺北市士林區福佳里,5014,981,4931,955,4809,895,-205,-86
臺北市士林區後港里,5441,1022,5300,989,5057,959,-384,-63
臺北市士林區福中里,4743,986,4604,907,4426,854,-317,-132
臺北市士林區前港里,3131,563,3052,544,2971,506,-160,-57
臺北市士林區百齡里,4719,991,4571,925,4372,846,-347,-145
臺北市士林區承德里,3673,605,3585,566,3496,518,-177,-87
臺北市士林區福華里,4276,703,4097,654,3940,600,-336,-103
臺北市士林區明勝里,3205,519,3122,496,3009,445,-196,-74
臺北市士林區福順里,3652,600,3618,549,3475,517,-177,-83
臺北市士林區富光里,4017,696,3966,647,3875,598,-142,-98
臺北市士林區葫蘆里,5105,1025,4978,985,4830,929,-275,-96
臺北市士林區葫東里,2824,476,2771,471,2705,454,-119,-22
臺北市士林區社子里,4403,810,4287,742,4162,724,-241,-86
臺北市士林區社新里,6253,1097,6055,1022,5877,921,-376,-176
臺北市士林區社園里,4997,971,4861,905,4740,871,-257,-100
臺北市士林區永倫里,4807,769,4680,722,4523,653,-284,-116
臺北市士林區福安里,3497,407,3484,391,3517,397,20,-10
臺北市士林區富洲里,4187,561,4248,547,4235,522,48,-39
臺北市士林區岩山里,2186,364,2118,344,2042,318,-144,-46
臺北市士林區名山里,4613,805,4447,787,4317,772,-296,-33
臺北市士林區德行里,2856,501,2811,480,2719,465,-137,-36
臺北市士林區德華里,3674,654,3596,673,3485,667,-189,13
臺北市士林區聖山里,3303,574,3193,565,3126,523,-177,-51
臺北市士林區忠誠里,3535,599,3440,568,3295,556,-240,-43
臺北市士林區芝山里,4962,920,4851,926,4711,901,-251,-19
臺北市士林區東山里,3438,570,3322,552,3240,523,-198,-47
臺北市士林區三玉里,3713,710,3630,687,3419,637,-294,-73
臺北市士林區蘭雅里,5618,1075,5489,1080,5259,1063,-359,-12
臺北市士林區蘭興里,4209,739,4056,724,3930,724,-279,-15
臺北市士林區天福里,4188,872,4086,878,3875,863,-313,-9
臺北市士林區天祿里,3338,653,3296,640,3167,634,-171,-19
臺北市士林區天壽里,3218,687,3127,686,3017,668,-201,-19
臺北市士林區天和里,4984,965,4790,938,4631,892,-353,-73
臺北市士林區天山里,4386,864,4255,840,4112,819,-274,-45
臺北市士林區天玉里,5577,1299,5443,1249,5265,1203,-312,-96
臺北市士林區天母里,4259,824,4088,849,3947,810,-312,-14
臺北市士林區永福里,788,93,779,97,738,95,-50,2
臺北市士林區公館里,906,114,884,112,859,102,-47,-12
臺北市士林區新安里,1193,133,1145,125,1124,118,-69,-15
臺北市士林區陽明里,1863,220,1842,210,1783,201,-80,-19
臺北市士林區菁山里,1078,120,1051,109,1020,113,-58,-7
臺北市士林區平等里,1027,118,983,114,964,103,-63,-15
臺北市士林區溪山里,996,148,970,149,957,127,-39,-21
臺北市士林區翠山里,1671,198,1640,196,1560,183,-111,-15
臺北市士林區臨溪里,1873,268,1812,246,1711,232,-162,-36
臺北市北投區建民里,2745,435,2697,416,2650,437,-95,2
臺北市北投區文林里,2793,417,2765,416,2693,417,-100,0
臺北市北投區石牌里,3483,568,3353,532,3259,504,-224,-64
臺北市北投區福興里,4771,1107,4673,1108,4607,1156,-164,49
臺北市北投區榮光里,4896,1392,4834,1369,4748,1366,-148,-26
臺北市北投區榮華里,4795,870,4692,872,4495,862,-300,-8
臺北市北投區裕民里,5123,894,4975,872,4856,847,-267,-47
臺北市北投區振華里,4877,965,4737,930,4543,928,-334,-37
臺北市北投區永和里,6048,1174,5917,1155,5792,1147,-256,-27
臺北市北投區永欣里,5217,1188,5163,1224,5080,1221,-137,33
臺北市北投區永明里,3281,888,3212,885,3114,826,-167,-62
臺北市北投區東華里,2927,639,2870,639,2826,676,-101,37
臺北市北投區吉利里,4656,1341,4569,1320,4419,1271,-237,-70
臺北市北投區吉慶里,3408,919,3287,886,3247,895,-161,-24
臺北市北投區尊賢里,3092,799,2995,793,2944,789,-148,-10
臺北市北投區立賢里,3661,939,3657,953,3579,914,-82,-25
臺北市北投區立農里,6185,1455,6048,1450,5896,1440,-289,-15
臺北市北投區八仙里,3830,582,3731,568,3569,513,-261,-69
臺北市北投區洲美里,1327,299,1543,374,1561,371,234,72
臺北市北投區奇岩里,6938,1002,7000,1044,6943,1070,5,68
臺北市北投區清江里,6430,789,6337,760,6313,716,-117,-73
臺北市北投區中央里,5802,975,5641,904,5403,826,-399,-149
臺北市北投區長安里,4337,691,4262,630,4115,567,-222,-124
臺北市北投區大同里,4004,617,3823,605,3545,523,-459,-94
臺北市北投區溫泉里,4417,647,4276,603,4098,557,-319,-90
臺北市北投區林泉里,2024,303,1980,267,1923,244,-101,-59
臺北市北投區中心里,4373,582,4259,548,4118,487,-255,-95
臺北市北投區中庸里,2888,448,2796,416,2678,382,-210,-66
臺北市北投區開明里,4501,586,4402,583,4276,555,-225,-31
臺北市北投區中和里,3246,535,3204,520,3098,460,-148,-75
臺北市北投區智仁里,4147,766,4057,734,3971,703,-176,-63
臺北市北投區秀山里,2146,322,2068,301,2019,283,-127,-39
臺北市北投區文化里,2839,661,2741,580,2623,547,-216,-114
臺北市北投區豐年里,3100,681,3015,633,2962,617,-138,-64
臺北市北投區稻香里,3772,518,3685,457,3573,406,-199,-112
臺北市北投區桃源里,4301,590,4182,537,4045,477,-256,-113
臺北市北投區一德里,5206,1007,5118,928,4913,852,-293,-155
臺北市北投區關渡里,7580,1340,7367,1312,7080,1238,-500,-102
臺北市北投區泉源里,1621,176,1591,164,1540,148,-81,-28
臺北市北投區湖山里,1014,109,989,107,959,104,-55,-5
臺北市北投區大屯里,809,125,807,122,800,136,-9,11
臺北市北投區湖田里,646,67,603,62,565,61,-81,-6
