cunli,adult2019,chilren2019,adult2020,chilren2020,adult2021,chilren2021,adult_diff,children_diff
臺南市新營區忠政里,3401,508,3263,492,3183,474,-218,-34
臺南市新營區民權里,1596,435,1550,427,1519,408,-77,-27
臺南市新營區三仙里,2079,290,2037,299,1975,279,-104,-11
臺南市新營區大宏里,2080,607,1974,583,1917,570,-163,-37
臺南市新營區王公里,3280,729,3173,709,3083,653,-197,-76
臺南市新營區中營里,918,139,899,136,845,123,-73,-16
臺南市新營區土庫里,1065,104,1044,101,1028,108,-37,4
臺南市新營區南興里,1765,200,1699,175,1648,156,-117,-44
臺南市新營區興業里,1244,178,1202,167,1204,162,-40,-16
臺南市新營區民生里,2480,356,2388,352,2344,342,-136,-14
臺南市新營區民榮里,3523,493,3516,487,3465,457,-58,-36
臺南市新營區埤寮里,1246,198,1209,184,1187,172,-59,-26
臺南市新營區護鎮里,1044,141,1014,136,990,134,-54,-7
臺南市新營區太南里,1257,118,1219,111,1192,115,-65,-3
臺南市新營區太北里,1407,152,1364,138,1322,132,-85,-20
臺南市新營區南紙里,3088,386,3021,368,2946,344,-142,-42
臺南市新營區嘉芳里,1517,239,1491,229,1493,229,-24,-10
臺南市新營區五興里,1160,110,1109,103,1081,93,-79,-17
臺南市新營區姑爺里,673,71,650,73,625,67,-48,-4
臺南市新營區新北里,3904,619,3921,646,3900,648,-4,29
臺南市新營區新南里,4288,777,4272,715,4290,693,2,-84
臺南市新營區新東里,5709,1400,5728,1333,5731,1302,22,-98
臺南市新營區永平里,1800,231,1749,231,1664,222,-136,-9
臺南市鹽水區水秀里,1142,180,1124,176,1099,161,-43,-19
臺南市鹽水區橋南里,3018,389,2971,393,2915,399,-103,10
臺南市鹽水區汫水里,604,63,580,59,563,56,-41,-7
臺南市鹽水區岸內里,2950,463,2961,457,3014,460,64,-3
臺南市鹽水區歡雅里,1201,159,1155,149,1139,150,-62,-9
臺南市鹽水區津城里,1041,142,1005,139,958,142,-83,0
臺南市鹽水區月港里,1098,113,1094,121,1077,111,-21,-2
臺南市鹽水區三明里,1128,126,1090,110,1067,105,-61,-21
臺南市鹽水區義中里,1185,146,1155,140,1108,128,-77,-18
臺南市鹽水區文昌里,668,91,647,88,639,83,-29,-8
臺南市鹽水區竹林里,735,54,707,59,694,56,-41,2
臺南市鹽水區三和里,614,55,590,59,566,57,-48,2
臺南市鹽水區坔頭港里,983,81,957,81,908,80,-75,-1
臺南市白河區白河里,1164,113,1152,115,1134,116,-30,3
臺南市白河區永安里,2188,362,2180,374,2133,377,-55,15
臺南市白河區外角里,991,123,983,121,972,118,-19,-5
臺南市白河區庄內里,1201,156,1179,170,1147,170,-54,14
臺南市白河區秀祐里,682,85,658,87,642,90,-40,5
臺南市白河區河東里,928,73,910,71,886,65,-42,-8
臺南市白河區虎山里,304,19,288,23,279,28,-25,9
臺南市白河區大林里,389,34,367,34,355,26,-34,-8
臺南市白河區崁頭里,257,20,251,21,246,15,-11,-5
臺南市白河區六溪里,327,31,323,31,316,33,-11,2
臺南市白河區仙草里,690,57,658,59,629,48,-61,-9
臺南市白河區關嶺里,582,65,564,60,524,51,-58,-14
臺南市白河區大竹里,1024,135,974,123,937,107,-87,-28
臺南市白河區竹門里,575,58,561,61,534,50,-41,-8
臺南市白河區崎內里,453,51,432,49,422,41,-31,-10
臺南市白河區昇安里,981,114,958,102,949,95,-32,-19
臺南市白河區汴頭里,494,53,484,44,474,41,-20,-12
臺南市白河區內角里,422,44,414,41,396,34,-26,-10
臺南市白河區詔豐里,1412,164,1350,150,1327,142,-85,-22
臺南市白河區廣蓮里,998,104,960,104,932,99,-66,-5
臺南市白河區馬稠後里,929,87,888,85,860,73,-69,-14
臺南市柳營區士林里,1386,161,1403,178,1371,182,-15,21
臺南市柳營區光福里,1114,106,1105,104,1116,109,2,3
臺南市柳營區中埕里,814,116,798,120,776,113,-38,-3
臺南市柳營區東昇里,2012,222,2014,236,1977,243,-35,21
臺南市柳營區八翁里,1037,128,1039,136,994,124,-43,-4
臺南市柳營區人和里,511,53,498,47,477,40,-34,-13
臺南市柳營區太康里,1060,102,1037,102,1008,102,-52,0
臺南市柳營區重溪里,1319,140,1274,130,1254,114,-65,-26
臺南市柳營區篤農里,953,65,936,70,893,79,-60,14
臺南市柳營區大農里,495,42,484,40,460,38,-35,-4
臺南市柳營區神農里,966,108,923,111,889,108,-77,0
臺南市柳營區果毅里,886,83,862,82,840,78,-46,-5
臺南市柳營區旭山里,1151,140,1110,124,1088,105,-63,-35
臺南市後壁區後壁里,1198,133,1166,132,1127,129,-71,-4
臺南市後壁區侯伯里,930,135,921,124,893,115,-37,-20
臺南市後壁區嘉苳里,913,122,907,117,893,121,-20,-1
臺南市後壁區土溝里,899,118,873,104,849,101,-50,-17
臺南市後壁區竹新里,923,96,897,80,874,72,-49,-24
臺南市後壁區新東里,1226,96,1212,95,1185,101,-41,5
臺南市後壁區頂安里,892,108,883,111,857,104,-35,-4
臺南市後壁區長安里,796,62,785,62,782,77,-14,15
臺南市後壁區福安里,1249,89,1229,88,1183,83,-66,-6
臺南市後壁區菁寮里,904,79,860,66,818,64,-86,-15
臺南市後壁區新嘉里,573,62,556,63,538,59,-35,-3
臺南市後壁區長短樹里,1323,107,1295,98,1272,94,-51,-13
臺南市後壁區上茄苳里,1519,191,1461,187,1423,192,-96,1
臺南市後壁區菁豐里,784,77,761,84,748,82,-36,5
臺南市東山區東山里,993,112,988,108,985,102,-8,-10
臺南市東山區東中里,1845,254,1847,257,1816,243,-29,-11
臺南市東山區東正里,972,120,928,102,902,113,-70,-7
臺南市東山區三榮里,723,60,700,61,683,59,-40,-1
臺南市東山區大客里,738,75,730,78,703,77,-35,2
臺南市東山區科里里,856,79,835,66,810,70,-46,-9
臺南市東山區東河里,619,63,597,53,569,45,-50,-18
臺南市東山區南溪里,305,21,286,23,293,25,-12,4
臺南市東山區水雲里,246,15,233,14,230,10,-16,-5
臺南市東山區林安里,243,16,227,14,222,12,-21,-4
臺南市東山區東原里,1417,159,1371,150,1299,134,-118,-25
臺南市東山區嶺南里,445,45,427,42,421,40,-24,-5
臺南市東山區南勢里,763,87,739,74,726,77,-37,-10
臺南市東山區青山里,723,84,699,74,691,80,-32,-4
臺南市東山區高原里,621,58,596,50,573,41,-48,-17
臺南市東山區聖賢里,1341,112,1319,103,1284,102,-57,-10
臺南市麻豆區東角里,2034,409,1987,392,1954,394,-80,-15
臺南市麻豆區晋江里,1877,327,1829,333,1789,359,-88,32
臺南市麻豆區巷口里,1537,274,1513,273,1505,254,-32,-20
臺南市麻豆區中興里,1427,219,1396,206,1371,186,-56,-33
臺南市麻豆區興農里,1139,207,1105,199,1062,190,-77,-17
臺南市麻豆區油車里,2804,493,2736,476,2657,453,-147,-40
臺南市麻豆區北勢里,787,89,744,87,721,80,-66,-9
臺南市麻豆區大埕里,2130,469,2110,453,2112,467,-18,-2
臺南市麻豆區南勢里,1730,212,1685,214,1639,208,-91,-4
臺南市麻豆區寮廍里,1216,149,1178,144,1192,139,-24,-10
臺南市麻豆區埤頭里,1779,195,1747,185,1703,180,-76,-15
臺南市麻豆區海埔里,1486,161,1469,169,1440,178,-46,17
臺南市麻豆區港尾里,907,82,877,73,876,65,-31,-17
臺南市麻豆區麻口里,865,98,872,109,896,122,31,24
臺南市麻豆區安業里,944,132,906,129,883,117,-61,-15
臺南市麻豆區安正里,697,69,695,73,683,81,-14,12
臺南市麻豆區新興里,1452,237,1417,213,1399,197,-53,-40
臺南市麻豆區謝厝寮里,1191,141,1165,132,1119,122,-72,-19
臺南市麻豆區井東里,1278,140,1233,134,1207,130,-71,-10
臺南市麻豆區清水里,1003,115,1076,132,1054,131,51,16
臺南市下營區下營里,1062,162,1010,138,962,124,-100,-38
臺南市下營區仁里里,1530,189,1477,180,1440,176,-90,-13
臺南市下營區宅內里,1190,132,1164,124,1139,112,-51,-20
臺南市下營區後街里,1158,174,1136,173,1127,170,-31,-4
臺南市下營區新興里,1509,263,1500,285,1468,281,-41,18
臺南市下營區營前里,1518,170,1510,163,1493,158,-25,-12
臺南市下營區開化里,1318,178,1271,181,1245,179,-73,1
臺南市下營區西連里,602,53,604,51,591,43,-11,-10
臺南市下營區賀建里,944,108,913,99,888,89,-56,-19
臺南市下營區茅營里,1556,183,1489,178,1434,172,-122,-11
臺南市下營區大吉里,1132,134,1112,139,1088,140,-44,6
臺南市下營區紅甲里,1576,187,1540,185,1481,186,-95,-1
臺南市六甲區六甲里,2146,363,2113,340,2107,336,-39,-27
臺南市六甲區甲東里,2098,328,2020,298,1953,266,-145,-62
臺南市六甲區甲南里,996,145,953,145,957,147,-39,2
臺南市六甲區七甲里,1447,179,1451,173,1445,172,-2,-7
臺南市六甲區二甲里,2632,403,2563,407,2498,394,-134,-9
臺南市六甲區水林里,1608,250,1550,238,1510,227,-98,-23
臺南市六甲區中社里,1180,117,1173,119,1133,106,-47,-11
臺南市六甲區龜港里,876,105,864,102,866,106,-10,1
臺南市六甲區菁埔里,439,38,430,31,426,32,-13,-6
臺南市六甲區王爺里,510,42,486,45,472,45,-38,3
臺南市六甲區大丘里,364,17,350,15,336,15,-28,-2
臺南市官田區官田里,1572,140,1543,144,1509,135,-63,-5
臺南市官田區二鎮里,2505,315,2542,329,2513,305,8,-10
臺南市官田區大崎里,283,18,280,16,279,17,-4,-1
臺南市官田區隆田里,1477,198,1491,199,1481,181,4,-17
臺南市官田區隆本里,2803,403,2861,441,2835,433,32,30
臺南市官田區南廍里,1031,125,1021,120,1008,117,-23,-8
臺南市官田區社子里,644,79,621,83,606,76,-38,-3
臺南市官田區烏山頭里,904,55,872,68,842,62,-62,7
臺南市官田區渡拔里,1801,171,1754,167,1713,148,-88,-23
臺南市官田區東西庄里,1317,146,1298,126,1243,115,-74,-31
臺南市大內區石湖里,679,61,650,61,627,66,-52,5
臺南市大內區石林里,431,40,414,42,390,35,-41,-5
臺南市大內區石城里,1080,116,1053,115,1040,100,-40,-16
臺南市大內區內江里,599,58,580,57,556,55,-43,-3
臺南市大內區大內里,516,65,497,64,481,57,-35,-8
臺南市大內區內郭里,445,50,425,49,420,45,-25,-5
臺南市大內區頭社里,641,50,634,44,619,43,-22,-7
臺南市大內區環湖里,491,39,471,30,460,26,-31,-13
臺南市大內區二溪里,540,42,517,44,500,42,-40,0
臺南市大內區曲溪里,381,48,371,41,346,48,-35,0
臺南市佳里區東寧里,1561,241,1533,258,1470,240,-91,-1
臺南市佳里區忠仁里,2161,348,2139,353,2110,338,-51,-10
臺南市佳里區鎮山里,4411,646,4317,651,4224,646,-187,0
臺南市佳里區建南里,3239,448,3242,469,3172,494,-67,46
臺南市佳里區安西里,4662,895,4582,916,4461,919,-201,24
臺南市佳里區六安里,3176,547,3139,540,3107,517,-69,-30
臺南市佳里區佳化里,1637,182,1599,177,1582,176,-55,-6
臺南市佳里區海澄里,1685,191,1622,183,1604,178,-81,-13
臺南市佳里區民安里,1237,193,1288,208,1310,197,73,4
臺南市佳里區子龍里,1690,168,1635,151,1602,152,-88,-16
臺南市佳里區營溪里,769,52,749,52,716,52,-53,0
臺南市佳里區文新里,4443,830,4424,828,4341,792,-102,-38
臺南市佳里區佳興里,1468,142,1418,129,1430,134,-38,-8
臺南市佳里區下營里,1367,120,1335,113,1317,95,-50,-25
臺南市佳里區塭內里,1982,170,1913,179,1853,178,-129,8
臺南市佳里區南勢里,3788,701,3838,713,3801,703,13,2
臺南市學甲區仁得里,2933,361,2876,351,2816,351,-117,-10
臺南市學甲區新榮里,1859,254,1855,261,1889,268,30,14
臺南市學甲區光華里,930,100,892,83,870,69,-60,-31
臺南市學甲區宅港里,583,69,566,70,559,63,-24,-6
臺南市學甲區慈福里,1490,202,1495,210,1452,214,-38,12
臺南市學甲區秀昌里,1999,229,1981,244,1934,234,-65,5
臺南市學甲區明宜里,1468,189,1446,189,1397,186,-71,-3
臺南市學甲區豐和里,920,79,884,77,850,73,-70,-6
臺南市學甲區平和里,754,83,735,77,720,74,-34,-9
臺南市學甲區新達里,1516,186,1462,161,1424,147,-92,-39
臺南市學甲區大灣里,710,74,672,68,644,53,-66,-21
臺南市學甲區三慶里,909,106,900,96,861,84,-48,-22
臺南市學甲區中洲里,989,99,957,90,937,81,-52,-18
臺南市西港區西港里,2469,341,2423,334,2390,330,-79,-11
臺南市西港區南海里,1916,224,1846,206,1862,223,-54,-1
臺南市西港區港東里,1275,172,1307,186,1295,184,20,12
臺南市西港區檨林里,1210,129,1186,128,1165,140,-45,11
臺南市西港區後營里,1083,157,1068,148,1041,139,-42,-18
臺南市西港區營西里,1110,127,1070,121,1061,117,-49,-10
臺南市西港區金砂里,516,51,501,44,500,41,-16,-10
臺南市西港區劉厝里,993,105,972,111,997,129,4,24
臺南市西港區竹林里,1044,89,1007,88,956,88,-88,-1
臺南市西港區永樂里,1036,113,1026,99,997,98,-39,-15
臺南市西港區新復里,639,73,627,73,626,68,-13,-5
臺南市西港區慶安里,3371,533,3347,533,3257,490,-114,-43
臺南市七股區後港里,713,57,686,47,664,49,-49,-8
臺南市七股區大潭里,442,29,426,29,401,25,-41,-4
臺南市七股區篤加里,626,104,608,103,591,94,-35,-10
臺南市七股區頂山里,549,28,529,30,544,32,-5,4
臺南市七股區西寮里,344,16,335,16,319,18,-25,2
臺南市七股區塩埕里,310,20,283,19,277,20,-33,0
臺南市七股區龍山里,1123,143,1103,136,1087,140,-36,-3
臺南市七股區溪南里,242,32,233,34,237,38,-5,6
臺南市七股區七股里,673,97,652,94,623,82,-50,-15
臺南市七股區玉成里,551,110,543,113,537,102,-14,-8
臺南市七股區大埕里,1991,429,1950,391,1912,363,-79,-66
臺南市七股區樹林里,1464,217,1433,197,1425,185,-39,-32
臺南市七股區中寮里,436,49,425,43,420,41,-16,-8
臺南市七股區竹橋里,882,104,850,96,824,87,-58,-17
臺南市七股區義合里,1468,112,1443,109,1416,113,-52,1
臺南市七股區永吉里,781,76,762,69,765,68,-16,-8
臺南市七股區三股里,977,85,957,75,936,71,-41,-14
臺南市七股區十份里,1056,85,1040,92,1037,81,-19,-4
臺南市將軍區長榮里,860,96,835,92,844,97,-16,1
臺南市將軍區玉山里,590,40,570,40,549,34,-41,-6
臺南市將軍區廣山里,432,25,418,22,414,19,-18,-6
臺南市將軍區長沙里,1011,109,991,95,969,80,-42,-29
臺南市將軍區平沙里,906,75,874,66,879,64,-27,-11
臺南市將軍區鯤鯓里,1384,134,1352,123,1328,109,-56,-25
臺南市將軍區鯤溟里,695,41,683,36,665,34,-30,-7
臺南市將軍區巷埔里,783,89,762,83,735,76,-48,-13
臺南市將軍區西甲里,1764,183,1722,183,1671,187,-93,4
臺南市將軍區忠嘉里,1787,199,1735,196,1689,185,-98,-14
臺南市將軍區苓仔寮里,1396,131,1360,121,1335,122,-61,-9
臺南市將軍區將軍里,1146,100,1095,91,1014,90,-132,-10
臺南市北門區保吉里,1034,136,1008,136,986,125,-48,-11
臺南市北門區雙春里,325,29,304,26,291,23,-34,-6
臺南市北門區北門里,641,48,619,44,590,41,-51,-7
臺南市北門區錦湖里,696,60,683,57,669,62,-27,2
臺南市北門區三光里,954,111,935,107,914,95,-40,-16
臺南市北門區玉港里,515,32,493,31,473,28,-42,-4
臺南市北門區慈安里,596,56,581,45,575,37,-21,-19
臺南市北門區永隆里,638,45,630,42,611,47,-27,2
臺南市北門區蚵寮里,1161,111,1109,99,1053,97,-108,-14
臺南市北門區文山里,865,82,829,76,791,72,-74,-10
臺南市新化區武安里,2317,299,2247,291,2176,266,-141,-33
臺南市新化區東榮里,2977,439,2950,437,2929,428,-48,-11
臺南市新化區護國里,1944,272,1881,259,1852,236,-92,-36
臺南市新化區太平里,3497,543,3421,530,3392,526,-105,-17
臺南市新化區協興里,2521,400,2491,375,2420,362,-101,-38
臺南市新化區唪口里,1767,260,1774,268,1713,246,-54,-14
臺南市新化區北勢里,1212,152,1216,158,1222,157,10,5
臺南市新化區豐榮里,2623,466,2578,449,2553,432,-70,-34
臺南市新化區全興里,2358,321,2339,303,2285,298,-73,-23
臺南市新化區崙頂里,1574,218,1607,217,1606,218,32,0
臺南市新化區知義里,1639,180,1597,170,1558,158,-81,-22
臺南市新化區山脚里,1112,158,1090,146,1293,166,181,8
臺南市新化區大坑里,296,25,281,24,265,20,-31,-5
臺南市新化區𦰡拔里,1652,248,1618,240,1576,227,-76,-21
臺南市新化區羊林里,701,101,693,101,681,95,-20,-6
臺南市新化區礁坑里,690,66,674,67,645,59,-45,-7
臺南市善化區東關里,880,251,867,262,879,254,-1,3
臺南市善化區坐駕里,3197,958,3175,919,3122,895,-75,-63
臺南市善化區光文里,4255,1028,4260,982,4277,967,22,-61
臺南市善化區文昌里,2109,514,2045,519,2054,511,-55,-3
臺南市善化區南關里,1458,311,1439,310,1448,305,-10,-6
臺南市善化區文正里,1280,242,1265,245,1267,245,-13,3
臺南市善化區胡家里,857,99,867,98,865,85,8,-14
臺南市善化區胡厝里,1456,214,1583,249,1567,268,111,54
臺南市善化區什乃里,1028,153,1021,143,1010,139,-18,-14
臺南市善化區溪美里,1437,188,1431,185,1455,197,18,9
臺南市善化區六分里,501,60,479,55,453,54,-48,-6
臺南市善化區六德里,775,104,759,101,729,97,-46,-7
臺南市善化區田寮里,1261,148,1206,145,1194,140,-67,-8
臺南市善化區牛庄里,1241,135,1274,138,1240,124,-1,-11
臺南市善化區嘉北里,1169,155,1179,157,1155,154,-14,-1
臺南市善化區嘉南里,817,107,811,109,780,108,-37,1
臺南市善化區小新里,3651,752,3710,765,3711,766,60,14
臺南市善化區頂街里,841,138,815,140,813,141,-28,3
臺南市善化區昌隆里,1459,168,1442,162,1406,154,-53,-14
臺南市善化區蓮潭里,2340,973,2752,1146,3199,1406,859,433
臺南市新市區新市里,2313,383,2227,365,2232,347,-81,-36
臺南市新市區新和里,4977,1046,5082,1082,5126,1094,149,48
臺南市新市區社內里,2101,406,2176,417,2225,432,124,26
臺南市新市區大洲里,511,73,504,76,511,77,0,4
臺南市新市區豐華里,742,132,716,130,693,130,-49,-2
臺南市新市區三舍里,1375,470,1352,458,1359,463,-16,-7
臺南市新市區大營里,2724,494,2732,465,2772,494,48,0
臺南市新市區大社里,3706,530,3688,537,3684,532,-22,2
臺南市新市區潭頂里,1389,172,1393,166,1384,155,-5,-17
臺南市新市區港墘里,2761,507,2676,508,2642,491,-119,-16
臺南市新市區永就里,2502,489,2495,482,2481,478,-21,-11
臺南市安定區蘇林里,1570,190,1493,186,1455,182,-115,-8
臺南市安定區蘇厝里,1604,225,1605,208,1575,216,-29,-9
臺南市安定區安定里,1058,121,1030,120,1018,118,-40,-3
臺南市安定區安加里,1642,218,1607,209,1607,243,-35,25
臺南市安定區港尾里,1139,185,1117,167,1089,163,-50,-22
臺南市安定區中榮里,1501,315,1477,309,1478,304,-23,-11
臺南市安定區港口里,2451,392,2407,384,2368,375,-83,-17
臺南市安定區港南里,2148,324,2190,331,2184,338,36,14
臺南市安定區中沙里,535,63,523,63,508,64,-27,1
臺南市安定區新吉里,2035,251,2003,257,1972,238,-63,-13
臺南市安定區海寮里,2000,241,1989,239,1982,245,-18,4
臺南市安定區文科里,1216,153,1223,148,1215,156,-1,3
臺南市安定區嘉同里,1923,217,1889,229,1880,228,-43,11
臺南市山上區明和里,1222,134,1210,135,1174,130,-48,-4
臺南市山上區南洲里,1076,120,1045,106,1040,114,-36,-6
臺南市山上區山上里,750,109,725,96,715,101,-35,-8
臺南市山上區新莊里,793,65,757,67,726,65,-67,0
臺南市山上區玉峯里,353,26,347,29,352,31,-1,5
臺南市山上區平陽里,254,20,244,19,224,16,-30,-4
臺南市山上區豐德里,306,40,297,34,287,36,-19,-4
臺南市玉井區玉井里,862,99,825,91,808,95,-54,-4
臺南市玉井區玉田里,2629,341,2576,346,2516,350,-113,9
臺南市玉井區中正里,842,92,810,92,803,82,-39,-10
臺南市玉井區竹圍里,1034,125,1015,131,974,130,-60,5
臺南市玉井區沙田里,332,37,311,33,299,37,-33,0
臺南市玉井區三埔里,346,35,337,33,321,32,-25,-3
臺南市玉井區三和里,513,51,492,44,475,43,-38,-8
臺南市玉井區望明里,1018,128,995,115,978,111,-40,-17
臺南市玉井區層林里,416,43,393,41,363,35,-53,-8
臺南市玉井區豐里里,683,64,662,58,637,49,-46,-15
臺南市楠西區楠西里,1307,127,1267,135,1240,123,-67,-4
臺南市楠西區灣丘里,778,90,734,83,714,81,-64,-9
臺南市楠西區密枝里,472,28,454,28,439,26,-33,-2
臺南市楠西區照興里,690,77,665,75,648,65,-42,-12
臺南市楠西區鹿田里,611,72,593,61,570,52,-41,-20
臺南市楠西區龜丹里,462,38,433,38,414,38,-48,0
臺南市楠西區東勢里,1586,196,1554,182,1518,173,-68,-23
臺南市南化區南化里,922,112,898,116,858,108,-64,-4
臺南市南化區小崙里,559,62,543,61,524,51,-35,-11
臺南市南化區中坑里,261,23,249,22,238,18,-23,-5
臺南市南化區北平里,351,32,340,31,336,32,-15,0
臺南市南化區東和里,417,45,403,40,392,36,-25,-9
臺南市南化區西埔里,518,46,501,42,473,43,-45,-3
臺南市南化區北寮里,794,93,763,82,735,64,-59,-29
臺南市南化區玉山里,764,99,743,102,714,92,-50,-7
臺南市南化區關山里,777,135,770,139,757,134,-20,-1
臺南市左鎮區光和里,226,16,215,19,197,12,-29,-4
臺南市左鎮區榮和里,424,31,409,26,404,24,-20,-7
臺南市左鎮區左鎮里,299,34,287,38,280,34,-19,0
臺南市左鎮區中正里,438,50,433,47,417,35,-21,-15
臺南市左鎮區睦光里,223,31,215,24,212,23,-11,-8
臺南市左鎮區內庄里,232,17,227,17,215,12,-17,-5
臺南市左鎮區澄山里,332,24,334,20,311,24,-21,0
臺南市左鎮區岡林里,256,13,241,12,239,12,-17,-1
臺南市左鎮區草山里,202,15,198,15,187,9,-15,-6
臺南市左鎮區二寮里,129,11,118,10,112,4,-17,-7
臺南市仁德區太子里,4330,628,4224,638,4201,634,-129,6
臺南市仁德區土庫里,2124,314,2084,308,2068,314,-56,0
臺南市仁德區一甲里,2135,300,2063,292,2023,275,-112,-25
臺南市仁德區仁德里,6178,1237,6201,1245,6196,1207,18,-30
臺南市仁德區仁義里,7256,1082,7147,1051,7097,1002,-159,-80
臺南市仁德區新田里,2794,361,2768,347,2755,352,-39,-9
臺南市仁德區後壁里,7667,1128,7699,1139,7612,1139,-55,11
臺南市仁德區上崙里,4954,852,4960,847,4919,816,-35,-36
臺南市仁德區保安里,2137,312,2094,308,2053,294,-84,-18
臺南市仁德區成功里,3536,483,3531,488,3516,471,-20,-12
臺南市仁德區仁和里,942,113,968,123,976,110,34,-3
臺南市仁德區仁愛里,917,119,911,127,907,139,-10,20
臺南市仁德區二行里,1622,213,1589,197,1564,193,-58,-20
臺南市仁德區大甲里,1641,260,1627,257,1594,257,-47,-3
臺南市仁德區中洲里,1968,261,1919,276,1861,248,-107,-13
臺南市仁德區文賢里,1730,192,1678,174,1658,156,-72,-36
臺南市歸仁區南保里,4886,844,4822,803,4684,731,-202,-113
臺南市歸仁區六甲里,3072,352,3022,355,3001,361,-71,9
臺南市歸仁區歸仁里,1850,271,1838,250,1806,250,-44,-21
臺南市歸仁區後市里,2545,423,2509,408,2440,416,-105,-7
臺南市歸仁區辜厝里,2693,400,2609,388,2528,360,-165,-40
臺南市歸仁區許厝里,2625,452,2539,420,2517,404,-108,-48
臺南市歸仁區看西里,1771,421,1778,434,1761,403,-10,-18
臺南市歸仁區看東里,1451,268,1432,283,1417,282,-34,14
臺南市歸仁區崙頂里,2493,555,2504,562,2489,559,-4,4
臺南市歸仁區沙崙里,531,78,541,87,537,100,6,22
臺南市歸仁區大潭里,1415,204,1428,241,1406,265,-9,61
臺南市歸仁區武東里,1595,228,1491,234,1473,249,-122,21
臺南市歸仁區八甲里,2112,283,2089,281,2147,280,35,-3
臺南市歸仁區七甲里,2723,386,2676,372,2713,366,-10,-20
臺南市歸仁區媽廟里,1509,205,1460,198,1424,187,-85,-18
臺南市歸仁區西埔里,1394,173,1334,178,1290,167,-104,-6
臺南市歸仁區大廟里,2404,283,2437,299,2409,295,5,12
臺南市歸仁區南興里,3605,691,3617,675,3553,661,-52,-30
臺南市歸仁區新厝里,1952,359,1906,336,1868,337,-84,-22
臺南市歸仁區歸南里,1790,238,1753,247,1693,242,-97,4
臺南市歸仁區文化里,2530,508,2493,484,2403,465,-127,-43
臺南市關廟區關廟里,1636,244,1639,238,1665,258,29,14
臺南市關廟區山西里,1548,184,1547,185,1505,182,-43,-2
臺南市關廟區香洋里,2362,264,2304,249,2211,241,-151,-23
臺南市關廟區北勢里,1794,268,1804,270,1791,265,-3,-3
臺南市關廟區新埔里,800,120,801,118,780,119,-20,-1
臺南市關廟區新光里,475,46,453,42,436,36,-39,-10
臺南市關廟區五甲里,2517,318,2467,308,2454,308,-63,-10
臺南市關廟區東勢里,2483,307,2423,297,2384,288,-99,-19
臺南市關廟區松腳里,1396,166,1449,180,1405,178,9,12
臺南市關廟區深坑里,1136,131,1094,112,1033,110,-103,-21
臺南市關廟區布袋里,904,121,876,123,832,109,-72,-12
臺南市關廟區埤頭里,1468,171,1470,166,1472,165,4,-6
臺南市關廟區下湖里,355,37,335,31,324,30,-31,-7
臺南市關廟區花園里,2560,368,2492,357,2455,343,-105,-25
臺南市關廟區南雄里,1101,119,1070,127,1028,105,-73,-14
臺南市龍崎區崎頂里,708,73,667,58,626,46,-82,-27
臺南市龍崎區土崎里,421,31,405,28,387,29,-34,-2
臺南市龍崎區中坑里,81,0,78,0,79,0,-2,0
臺南市龍崎區楠坑里,245,24,245,22,233,23,-12,-1
臺南市龍崎區牛埔里,220,14,201,13,186,10,-34,-4
臺南市龍崎區大坪里,199,8,176,7,159,8,-40,0
臺南市龍崎區龍船里,256,17,249,14,237,13,-19,-4
臺南市龍崎區石𥕢里,292,20,275,17,267,13,-25,-7
臺南市永康區五王里,4677,659,4603,650,4495,603,-182,-56
臺南市永康區網寮里,6042,1054,6037,1007,5969,950,-73,-104
臺南市永康區永康里,7429,1304,7381,1253,7222,1149,-207,-155
臺南市永康區埔園里,6329,1531,6285,1499,6227,1437,-102,-94
臺南市永康區大橋里,4816,704,4705,774,4544,785,-272,81
臺南市永康區王行里,2064,350,2038,349,1999,327,-65,-23
臺南市永康區烏竹里,2363,485,2363,473,2392,459,29,-26
臺南市永康區蔦松里,1560,214,1527,219,1493,222,-67,8
臺南市永康區三民里,1158,174,1171,156,1184,175,26,1
臺南市永康區塩行里,3945,632,3869,630,3788,637,-157,5
臺南市永康區甲頂里,1769,269,1682,261,1648,263,-121,-6
臺南市永康區大灣里,2689,500,2708,502,2656,494,-33,-6
臺南市永康區東灣里,2785,498,2687,476,2608,450,-177,-48
臺南市永康區西灣里,6203,967,6073,950,5970,911,-233,-56
臺南市永康區南灣里,3048,460,3031,460,2973,440,-75,-20
臺南市永康區崑山里,4808,717,4751,678,4636,647,-172,-70
臺南市永康區北灣里,3470,727,3388,690,3349,698,-121,-29
臺南市永康區新樹里,1663,289,1674,294,1671,276,8,-13
臺南市永康區復興里,1513,153,1463,139,1425,133,-88,-20
臺南市永康區復國里,7269,949,7188,983,7020,951,-249,2
臺南市永康區建國里,1415,174,1473,180,1469,185,54,11
臺南市永康區神洲里,911,102,883,104,978,126,67,24
臺南市永康區西勢里,5286,975,5266,976,5222,931,-64,-44
臺南市永康區成功里,1638,186,1625,184,1599,161,-39,-25
臺南市永康區中興里,2700,332,2587,324,2516,309,-184,-23
臺南市永康區勝利里,6370,844,6263,829,6171,754,-199,-90
臺南市永康區龍潭里,5214,947,5178,913,5158,863,-56,-84
臺南市永康區光復里,408,40,408,40,399,40,-9,0
臺南市永康區塩洲里,4773,905,4692,868,4651,852,-122,-53
臺南市永康區二王里,6672,1030,6572,1029,6462,963,-210,-67
臺南市永康區六合里,4619,788,4587,721,4551,662,-68,-126
臺南市永康區三合里,2926,361,2935,352,2863,360,-63,-1
臺南市永康區東橋里,5440,1568,6075,1831,6331,1947,891,379
臺南市永康區安康里,4223,732,4157,732,4073,698,-150,-34
臺南市永康區西橋里,2481,355,2431,375,2352,383,-129,28
臺南市永康區尚頂里,3096,462,3042,479,2931,479,-165,17
臺南市永康區復華里,8146,1086,8034,1037,7971,1008,-175,-78
臺南市永康區正強里,6442,1346,6329,1287,6222,1201,-220,-145
臺南市永康區中華里,2173,227,2167,223,2101,207,-72,-20
臺南市永康區北興里,4434,1010,4420,1008,4400,972,-34,-38
臺南市永康區龍埔里,3271,917,3361,913,3460,908,189,-9
臺南市永康區永明里,4304,601,4281,577,4291,570,-13,-31
臺南市永康區塩興里,3321,561,3301,560,3288,601,-33,40
臺南市東區富裕里,1648,230,1603,228,1527,229,-121,-1
臺南市東區裕農里,2242,364,2145,360,2097,357,-145,-7
臺南市東區大智里,5574,833,5470,813,5352,777,-222,-56
臺南市東區崇學里,2156,362,2117,360,2048,331,-108,-31
臺南市東區泉南里,3490,508,3406,510,3262,479,-228,-29
臺南市東區仁和里,3834,428,3820,394,3786,383,-48,-45
臺南市東區後甲里,2274,364,2198,344,2158,342,-116,-22
臺南市東區東光里,3853,780,3761,767,3646,743,-207,-37
臺南市東區新東里,1772,217,1728,226,1672,218,-100,1
臺南市東區中西里,2275,402,2192,400,2121,405,-154,3
臺南市東區東安里,981,182,936,160,914,162,-67,-20
臺南市東區崇明里,3325,701,3253,647,3201,605,-124,-96
臺南市東區自強里,4262,881,4176,898,4120,868,-142,-13
臺南市東區和平里,4146,584,4248,602,4176,542,30,-42
臺南市東區路東里,1260,120,1234,110,1211,91,-49,-29
臺南市東區大德里,1080,99,1026,94,993,94,-87,-5
臺南市東區關聖里,3982,953,3978,970,3976,996,-6,43
臺南市東區衛國里,1110,158,1108,175,1074,185,-36,27
臺南市東區崇善里,4280,670,4227,626,4135,587,-145,-83
臺南市東區富強里,3492,569,3425,544,3361,546,-131,-23
臺南市東區圍下里,1376,232,1306,229,1269,221,-107,-11
臺南市東區小東里,3387,639,3325,604,3192,553,-195,-86
臺南市東區大學里,803,142,782,133,728,134,-75,-8
臺南市東區龍山里,3821,788,3795,788,3730,748,-91,-40
臺南市東區虎尾里,4008,864,4030,922,4028,968,20,104
臺南市東區德高里,2431,338,2511,349,2547,360,116,22
臺南市東區莊敬里,2884,552,2784,535,2694,493,-190,-59
臺南市東區大福里,1203,133,1170,117,1128,111,-75,-22
臺南市東區忠孝里,3231,289,3169,291,3060,269,-171,-20
臺南市東區崇誨里,1745,261,1685,283,1660,280,-85,19
臺南市東區東明里,2162,389,2121,400,2048,407,-114,18
臺南市東區崇德里,3647,805,3565,777,3464,739,-183,-66
臺南市東區東智里,1846,274,2041,305,2114,306,268,32
臺南市東區東聖里,1824,277,1775,294,1710,296,-114,19
臺南市東區崇成里,2486,657,2482,649,2394,618,-92,-39
臺南市東區東門里,1301,163,1246,185,1216,208,-85,45
臺南市東區成大里,1399,172,1359,199,1303,179,-96,7
臺南市東區大同里,2067,220,2010,206,1967,175,-100,-45
臺南市東區德光里,3225,607,3121,552,3037,485,-188,-122
臺南市東區崇信里,3525,498,3370,465,3307,465,-218,-33
臺南市東區崇文里,5206,1253,5041,1193,4928,1154,-278,-99
臺南市東區復興里,2658,512,2614,506,2591,537,-67,25
臺南市東區裕聖里,4356,1240,4416,1227,4463,1232,107,-8
臺南市東區南聖里,2263,577,2233,573,2225,578,-38,1
臺南市東區文聖里,3968,1088,3962,1062,3933,1023,-35,-65
臺南市南區竹溪里,1195,102,1177,99,1143,97,-52,-5
臺南市南區明德里,850,112,1179,184,1177,202,327,90
臺南市南區大成里,1068,174,1181,217,1287,216,219,42
臺南市南區廣州里,1637,188,1576,181,1554,169,-83,-19
臺南市南區新昌里,1604,168,1580,154,1555,147,-49,-21
臺南市南區新興里,2108,239,2055,217,1996,209,-112,-30
臺南市南區田寮里,2351,312,2263,296,2206,281,-145,-31
臺南市南區國宅里,2244,254,2147,248,2077,229,-167,-25
臺南市南區光明里,3220,417,3141,412,3071,407,-149,-10
臺南市南區明亮里,2761,399,2684,375,2601,337,-160,-62
臺南市南區喜東里,1668,238,1658,232,1618,217,-50,-21
臺南市南區喜北里,1684,233,1629,231,1609,212,-75,-21
臺南市南區喜南里,907,91,862,93,833,90,-74,-1
臺南市南區省躬里,2850,466,2918,477,2956,455,106,-11
臺南市南區興農里,1921,290,2096,312,2152,341,231,51
臺南市南區同安里,1778,292,1770,255,1738,250,-40,-42
臺南市南區佛壇里,2111,382,2048,348,2020,328,-91,-54
臺南市南區大林里,1637,184,1595,175,1531,163,-106,-21
臺南市南區大忠里,3326,368,3244,344,3153,327,-173,-41
臺南市南區大恩里,2470,277,2428,257,2409,240,-61,-37
臺南市南區新生里,2409,252,2355,230,2305,227,-104,-25
臺南市南區再興里,1697,232,1668,220,1604,199,-93,-33
臺南市南區明興里,2568,357,2514,355,2443,312,-125,-45
臺南市南區文華里,2450,284,2389,257,2295,231,-155,-53
臺南市南區金華里,3807,447,3736,430,3639,430,-168,-17
臺南市南區南都里,2137,254,2095,246,2038,227,-99,-27
臺南市南區開南里,4576,596,4462,586,4322,569,-254,-27
臺南市南區彰南里,1192,168,1153,163,1086,152,-106,-16
臺南市南區建南里,4179,562,4036,523,3923,520,-256,-42
臺南市南區郡南里,2850,402,2731,367,2682,331,-168,-71
臺南市南區府南里,3758,540,3679,506,3598,486,-160,-54
臺南市南區文南里,3957,477,3881,470,3745,419,-212,-58
臺南市南區鯤鯓里,1334,158,1287,155,1259,158,-75,0
臺南市南區松安里,1418,220,1411,199,1396,169,-22,-51
臺南市南區永寧里,1337,174,1289,158,1234,141,-103,-33
臺南市南區南華里,1901,242,1853,234,1842,220,-59,-22
臺南市南區鹽埕里,2775,340,2700,320,2613,299,-162,-41
臺南市北區開元里,2485,255,2383,252,2315,247,-170,-8
臺南市北區東興里,1600,331,1518,299,1478,278,-122,-53
臺南市北區力行里,1820,268,1798,241,1698,192,-122,-76
臺南市北區振興里,1353,147,1327,126,1303,119,-50,-28
臺南市北區仁愛里,1514,153,1503,145,1552,148,38,-5
臺南市北區大豐里,3261,450,3205,429,3105,402,-156,-48
臺南市北區重興里,1450,130,1400,140,1364,121,-86,-9
臺南市北區和順里,3919,675,3854,663,3774,635,-145,-40
臺南市北區正覺里,2385,234,2355,238,2278,202,-107,-32
臺南市北區成功里,3701,827,3715,824,3645,825,-56,-2
臺南市北區文元里,2899,775,2949,787,2938,719,39,-56
臺南市北區大港里,4447,657,4314,592,4200,560,-247,-97
臺南市北區中樓里,1039,94,987,83,951,86,-88,-8
臺南市北區公園里,1253,134,1215,124,1197,112,-56,-22
臺南市北區元寶里,3511,603,3582,592,3607,547,96,-56
臺南市北區永祥里,2274,268,2186,252,2112,234,-162,-34
臺南市北區成德里,3747,946,3754,900,3746,825,-1,-121
臺南市北區文成里,2374,402,2323,377,2297,356,-77,-46
臺南市北區大和里,3028,410,2948,370,2877,359,-151,-51
臺南市北區賢北里,3082,584,3009,571,2921,502,-161,-82
臺南市北區長勝里,2771,338,2702,316,2612,283,-159,-55
臺南市北區合興里,2558,316,2454,284,2395,273,-163,-43
臺南市北區北門里,4127,530,4012,496,3889,445,-238,-85
臺南市北區小北里,3035,365,2945,340,2853,321,-182,-44
臺南市北區大光里,3528,436,3500,417,3419,379,-109,-57
臺南市北區大興里,2225,263,2138,255,2079,238,-146,-25
臺南市北區長興里,2107,327,2018,324,1948,306,-159,-21
臺南市北區北華里,2953,304,2878,298,2775,265,-178,-39
臺南市北區華德里,3027,988,3102,953,3338,1015,311,27
臺南市北區福德里,3972,1243,4075,1231,4081,1139,109,-104
臺南市北區立人里,1982,359,1939,326,1880,319,-102,-40
臺南市北區雙安里,1832,263,1838,272,1800,254,-32,-9
臺南市北區元美里,2707,589,2692,547,2654,488,-53,-101
臺南市安南區東和里,2348,707,2378,712,2424,712,76,5
臺南市安南區安順里,4082,786,4072,769,4072,760,-10,-26
臺南市安南區󻕯南里,4006,690,3998,699,3989,698,-17,8
臺南市安南區州南里,4032,832,4022,836,4003,852,-29,20
臺南市安南區州北里,3990,756,3893,717,3803,709,-187,-47
臺南市安南區安東里,2247,299,2203,278,2180,263,-67,-36
臺南市安南區安西里,2963,567,2928,555,2860,526,-103,-41
臺南市安南區頂安里,3986,825,3929,767,3900,738,-86,-87
臺南市安南區安慶里,5072,872,4990,823,4920,793,-152,-79
臺南市安南區新順里,5224,1002,5236,982,5196,939,-28,-63
臺南市安南區原佃里,1850,271,1784,240,1778,243,-72,-28
臺南市安南區總頭里,1430,185,1427,175,1386,168,-44,-17
臺南市安南區長安里,4056,659,3984,631,3958,631,-98,-28
臺南市安南區公親里,963,156,933,152,893,136,-70,-20
臺南市安南區海東里,4648,841,4626,836,4555,804,-93,-37
臺南市安南區海西里,2253,393,2257,420,2241,415,-12,22
臺南市安南區海南里,1545,179,1517,181,1855,383,310,204
臺南市安南區溪心里,6636,1317,6681,1366,6720,1372,84,55
臺南市安南區塩田里,1318,253,1337,225,1337,207,19,-46
臺南市安南區淵東里,4011,806,4036,845,4002,835,-9,29
臺南市安南區淵西里,2882,473,3020,539,3074,586,192,113
臺南市安南區佃東里,2905,447,2875,439,2823,419,-82,-28
臺南市安南區佃西里,1645,264,1690,268,1719,282,74,18
臺南市安南區公󻕯里,800,92,772,81,825,85,25,-7
臺南市安南區南興里,1486,179,1467,181,1468,178,-18,-1
臺南市安南區學東里,1886,206,1955,206,2012,224,126,18
臺南市安南區城東里,1342,185,1327,185,1290,172,-52,-13
臺南市安南區城北里,1251,183,1281,185,1248,173,-3,-10
臺南市安南區城中里,890,132,890,124,883,117,-7,-15
臺南市安南區城南里,2551,340,2582,322,2612,334,61,-6
臺南市安南區城西里,1190,162,1207,166,1208,156,18,-6
臺南市安南區青草里,1243,151,1245,150,1239,140,-4,-11
臺南市安南區砂崙里,1060,173,1039,165,1026,161,-34,-12
臺南市安南區顯宮里,1147,161,1137,159,1121,153,-26,-8
臺南市安南區鹿耳里,740,106,734,112,709,106,-31,0
臺南市安南區四草里,1463,229,1466,226,1471,218,8,-11
臺南市安南區安和里,1653,247,1625,236,1595,226,-58,-21
臺南市安南區溪北里,2242,324,2197,313,2162,291,-80,-33
臺南市安南區溪頂里,3712,821,3623,802,3504,759,-208,-62
臺南市安南區溪墘里,2444,568,2416,571,2377,525,-67,-43
臺南市安南區海佃里,3359,574,3309,577,3295,689,-64,115
臺南市安南區幸福里,2834,409,2743,435,2754,493,-80,84
臺南市安南區鳳凰里,3865,509,3757,512,3665,467,-200,-42
臺南市安南區梅花里,3357,554,3269,525,3208,516,-149,-38
臺南市安南區理想里,3694,628,3605,599,3521,566,-173,-62
臺南市安南區溪東里,3323,837,3279,862,3264,844,-59,7
臺南市安南區淵中里,2771,550,2780,546,2716,541,-55,-9
臺南市安南區布袋里,1254,152,1216,147,1162,143,-92,-9
臺南市安南區國安里,1834,380,1846,414,2094,656,260,276
臺南市安南區安富里,4517,1093,4468,1094,4356,1013,-161,-80
臺南市安南區大安里,2985,413,2954,396,2874,366,-111,-47
臺南市安平區金城里,1630,216,1579,199,1538,196,-92,-20
臺南市安平區漁光里,313,17,305,20,302,15,-11,-2
臺南市安平區建平里,4337,990,4313,976,4307,920,-30,-70
臺南市安平區怡平里,3764,508,3702,498,3646,449,-118,-59
臺南市安平區華平里,4090,495,4013,480,3908,439,-182,-56
臺南市安平區平通里,6202,979,6186,969,6150,921,-52,-58
臺南市安平區文平里,4274,683,4186,635,4118,567,-156,-116
臺南市安平區國平里,6173,1166,6412,1221,6495,1193,322,27
臺南市安平區育平里,6896,1303,6868,1243,6965,1194,69,-109
臺南市安平區億載里,2559,512,2571,489,2613,474,54,-38
臺南市安平區平安里,2657,314,2591,291,2532,272,-125,-42
臺南市安平區天妃里,2559,310,2466,289,2374,266,-185,-44
臺南市安平區王城里,2129,262,2085,286,2070,302,-59,40
臺南市中西區赤嵌里,2568,584,2460,575,2455,644,-113,60
臺南市中西區郡王里,2339,922,2317,957,2327,1055,-12,133
臺南市中西區法華里,2133,901,2188,985,2151,1025,18,124
臺南市中西區開山里,1850,566,1802,601,1751,649,-99,83
臺南市中西區永華里,1738,443,1784,563,1767,655,29,212
臺南市中西區藥王里,2419,280,2338,256,2230,225,-189,-55
臺南市中西區光賢里,2801,413,2764,377,2756,332,-45,-81
臺南市中西區大涼里,1982,356,1983,373,1933,332,-49,-24
臺南市中西區西湖里,4515,772,4577,775,4602,725,87,-47
臺南市中西區西賢里,4017,551,3954,545,3870,525,-147,-26
臺南市中西區城隍里,2512,544,2534,622,2592,789,80,245
臺南市中西區南美里,2204,505,2153,544,2093,638,-111,133
臺南市中西區南門里,1865,582,1810,634,1798,692,-67,110
臺南市中西區小西門里,2364,379,2290,371,2217,373,-147,-6
臺南市中西區五條港里,1413,139,1360,132,1271,122,-142,-17
臺南市中西區兌悅里,2871,324,2811,302,2728,306,-143,-18
臺南市中西區淺草里,1800,201,1753,188,1728,171,-72,-30
臺南市中西區府前里,1374,130,1303,129,1255,127,-119,-3
臺南市中西區南廠里,2803,321,2706,310,2613,282,-190,-39
臺南市中西區西和里,2962,407,2949,363,2939,337,-23,-70
