cunli,adult2019,chilren2019,adult2020,chilren2020,adult2021,chilren2021,adult_diff,children_diff
高雄市鹽埕區藍橋里,1088,117,1061,107,1043,93,-45,-24
高雄市鹽埕區慈愛里,272,25,255,21,238,21,-34,-4
高雄市鹽埕區博愛里,488,36,477,42,475,39,-13,3
高雄市鹽埕區壽星里,993,95,963,82,928,84,-65,-11
高雄市鹽埕區中山里,832,77,882,86,928,90,96,13
高雄市鹽埕區教仁里,1554,134,1520,126,1477,116,-77,-18
高雄市鹽埕區新樂里,632,55,609,53,585,51,-47,-4
高雄市鹽埕區中原里,470,54,456,54,422,57,-48,3
高雄市鹽埕區光明里,1069,78,1061,93,1048,80,-21,2
高雄市鹽埕區育仁里,577,73,587,75,565,77,-12,4
高雄市鹽埕區河濱里,1279,116,1224,112,1183,93,-96,-23
高雄市鹽埕區沙地里,590,57,543,60,554,53,-36,-4
高雄市鹽埕區南端里,731,66,701,66,670,66,-61,0
高雄市鹽埕區港都里,820,96,803,85,770,78,-50,-18
高雄市鹽埕區江西里,850,72,845,69,792,69,-58,-3
高雄市鹽埕區新豐里,670,107,662,98,638,91,-32,-16
高雄市鹽埕區府北里,1548,124,1581,138,1551,129,3,5
高雄市鹽埕區陸橋里,888,84,868,76,841,72,-47,-12
高雄市鹽埕區瀨南里,437,24,421,22,404,22,-33,-2
高雄市鹽埕區新化里,471,51,445,47,425,52,-46,1
高雄市鹽埕區江南里,513,69,504,56,476,56,-37,-13
高雄市鼓山區鼓峰里,1549,107,1544,114,1515,115,-34,8
高雄市鼓山區雄峰里,1571,128,1524,126,1450,118,-121,-10
高雄市鼓山區前峰里,3305,256,3219,266,3115,260,-190,4
高雄市鼓山區光榮里,2722,260,2670,261,2617,251,-105,-9
高雄市鼓山區民族里,1022,96,1015,92,998,84,-24,-12
高雄市鼓山區內惟里,875,91,874,73,851,63,-24,-28
高雄市鼓山區建國里,2041,218,2010,229,1955,212,-86,-6
高雄市鼓山區忠正里,3019,298,2971,285,2867,290,-152,-8
高雄市鼓山區自強里,469,34,470,30,451,26,-18,-8
高雄市鼓山區龍井里,956,93,949,100,916,88,-40,-5
高雄市鼓山區正德里,1661,168,1653,169,1615,162,-46,-6
高雄市鼓山區平和里,2789,313,2737,310,2658,299,-131,-14
高雄市鼓山區民強里,2111,199,2022,197,1948,186,-163,-13
高雄市鼓山區厚生里,2571,293,2551,267,2512,261,-59,-32
高雄市鼓山區龍子里,13727,4034,13910,4006,13927,3941,200,-93
高雄市鼓山區龍水里,19607,6346,20206,6445,20683,6601,1076,255
高雄市鼓山區明誠里,14851,3302,14865,3364,14741,3305,-110,3
高雄市鼓山區華豐里,3340,288,3248,257,3191,270,-149,-18
高雄市鼓山區裕興里,2614,292,2567,279,2504,283,-110,-9
高雄市鼓山區裕豐里,2099,142,2013,163,1947,164,-152,22
高雄市鼓山區鼓岩里,869,56,833,44,808,44,-61,-12
高雄市鼓山區樹德里,945,91,921,85,894,81,-51,-10
高雄市鼓山區寶樹里,1531,67,1515,62,1536,66,5,-1
高雄市鼓山區興宗里,1005,71,982,71,938,66,-67,-5
高雄市鼓山區光化里,983,80,956,72,950,76,-33,-4
高雄市鼓山區山下里,1093,106,1081,110,1049,113,-44,7
高雄市鼓山區河邊里,1118,77,1064,77,1014,76,-104,-1
高雄市鼓山區綠川里,1122,120,1067,125,1043,117,-79,-3
高雄市鼓山區登山里,448,26,437,23,428,18,-20,-8
高雄市鼓山區峰南里,663,61,640,60,610,54,-53,-7
高雄市鼓山區麗興里,738,61,711,55,688,63,-50,2
高雄市鼓山區新民里,793,80,772,80,754,78,-39,-2
高雄市鼓山區延平里,598,70,583,60,566,51,-32,-19
高雄市鼓山區維生里,969,74,931,74,902,63,-67,-11
高雄市鼓山區惠安里,916,68,871,65,850,67,-66,-1
高雄市鼓山區壽山里,1090,116,1068,107,1035,107,-55,-9
高雄市鼓山區哨船頭里,816,51,779,59,749,56,-67,5
高雄市鼓山區桃源里,452,38,429,37,409,36,-43,-2
高雄市左營區進學里,2118,79,2106,77,2134,79,16,0
高雄市左營區尾西里,791,51,769,42,748,39,-43,-12
高雄市左營區頂北里,401,31,379,28,381,25,-20,-6
高雄市左營區中北里,468,46,455,37,430,29,-38,-17
高雄市左營區中南里,387,19,373,20,372,22,-15,3
高雄市左營區廟東里,645,52,638,51,648,47,3,-5
高雄市左營區廟北里,649,64,635,56,609,53,-40,-11
高雄市左營區尾南里,574,44,566,50,548,42,-26,-2
高雄市左營區尾北里,2784,231,2769,234,2689,235,-95,4
高雄市左營區屏山里,1227,109,1202,100,1188,94,-39,-15
高雄市左營區祥和里,263,14,267,17,260,14,-3,0
高雄市左營區永清里,613,248,653,237,586,218,-27,-30
高雄市左營區莒光里,1359,159,1330,168,1301,172,-58,13
高雄市左營區光輝里,1912,285,1882,284,1853,289,-59,4
高雄市左營區合群里,1743,213,1765,197,1713,172,-30,-41
高雄市左營區明建里,586,107,586,103,547,95,-39,-12
高雄市左營區頂西里,729,53,707,55,686,35,-43,-18
高雄市左營區聖后里,548,45,535,40,508,36,-40,-9
高雄市左營區聖西里,254,16,254,14,251,14,-3,-2
高雄市左營區聖南里,406,52,393,41,380,44,-26,-8
高雄市左營區城南里,388,26,375,21,372,20,-16,-6
高雄市左營區路東里,565,45,561,38,521,34,-44,-11
高雄市左營區廍北里,310,25,303,25,293,24,-17,-1
高雄市左營區廍南里,468,36,452,32,434,30,-34,-6
高雄市左營區埤西里,657,35,625,34,587,40,-70,5
高雄市左營區埤北里,1005,62,966,61,931,53,-74,-9
高雄市左營區埤東里,742,99,722,96,682,73,-60,-26
高雄市左營區海勝里,4472,357,4394,347,4268,338,-204,-19
高雄市左營區崇實里,2802,495,2826,494,2820,449,18,-46
高雄市左營區自助里,328,23,322,24,519,45,191,22
高雄市左營區果貿里,2066,189,2091,167,2061,171,-5,-18
高雄市左營區果惠里,1153,68,1158,70,1107,70,-46,2
高雄市左營區果峰里,1245,82,1209,76,1150,80,-95,-2
高雄市左營區新下里,11840,1687,12026,1680,12002,1657,162,-30
高雄市左營區新上里,22745,3508,22575,3495,22215,3367,-530,-141
高雄市左營區新中里,4092,664,4027,665,3923,615,-169,-49
高雄市左營區新光里,12219,2308,12300,2264,12252,2211,33,-97
高雄市左營區菜公里,26371,4706,26481,4595,26246,4379,-125,-327
高雄市左營區福山里,32469,6866,32977,6822,33326,6711,857,-155
高雄市楠梓區清豐里,19917,4424,20160,4540,20231,4502,314,78
高雄市楠梓區東寧里,3662,883,3637,884,3755,946,93,63
高雄市楠梓區五常里,5504,965,5554,1001,5702,1059,198,94
高雄市楠梓區享平里,2676,370,2756,420,2726,434,50,64
高雄市楠梓區中陽里,2793,470,2798,495,2778,515,-15,45
高雄市楠梓區惠楠里,2771,276,2737,279,2736,285,-35,9
高雄市楠梓區惠民里,3378,498,3368,533,3328,534,-50,36
高雄市楠梓區惠豐里,4239,539,4198,513,4136,477,-103,-62
高雄市楠梓區錦屏里,2444,196,2375,194,2280,170,-164,-26
高雄市楠梓區玉屏里,1848,183,1795,172,1683,157,-165,-26
高雄市楠梓區金田里,2974,300,3071,323,3219,360,245,60
高雄市楠梓區稔田里,1181,98,1129,97,1086,78,-95,-20
高雄市楠梓區瑞屏里,3053,383,2999,375,2895,373,-158,-10
高雄市楠梓區翠屏里,14686,1474,14683,1561,14676,1587,-10,113
高雄市楠梓區宏南里,519,109,458,104,407,107,-112,-2
高雄市楠梓區宏毅里,1655,533,1586,526,1474,483,-181,-50
高雄市楠梓區宏榮里,2072,525,2018,527,1983,517,-89,-8
高雄市楠梓區廣昌里,2436,308,2413,304,2347,277,-89,-31
高雄市楠梓區久昌里,2464,335,2460,348,2418,355,-46,20
高雄市楠梓區大昌里,1751,225,1718,218,1693,202,-58,-23
高雄市楠梓區福昌里,1677,223,1670,224,1653,235,-24,12
高雄市楠梓區盛昌里,4876,753,4762,737,4684,724,-192,-29
高雄市楠梓區泰昌里,1184,191,1180,180,1147,171,-37,-20
高雄市楠梓區興昌里,3761,659,3772,682,3775,645,14,-14
高雄市楠梓區建昌里,2199,316,2155,321,2107,311,-92,-5
高雄市楠梓區宏昌里,2852,574,2834,571,2830,579,-22,5
高雄市楠梓區和昌里,1624,177,1615,174,1570,187,-54,10
高雄市楠梓區慶昌里,2570,331,2543,353,2481,356,-89,25
高雄市楠梓區隆昌里,2767,402,2693,402,2606,393,-161,-9
高雄市楠梓區秀昌里,1866,240,1837,256,1770,244,-96,4
高雄市楠梓區裕昌里,4162,806,4213,826,4179,852,17,46
高雄市楠梓區國昌里,3044,504,2998,497,2941,496,-103,-8
高雄市楠梓區加昌里,7387,1409,7359,1379,7210,1340,-177,-69
高雄市楠梓區仁昌里,4613,894,4522,894,4466,894,-147,0
高雄市楠梓區藍田里,6332,1535,6624,1646,6958,1738,626,203
高雄市楠梓區中興里,1400,306,1395,278,1391,291,-9,-15
高雄市楠梓區中和里,3002,721,3485,843,3742,990,740,269
高雄市三民區安東里,2211,317,2163,310,2185,316,-26,-1
高雄市三民區安和里,1903,261,1860,266,1780,251,-123,-10
高雄市三民區達德里,984,143,937,140,913,132,-71,-11
高雄市三民區達明里,1112,164,1058,152,1098,178,-14,14
高雄市三民區達仁里,1134,168,1094,149,1054,156,-80,-12
高雄市三民區達勇里,744,78,725,67,681,68,-63,-10
高雄市三民區同德里,2022,218,2017,228,1969,209,-53,-9
高雄市三民區德智里,1691,231,1618,210,1528,191,-163,-40
高雄市三民區德仁里,1486,171,1452,160,1387,161,-99,-10
高雄市三民區安生里,1119,125,1083,108,1035,100,-84,-25
高雄市三民區德東里,597,72,577,66,550,54,-47,-18
高雄市三民區德行里,814,77,804,73,762,70,-52,-7
高雄市三民區精華里,1115,117,1095,118,1065,119,-50,2
高雄市三民區民享里,1523,158,1459,159,1421,158,-102,0
高雄市三民區安宜里,2431,312,2378,284,2309,271,-122,-41
高雄市三民區安泰里,2967,374,2903,352,2809,351,-158,-23
高雄市三民區安邦里,3257,376,2838,359,2814,355,-443,-21
高雄市三民區十全里,1384,159,1385,175,1385,184,1,25
高雄市三民區十美里,1413,165,1350,163,1257,146,-156,-19
高雄市三民區德北里,1516,148,1513,151,1497,145,-19,-3
高雄市三民區立誠里,488,47,472,47,459,46,-29,-1
高雄市三民區立業里,758,82,731,87,688,70,-70,-12
高雄市三民區港東里,1065,80,1034,85,993,75,-72,-5
高雄市三民區港新里,1113,160,1095,160,1059,161,-54,1
高雄市三民區港西里,598,54,585,54,558,48,-40,-6
高雄市三民區博愛里,927,51,897,54,867,57,-60,6
高雄市三民區博惠里,3245,478,3134,480,3067,510,-178,32
高雄市三民區長明里,837,102,828,98,780,93,-57,-9
高雄市三民區建東里,969,70,981,69,936,67,-33,-3
高雄市三民區興德里,1427,107,1424,109,1511,121,84,14
高雄市三民區鳳南里,631,50,600,48,625,54,-6,4
高雄市三民區鳳北里,1047,104,1032,108,982,98,-65,-6
高雄市三民區德西里,664,70,706,68,737,76,73,6
高雄市三民區豐裕里,1976,196,1928,177,1855,159,-121,-37
高雄市三民區川東里,1054,68,1036,67,1002,66,-52,-2
高雄市三民區裕民里,1094,130,1084,128,1074,114,-20,-16
高雄市三民區力行里,886,84,858,70,826,63,-60,-21
高雄市三民區千歲里,853,94,830,87,798,90,-55,-4
高雄市三民區立德里,894,90,901,87,888,73,-6,-17
高雄市三民區千北里,810,89,790,101,753,77,-57,-12
高雄市三民區千秋里,1585,117,1545,122,1498,105,-87,-12
高雄市三民區鼎金里,3342,375,3280,387,3231,375,-111,0
高雄市三民區鼎盛里,6636,1172,6599,1144,6480,1087,-156,-85
高雄市三民區鼎強里,3404,524,3376,523,3257,484,-147,-40
高雄市三民區鼎力里,3193,491,3223,503,3224,510,31,19
高雄市三民區鼎西里,6287,792,6229,751,6077,702,-210,-90
高雄市三民區鼎中里,2865,255,2807,253,2847,260,-18,5
高雄市三民區鼎泰里,19110,3121,19029,3095,18804,3047,-306,-74
高雄市三民區本館里,7421,773,7270,755,7136,747,-285,-26
高雄市三民區本和里,6268,734,6161,723,6073,686,-195,-48
高雄市三民區本文里,1642,179,1601,152,1525,150,-117,-29
高雄市三民區本武里,1359,316,1303,310,1272,294,-87,-22
高雄市三民區本元里,4514,899,4451,889,4346,871,-168,-28
高雄市三民區本安里,4002,965,3903,943,3774,960,-228,-5
高雄市三民區本上里,4085,1085,3936,1144,3811,1138,-274,53
高雄市三民區本揚里,6367,1659,6243,1673,6157,1717,-210,58
高雄市三民區寶獅里,3024,310,2954,308,2820,281,-204,-29
高雄市三民區寶德里,4291,509,4202,502,4074,484,-217,-25
高雄市三民區寶泰里,3440,439,3361,404,3279,374,-161,-65
高雄市三民區寶興里,5585,651,5548,640,5388,620,-197,-31
高雄市三民區寶中里,2455,395,2373,381,2281,349,-174,-46
高雄市三民區寶華里,2704,454,2716,450,2645,462,-59,8
高雄市三民區寶國里,7023,1448,6949,1432,6739,1447,-284,-1
高雄市三民區寶民里,2660,445,2633,451,2541,431,-119,-14
高雄市三民區寶慶里,2296,396,2200,394,2151,383,-145,-13
高雄市三民區寶業里,4811,1022,4852,1034,4869,1091,58,69
高雄市三民區寶盛里,4114,552,4073,508,3946,494,-168,-58
高雄市三民區寶安里,5945,682,5870,657,5747,650,-198,-32
高雄市三民區寶龍里,3415,529,3400,525,3276,497,-139,-32
高雄市三民區寶珠里,5387,445,5656,427,5595,402,208,-43
高雄市三民區寶玉里,7252,1465,7181,1463,7023,1432,-229,-33
高雄市三民區灣子里,3356,322,3332,312,3261,263,-95,-59
高雄市三民區灣愛里,2596,228,2532,202,2458,214,-138,-14
高雄市三民區灣中里,4484,382,4477,380,4423,336,-61,-46
高雄市三民區灣華里,2210,163,2187,148,2114,119,-96,-44
高雄市三民區灣勝里,1427,137,1399,131,1361,119,-66,-18
高雄市三民區灣利里,2455,250,2397,241,2322,223,-133,-27
高雄市三民區灣復里,3072,270,3016,256,2957,245,-115,-25
高雄市三民區正興里,10453,1627,10443,1657,10381,1644,-72,17
高雄市三民區正順里,3327,537,3257,516,3132,493,-195,-44
高雄市三民區灣興里,1523,289,1516,294,1456,259,-67,-30
高雄市三民區灣成里,1969,209,1993,203,2050,208,81,-1
高雄市三民區安康里,2178,231,2146,233,2066,219,-112,-12
高雄市三民區安寧里,1400,147,1381,147,1355,133,-45,-14
高雄市三民區安吉里,3815,576,3745,549,3613,535,-202,-41
高雄市三民區安發里,3723,517,3632,488,3469,493,-254,-24
高雄市新興區浩然里,1354,104,1341,99,1296,104,-58,0
高雄市新興區振成里,783,67,768,70,747,55,-36,-12
高雄市新興區德生里,2412,348,2357,347,2271,364,-141,16
高雄市新興區振華里,794,96,765,98,732,85,-62,-11
高雄市新興區正氣里,978,84,945,71,905,65,-73,-19
高雄市新興區德政里,489,50,481,42,470,39,-19,-11
高雄市新興區仁聲里,783,69,781,68,776,66,-7,-3
高雄市新興區德望里,1467,174,1450,170,1377,179,-90,5
高雄市新興區華聲里,729,76,700,67,659,61,-70,-15
高雄市新興區蕉園里,548,63,540,64,523,58,-25,-5
高雄市新興區永寧里,1015,115,1000,104,959,98,-56,-17
高雄市新興區玉衡里,614,41,573,42,553,46,-61,5
高雄市新興區順昌里,1551,345,1554,367,1546,377,-5,32
高雄市新興區文昌里,2127,473,2176,503,2177,530,50,57
高雄市新興區光耀里,1802,378,1766,388,1709,398,-93,20
高雄市新興區興昌里,1279,245,1244,260,1206,252,-73,7
高雄市新興區開平里,2824,517,2771,523,2652,523,-172,6
高雄市新興區成功里,983,80,1009,96,995,103,12,23
高雄市新興區新江里,887,102,877,101,839,103,-48,1
高雄市新興區黎明里,673,64,656,59,635,51,-38,-13
高雄市新興區愛平里,779,83,748,84,730,89,-49,6
高雄市新興區南港里,1477,183,1432,181,1387,188,-90,5
高雄市新興區中東里,2263,316,2229,342,2145,334,-118,18
高雄市新興區明莊里,551,28,563,35,528,36,-23,8
高雄市新興區大明里,809,72,788,72,750,67,-59,-5
高雄市新興區秋山里,679,51,723,57,735,55,56,4
高雄市新興區長驛里,774,71,773,71,750,68,-24,-3
高雄市新興區建興里,745,59,735,47,718,47,-27,-12
高雄市新興區建華里,627,36,607,29,585,26,-42,-10
高雄市新興區漢民里,518,48,505,54,507,53,-11,5
高雄市新興區榮治里,605,65,575,56,552,50,-53,-15
高雄市新興區東坡里,885,75,846,67,824,56,-61,-19
高雄市前金區三川里,513,50,500,47,482,34,-31,-16
高雄市前金區草江里,775,69,765,69,725,62,-50,-7
高雄市前金區長城里,1049,89,1042,82,1013,75,-36,-14
高雄市前金區北金里,651,59,624,49,612,46,-39,-13
高雄市前金區東金里,746,64,720,69,706,71,-40,7
高雄市前金區新生里,2939,347,2907,362,2842,353,-97,6
高雄市前金區後金里,501,41,499,42,461,43,-40,2
高雄市前金區長興里,852,87,884,93,838,94,-14,7
高雄市前金區青山里,1376,124,1431,132,1410,122,34,-2
高雄市前金區民生里,569,66,561,75,539,52,-30,-14
高雄市前金區復元里,686,84,665,77,701,78,15,-6
高雄市前金區林投里,757,62,744,65,762,86,5,24
高雄市前金區國民里,714,83,702,91,673,88,-41,5
高雄市前金區社東里,1090,149,1071,167,1016,155,-74,6
高雄市前金區社西里,832,108,810,86,796,81,-36,-27
高雄市前金區博孝里,800,77,803,77,785,65,-15,-12
高雄市前金區長生里,1272,110,1228,100,1188,110,-84,0
高雄市前金區榮復里,826,80,802,75,777,78,-49,-2
高雄市前金區文西里,660,58,687,61,685,67,25,9
高雄市前金區文東里,903,76,885,69,841,64,-62,-12
高雄市苓雅區博仁里,581,49,575,53,547,56,-34,7
高雄市苓雅區苓洲里,1183,89,1171,79,1153,74,-30,-15
高雄市苓雅區苓昇里,936,73,906,70,881,61,-55,-12
高雄市苓雅區苓中里,1377,128,1340,129,1273,106,-104,-22
高雄市苓雅區苓雅里,1112,94,1083,101,1058,99,-54,5
高雄市苓雅區苓東里,1169,84,1128,75,1087,65,-82,-19
高雄市苓雅區城北里,1208,141,1240,140,1253,149,45,8
高雄市苓雅區城西里,443,52,413,48,386,52,-57,0
高雄市苓雅區城東里,1574,189,1549,167,1506,173,-68,-16
高雄市苓雅區意誠里,3121,322,3056,304,2960,310,-161,-12
高雄市苓雅區鼓中里,688,80,670,75,657,66,-31,-14
高雄市苓雅區田西里,991,106,972,105,956,111,-35,5
高雄市苓雅區人和里,1356,135,1355,142,1304,135,-52,0
高雄市苓雅區仁政里,946,70,921,71,867,69,-79,-1
高雄市苓雅區廣澤里,1315,136,1293,139,1255,133,-60,-3
高雄市苓雅區美田里,857,97,858,89,835,88,-22,-9
高雄市苓雅區華堂里,2397,191,2335,199,2292,193,-105,2
高雄市苓雅區日中里,1626,139,1597,132,1548,114,-78,-25
高雄市苓雅區普照里,2410,309,2355,307,2331,291,-79,-18
高雄市苓雅區和煦里,1574,254,1536,260,1502,265,-72,11
高雄市苓雅區晴朗里,1811,147,2001,197,2076,223,265,76
高雄市苓雅區普天里,2666,471,2659,451,2686,493,20,22
高雄市苓雅區林富里,1616,490,1622,521,1673,598,57,108
高雄市苓雅區林圍里,1862,641,1849,648,1787,645,-75,4
高雄市苓雅區林安里,1167,371,1158,383,1125,365,-42,-6
高雄市苓雅區光華里,533,48,516,47,500,55,-33,7
高雄市苓雅區林興里,997,122,968,117,951,129,-46,7
高雄市苓雅區林華里,2158,254,2095,232,2008,222,-150,-32
高雄市苓雅區林西里,1175,86,1147,90,1121,91,-54,5
高雄市苓雅區林中里,2153,181,2094,179,2019,145,-134,-36
高雄市苓雅區林泉里,1479,411,1466,447,1432,481,-47,70
高雄市苓雅區林南里,2277,634,2191,669,2121,680,-156,46
高雄市苓雅區中正里,2291,730,2267,761,2209,743,-82,13
高雄市苓雅區尚義里,1220,344,1193,345,1179,369,-41,25
高雄市苓雅區同慶里,1976,882,1902,867,1882,874,-94,-8
高雄市苓雅區凱旋里,1735,376,1751,406,1717,412,-18,36
高雄市苓雅區安祥里,1666,278,1688,320,1754,373,88,95
高雄市苓雅區奏捷里,1221,181,1188,190,1180,204,-41,23
高雄市苓雅區福壽里,1142,70,1137,77,1089,74,-53,4
高雄市苓雅區福南里,1355,112,1308,90,1235,83,-120,-29
高雄市苓雅區五權里,1709,138,1714,138,1645,129,-64,-9
高雄市苓雅區民主里,2977,275,2900,265,2813,253,-164,-22
高雄市苓雅區林德里,1409,92,1373,107,1312,99,-97,7
高雄市苓雅區林貴里,1493,201,1466,205,1431,188,-62,-13
高雄市苓雅區林榮里,3171,392,3088,365,2969,352,-202,-40
高雄市苓雅區英明里,1531,199,1464,178,1383,158,-148,-41
高雄市苓雅區林靖里,1190,101,1154,105,1107,104,-83,3
高雄市苓雅區朝陽里,1127,125,1087,119,1041,118,-86,-7
高雄市苓雅區福隆里,1941,225,1884,216,1806,219,-135,-6
高雄市苓雅區福祥里,999,97,971,92,939,91,-60,-6
高雄市苓雅區福海里,831,81,790,69,780,66,-51,-15
高雄市苓雅區福康里,1439,167,1414,169,1368,157,-71,-10
高雄市苓雅區福人里,1648,159,1615,162,1535,148,-113,-11
高雄市苓雅區福地里,2137,201,2072,199,2018,200,-119,-1
高雄市苓雅區福居里,2104,229,2015,226,1957,210,-147,-19
高雄市苓雅區福東里,2158,224,2114,214,2046,180,-112,-44
高雄市苓雅區福西里,1436,133,1414,123,1351,117,-85,-16
高雄市苓雅區永康里,1713,141,1653,138,1612,130,-101,-11
高雄市苓雅區正文里,1710,192,1700,196,1772,226,62,34
高雄市苓雅區正言里,2286,218,2223,203,2117,199,-169,-19
高雄市苓雅區正大里,4231,559,4151,552,4002,535,-229,-24
高雄市苓雅區五福里,2932,260,2846,238,2714,214,-218,-46
高雄市苓雅區正心里,2744,316,2686,300,2578,281,-166,-35
高雄市苓雅區正道里,3321,385,3254,381,3164,368,-157,-17
高雄市苓雅區正義里,2029,326,1971,306,1916,294,-113,-32
高雄市苓雅區正仁里,2124,243,2027,237,1954,235,-170,-8
高雄市苓雅區文昌里,2994,428,2886,416,2784,385,-210,-43
高雄市苓雅區建軍里,1614,178,1584,172,1563,172,-51,-6
高雄市苓雅區衛武里,1544,117,1516,115,1446,110,-98,-7
高雄市前鎮區草衙里,8322,971,8199,939,8046,920,-276,-51
高雄市前鎮區明孝里,1988,238,1931,235,1892,232,-96,-6
高雄市前鎮區明正里,4298,546,4272,542,4200,499,-98,-47
高雄市前鎮區明義里,1879,246,1836,252,1825,234,-54,-12
高雄市前鎮區仁愛里,1042,112,1012,106,984,101,-58,-11
高雄市前鎮區德昌里,1539,151,1491,146,1473,126,-66,-25
高雄市前鎮區平等里,2332,233,2357,206,2385,223,53,-10
高雄市前鎮區平昌里,500,67,498,65,494,65,-6,-2
高雄市前鎮區明禮里,1155,131,1113,120,1092,125,-63,-6
高雄市前鎮區信義里,1159,89,1127,80,1110,83,-49,-6
高雄市前鎮區信德里,1839,167,1841,160,1803,173,-36,6
高雄市前鎮區明道里,828,80,804,71,799,69,-29,-11
高雄市前鎮區興化里,555,36,522,39,515,32,-40,-4
高雄市前鎮區興仁里,553,43,554,51,529,41,-24,-2
高雄市前鎮區前鎮里,1038,90,1027,106,1010,93,-28,3
高雄市前鎮區鎮東里,1340,80,1291,79,1258,75,-82,-5
高雄市前鎮區鎮榮里,1788,168,1682,153,1600,152,-188,-16
高雄市前鎮區鎮昌里,1641,177,1613,173,1578,149,-63,-28
高雄市前鎮區鎮海里,3420,396,3386,378,3271,328,-149,-68
高雄市前鎮區鎮陽里,718,54,707,61,675,56,-43,2
高雄市前鎮區興邦里,2515,304,2502,291,2451,278,-64,-26
高雄市前鎮區鎮中里,570,46,643,54,625,55,55,9
高雄市前鎮區鎮北里,878,62,880,62,859,56,-19,-6
高雄市前鎮區忠純里,3859,395,4098,436,4043,411,184,16
高雄市前鎮區忠誠里,1710,224,1675,226,1597,201,-113,-23
高雄市前鎮區西山里,2718,222,2636,205,2497,199,-221,-23
高雄市前鎮區民權里,3386,621,3309,572,3178,557,-208,-64
高雄市前鎮區建隆里,1016,118,996,107,981,112,-35,-6
高雄市前鎮區振興里,1914,162,1886,157,1853,149,-61,-13
高雄市前鎮區良和里,2332,209,2275,204,2188,195,-144,-14
高雄市前鎮區西甲里,1638,154,1620,146,1611,132,-27,-22
高雄市前鎮區盛興里,2189,182,2149,179,2067,188,-122,6
高雄市前鎮區盛豐里,2404,221,2352,234,2285,238,-119,17
高雄市前鎮區興中里,2556,216,2502,241,2410,227,-146,11
高雄市前鎮區興東里,4639,662,4642,692,4596,708,-43,46
高雄市前鎮區忠孝里,2210,215,2274,220,2341,260,131,45
高雄市前鎮區復國里,2137,232,2083,224,2036,204,-101,-28
高雄市前鎮區竹內里,2199,346,2166,321,2113,313,-86,-33
高雄市前鎮區竹東里,1771,226,1714,227,1665,211,-106,-15
高雄市前鎮區竹南里,5962,1443,5949,1418,5915,1340,-47,-103
高雄市前鎮區竹北里,1840,209,1852,215,1925,247,85,38
高雄市前鎮區竹西里,3469,486,3372,475,3222,425,-247,-61
高雄市前鎮區竹中里,2677,381,2706,393,2682,408,5,27
高雄市前鎮區瑞竹里,1385,307,1356,306,1307,290,-78,-17
高雄市前鎮區瑞南里,4015,841,3970,846,3885,829,-130,-12
高雄市前鎮區瑞豐里,2380,512,2312,504,2286,470,-94,-42
高雄市前鎮區瑞祥里,4190,919,4088,872,3933,815,-257,-104
高雄市前鎮區瑞東里,1938,366,1911,358,1888,343,-50,-23
高雄市前鎮區瑞和里,1604,325,1578,302,1548,280,-56,-45
高雄市前鎮區瑞平里,3090,629,3047,582,2946,554,-144,-75
高雄市前鎮區瑞隆里,2985,424,2950,406,2835,390,-150,-34
高雄市前鎮區瑞北里,2684,237,2648,233,2603,236,-81,-1
高雄市前鎮區瑞西里,1997,196,1952,184,1915,177,-82,-19
高雄市前鎮區瑞崗里,2097,181,2051,182,1963,186,-134,5
高雄市前鎮區瑞興里,2057,236,2005,220,1975,222,-82,-14
高雄市前鎮區瑞誠里,2195,198,2133,206,2083,198,-112,0
高雄市前鎮區瑞文里,2064,210,2002,191,1953,178,-111,-32
高雄市前鎮區瑞華里,3870,427,3800,396,3714,374,-156,-53
高雄市前鎮區瑞昌里,2698,363,2679,370,2632,352,-66,-11
高雄市旗津區旗下里,960,79,955,77,939,66,-21,-13
高雄市旗津區永安里,928,98,902,90,881,82,-47,-16
高雄市旗津區振興里,1357,149,1297,128,1262,126,-95,-23
高雄市旗津區慈愛里,1995,200,1966,186,1906,178,-89,-22
高雄市旗津區復興里,2565,279,2529,240,2493,247,-72,-32
高雄市旗津區中華里,1384,168,1318,158,1284,145,-100,-23
高雄市旗津區實踐里,1141,120,1151,99,1169,92,28,-28
高雄市旗津區北汕里,2302,273,2289,268,2238,236,-64,-37
高雄市旗津區南汕里,1736,127,1720,126,1685,127,-51,0
高雄市旗津區上竹里,2373,303,2362,296,2299,274,-74,-29
高雄市旗津區中洲里,1547,118,1495,108,1474,109,-73,-9
高雄市旗津區安順里,724,66,707,59,688,47,-36,-19
高雄市旗津區中興里,2186,249,2145,232,2098,238,-88,-11
高雄市小港區小港里,1913,299,1879,278,1831,249,-82,-50
高雄市小港區港口里,2643,328,2547,356,2467,352,-176,24
高雄市小港區港正里,2096,342,2048,339,1998,331,-98,-11
高雄市小港區港墘里,1489,180,1434,175,1379,161,-110,-19
高雄市小港區港明里,2708,404,2636,390,2554,349,-154,-55
高雄市小港區港后里,2261,378,2223,369,2163,350,-98,-28
高雄市小港區港南里,2135,271,2390,348,2389,367,254,96
高雄市小港區港興里,1854,249,1825,245,1783,237,-71,-12
高雄市小港區鳳宮里,2324,387,2300,381,2291,379,-33,-8
高雄市小港區店鎮里,5172,713,5131,711,4960,655,-212,-58
高雄市小港區大苓里,2135,260,2087,271,2027,264,-108,4
高雄市小港區二苓里,3180,417,3100,397,3017,405,-163,-12
高雄市小港區三苓里,2453,270,2398,256,2290,244,-163,-26
高雄市小港區正苓里,3654,593,3544,542,3439,542,-215,-51
高雄市小港區順苓里,4021,696,3934,670,3842,649,-179,-47
高雄市小港區六苓里,2349,474,2325,454,2247,415,-102,-59
高雄市小港區宏亮里,2932,497,2866,485,2807,484,-125,-13
高雄市小港區山東里,2522,343,2494,338,2412,336,-110,-7
高雄市小港區青島里,1980,219,1989,201,1936,188,-44,-31
高雄市小港區濟南里,3635,489,3608,502,3565,475,-70,-14
高雄市小港區泰山里,2885,452,2858,454,2786,422,-99,-30
高雄市小港區山明里,10428,1844,10288,1809,10179,1759,-249,-85
高雄市小港區高松里,3378,477,3407,466,3467,492,89,15
高雄市小港區松金里,2279,346,2229,331,2166,320,-113,-26
高雄市小港區松山里,2688,391,2634,371,2602,355,-86,-36
高雄市小港區大坪里,2456,331,2476,318,2499,308,43,-23
高雄市小港區坪頂里,5381,792,5442,788,5428,769,47,-23
高雄市小港區孔宅里,4074,515,4137,526,4106,525,32,10
高雄市小港區廈莊里,3258,547,3358,579,3460,621,202,74
高雄市小港區合作里,2209,335,2173,320,2151,310,-58,-25
高雄市小港區桂林里,7095,1106,7006,1079,6852,1061,-243,-45
高雄市小港區中厝里,3225,452,3234,453,3190,471,-35,19
高雄市小港區鳳鳴里,2709,269,2682,247,2659,236,-50,-33
高雄市小港區龍鳳里,2690,280,2652,264,2636,260,-54,-20
高雄市小港區鳳森里,1900,188,1886,196,1842,191,-58,3
高雄市小港區鳳林里,2613,269,2578,256,2567,254,-46,-15
高雄市小港區鳳興里,2208,249,2183,235,2158,226,-50,-23
高雄市小港區鳳源里,3222,369,3185,334,3152,332,-70,-37
高雄市鳳山區縣口里,316,36,286,36,288,35,-28,-1
高雄市鳳山區成功里,453,57,425,50,416,47,-37,-10
高雄市鳳山區光明里,1059,114,1029,124,984,118,-75,4
高雄市鳳山區興中里,779,130,745,131,734,138,-45,8
高雄市鳳山區南興里,693,136,690,141,674,135,-19,-1
高雄市鳳山區和德里,1780,496,1768,503,1719,492,-61,-4
高雄市鳳山區鳳崗里,852,129,833,117,788,104,-64,-25
高雄市鳳山區中和里,2844,303,2797,323,2688,322,-156,19
高雄市鳳山區鎮北里,8163,1205,8693,1292,9114,1341,951,136
高雄市鳳山區縣衙里,672,79,638,66,622,75,-50,-4
高雄市鳳山區文英里,3089,361,3033,368,3002,363,-87,2
高雄市鳳山區鎮西里,4077,497,3950,484,3825,471,-252,-26
高雄市鳳山區鎮東里,2078,288,2035,268,2008,244,-70,-44
高雄市鳳山區埤頂里,5139,860,5106,828,4988,810,-151,-50
高雄市鳳山區中正里,3114,475,3114,502,3176,510,62,35
高雄市鳳山區瑞竹里,4180,778,4179,809,4167,780,-13,2
高雄市鳳山區忠義里,3962,415,3896,388,3777,387,-185,-28
高雄市鳳山區誠義里,3447,310,3451,292,3412,258,-35,-52
高雄市鳳山區新興里,2084,162,2705,184,2820,172,736,10
高雄市鳳山區海光里,2580,343,2534,345,2428,331,-152,-12
高雄市鳳山區忠誠里,2978,376,2921,387,2822,371,-156,-5
高雄市鳳山區東門里,4519,631,4482,614,4390,580,-129,-51
高雄市鳳山區瑞興里,4314,673,4275,675,4219,654,-95,-19
高雄市鳳山區鳳東里,5336,1021,5353,992,5341,988,5,-33
高雄市鳳山區文德里,7917,854,7876,807,7743,778,-174,-76
高雄市鳳山區曹公里,1544,177,1480,167,1483,176,-61,-1
高雄市鳳山區興仁里,2838,479,2733,447,2663,450,-175,-29
高雄市鳳山區忠孝里,4808,591,4689,589,4575,593,-233,2
高雄市鳳山區生明里,1739,183,1718,168,1687,167,-52,-16
高雄市鳳山區和興里,4142,1123,4038,1126,3865,1071,-277,-52
高雄市鳳山區協和里,2861,426,2787,433,2685,425,-176,-1
高雄市鳳山區文山里,5390,657,5375,700,5248,685,-142,28
高雄市鳳山區誠德里,2146,317,2173,330,2146,299,0,-18
高雄市鳳山區三民里,799,119,800,130,781,145,-18,26
高雄市鳳山區北門里,3450,492,3403,501,3312,471,-138,-21
高雄市鳳山區文華里,7110,1552,7085,1546,6980,1450,-130,-102
高雄市鳳山區武松里,2277,189,2233,169,2170,156,-107,-33
高雄市鳳山區文衡里,3652,454,3650,458,3590,445,-62,-9
高雄市鳳山區文福里,8647,1670,8533,1671,8588,1725,-59,55
高雄市鳳山區誠信里,1925,212,1914,213,1883,193,-42,-19
高雄市鳳山區誠智里,2372,236,2344,227,2318,231,-54,-5
高雄市鳳山區鎮南里,4143,418,4070,419,3982,372,-161,-46
高雄市鳳山區老爺里,5940,664,5855,645,5712,635,-228,-29
高雄市鳳山區新甲里,2512,443,2456,422,2554,439,42,-4
高雄市鳳山區武漢里,4114,587,3977,536,3919,555,-195,-32
高雄市鳳山區正義里,5236,621,5151,622,5020,570,-216,-51
高雄市鳳山區一甲里,2742,277,2662,252,2589,239,-153,-38
高雄市鳳山區福興里,4928,948,4859,953,4715,961,-213,13
高雄市鳳山區天興里,2939,415,2907,431,2851,468,-88,53
高雄市鳳山區新強里,4654,897,4585,847,4529,826,-125,-71
高雄市鳳山區國泰里,3004,306,2848,278,2789,268,-215,-38
高雄市鳳山區新富里,3520,531,3407,535,3355,523,-165,-8
高雄市鳳山區國光里,2649,282,2528,284,2460,263,-189,-19
高雄市鳳山區國隆里,2055,211,1991,205,1888,200,-167,-11
高雄市鳳山區過埤里,12462,2390,12652,2461,12704,2475,242,85
高雄市鳳山區五福里,2484,497,2432,506,2412,531,-72,34
高雄市鳳山區福誠里,3955,787,4001,800,4023,825,68,38
高雄市鳳山區富甲里,2126,176,1491,141,1466,127,-660,-49
高雄市鳳山區南成里,7157,1688,7141,1708,7370,1716,213,28
高雄市鳳山區大德里,3792,646,3745,654,3706,631,-86,-15
高雄市鳳山區國富里,2281,244,2226,240,2160,232,-121,-12
高雄市鳳山區武慶里,1991,297,1952,282,1910,290,-81,-7
高雄市鳳山區海洋里,3404,491,3344,484,3263,485,-141,-6
高雄市鳳山區新武里,1928,319,1889,317,1859,293,-69,-26
高雄市鳳山區新樂里,4018,581,3957,585,3842,585,-176,4
高雄市鳳山區新泰里,3770,679,3710,665,3638,636,-132,-43
高雄市鳳山區中崙里,2222,203,2168,176,2096,166,-126,-37
高雄市鳳山區中榮里,4030,295,3998,307,3892,302,-138,7
高雄市鳳山區中民里,4106,322,4032,317,3938,282,-168,-40
高雄市鳳山區二甲里,3911,729,3865,677,3801,631,-110,-98
高雄市鳳山區龍成里,2398,244,2337,233,2229,213,-169,-31
高雄市鳳山區富榮里,2163,337,2124,316,2087,321,-76,-16
高雄市鳳山區善美里,4849,472,4807,461,4727,445,-122,-27
高雄市鳳山區南和里,2308,307,2237,282,2173,267,-135,-40
高雄市鳳山區福祥里,2331,414,2276,387,2246,364,-85,-50
高雄市鳳山區保安里,5929,1845,6115,1857,6109,1787,180,-58
高雄市林園區東林里,2447,434,2418,410,2411,405,-36,-29
高雄市林園區林園里,2674,435,2608,427,2582,431,-92,-4
高雄市林園區溪州里,3570,520,3561,504,3615,497,45,-23
高雄市林園區潭頭里,2462,275,2441,248,2376,236,-86,-39
高雄市林園區中厝里,2575,316,2585,278,2606,274,31,-42
高雄市林園區中門里,2152,257,2123,246,2098,241,-54,-16
高雄市林園區頂厝里,4015,554,4016,556,4009,546,-6,-8
高雄市林園區港埔里,1556,154,1517,162,1501,150,-55,-4
高雄市林園區西溪里,3089,361,3026,360,2960,340,-129,-21
高雄市林園區港嘴里,1477,185,1459,174,1435,160,-42,-25
高雄市林園區北汕里,1362,138,1340,133,1309,121,-53,-17
高雄市林園區林內里,1771,242,1759,249,1723,252,-48,10
高雄市林園區王公里,3692,594,3666,579,3630,554,-62,-40
高雄市林園區林家里,1105,90,1087,100,1082,107,-23,17
高雄市林園區龔厝里,1650,175,1667,177,1642,186,-8,11
高雄市林園區鳳芸里,1505,201,1473,190,1457,169,-48,-32
高雄市林園區中芸里,1564,163,1523,164,1486,147,-78,-16
高雄市林園區東汕里,744,62,745,62,734,58,-10,-4
高雄市林園區西汕里,646,53,629,48,613,53,-33,0
高雄市林園區仁愛里,2587,431,2539,417,2496,412,-91,-19
高雄市林園區文賢里,2099,237,2090,228,2065,255,-34,18
高雄市林園區廣應里,3029,467,3009,456,2939,444,-90,-23
高雄市林園區五福里,2326,368,2354,385,2358,382,32,14
高雄市林園區中汕里,2015,206,1982,192,1942,177,-73,-29
高雄市大寮區拷潭里,1228,114,1200,113,1159,113,-69,-1
高雄市大寮區內坑里,5222,728,5208,729,5137,683,-85,-45
高雄市大寮區大寮里,5960,814,5913,806,5821,794,-139,-20
高雄市大寮區上寮里,2149,272,2107,260,2084,271,-65,-1
高雄市大寮區三隆里,3991,452,3944,455,3912,478,-79,26
高雄市大寮區琉球里,3903,419,3909,411,3936,413,33,-6
高雄市大寮區翁園里,3491,440,3476,439,3428,432,-63,-8
高雄市大寮區前庄里,1977,174,1952,190,1906,188,-71,14
高雄市大寮區中庄里,9549,1345,9351,1363,9235,1340,-314,-5
高雄市大寮區後庄里,6758,938,6723,904,6673,881,-85,-57
高雄市大寮區義仁里,1528,140,1496,129,1483,135,-45,-5
高雄市大寮區新厝里,1406,159,1400,164,1389,157,-17,-2
高雄市大寮區過溪里,2202,227,2203,226,2178,222,-24,-5
高雄市大寮區潮寮里,2576,249,2509,240,2469,252,-107,3
高雄市大寮區會結里,1335,121,1322,141,1307,141,-28,20
高雄市大寮區會社里,5324,659,5359,655,5304,650,-20,-9
高雄市大寮區山頂里,6652,766,6573,734,6500,670,-152,-96
高雄市大寮區忠義里,431,19,420,21,409,21,-22,2
高雄市大寮區永芳里,5999,794,5905,730,5815,714,-184,-80
高雄市大寮區義和里,1784,177,1775,176,1752,191,-32,14
高雄市大寮區溪寮里,1312,141,1287,127,1304,127,-8,-14
高雄市大寮區江山里,1614,191,1604,208,1576,202,-38,11
高雄市大寮區昭明里,3162,303,3151,317,3163,319,1,16
高雄市大寮區光武里,153,7,142,7,110,1,-43,-6
高雄市大寮區中興里,5753,408,5679,397,5580,391,-173,-17
高雄市大樹區竹寮里,2336,259,2334,252,2290,250,-46,-9
高雄市大樹區九曲里,4500,604,4496,588,4505,578,5,-26
高雄市大樹區久堂里,3409,377,3361,393,3321,351,-88,-26
高雄市大樹區水安里,1944,219,1920,210,1904,198,-40,-21
高雄市大樹區水寮里,1855,215,1815,207,1763,197,-92,-18
高雄市大樹區檨腳里,2921,333,2888,337,2851,328,-70,-5
高雄市大樹區興山里,901,134,876,124,850,114,-51,-20
高雄市大樹區和山里,837,72,823,68,806,61,-31,-11
高雄市大樹區姑山里,759,88,754,85,755,60,-4,-28
高雄市大樹區大坑里,1227,156,1229,145,1177,148,-50,-8
高雄市大樹區井腳里,1300,140,1278,142,1242,130,-58,-10
高雄市大樹區小坪里,1115,139,1093,122,1079,124,-36,-15
高雄市大樹區龍目里,1505,133,1477,129,1446,134,-59,1
高雄市大樹區大樹里,2106,244,2086,240,2063,251,-43,7
高雄市大樹區三和里,792,90,795,92,780,80,-12,-10
高雄市大樹區溪埔里,1276,162,1251,172,1230,166,-46,4
高雄市大樹區興田里,1582,133,1559,116,1507,99,-75,-34
高雄市大樹區統嶺里,558,36,549,35,539,31,-19,-5
高雄市大社區嘉誠里,771,93,745,83,722,88,-49,-5
高雄市大社區保社里,2860,263,2865,236,2856,241,-4,-22
高雄市大社區大社里,4329,472,4220,447,4134,425,-195,-47
高雄市大社區翠屏里,1449,157,1420,146,1370,139,-79,-18
高雄市大社區三奶里,2275,247,2262,234,2229,248,-46,1
高雄市大社區觀音里,4724,571,4663,561,4642,544,-82,-27
高雄市大社區神農里,4423,527,4334,516,4277,496,-146,-31
高雄市大社區中里里,2751,300,2714,279,2647,269,-104,-31
高雄市大社區保安里,2750,337,2689,331,2643,348,-107,11
高雄市仁武區大灣里,3755,457,3756,449,3911,459,156,2
高雄市仁武區灣內里,7007,1132,7041,1206,7123,1232,116,100
高雄市仁武區考潭里,2150,195,2132,210,2095,222,-55,27
高雄市仁武區烏林里,3295,484,3295,498,3210,467,-85,-17
高雄市仁武區仁福里,682,53,688,50,704,52,22,-1
高雄市仁武區仁武里,4738,680,4710,664,4633,636,-105,-44
高雄市仁武區文武里,7902,1321,7941,1340,7935,1269,33,-52
高雄市仁武區竹後里,1855,169,1818,168,1774,163,-81,-6
高雄市仁武區八卦里,15048,1984,15375,1937,16088,1997,1040,13
高雄市仁武區高楠里,1709,165,1972,229,2170,312,461,147
高雄市仁武區後安里,2133,325,2114,299,2133,302,0,-23
高雄市仁武區中華里,1420,106,1375,108,1342,104,-78,-2
高雄市仁武區五和里,4347,619,4536,626,4649,636,302,17
高雄市仁武區仁和里,3403,574,3412,566,3437,510,34,-64
高雄市仁武區赤山里,5722,946,5871,959,6049,933,327,-13
高雄市仁武區仁慈里,1896,224,1882,242,1836,224,-60,0
高雄市鳥松區鳥松里,8898,927,8919,907,8818,855,-80,-72
高雄市鳥松區夢裡里,4057,382,4079,368,4073,362,16,-20
高雄市鳥松區大華里,8172,817,8076,861,7895,899,-277,82
高雄市鳥松區坔埔里,3015,297,2980,315,2903,290,-112,-7
高雄市鳥松區仁美里,5446,576,5357,582,5279,544,-167,-32
高雄市鳥松區大竹里,561,66,553,57,528,59,-33,-7
高雄市鳥松區華美里,3393,432,3301,420,3197,404,-196,-28
高雄市岡山區平安里,875,128,837,123,798,117,-77,-11
高雄市岡山區岡山里,3760,557,3734,557,3683,581,-77,24
高雄市岡山區壽天里,2750,625,2687,616,2637,613,-113,-12
高雄市岡山區維仁里,798,105,769,120,758,116,-40,11
高雄市岡山區後紅里,3776,449,3754,445,3744,443,-32,-6
高雄市岡山區大遼里,1088,105,1057,102,1104,111,16,6
高雄市岡山區忠孝里,2203,416,2224,450,2155,435,-48,19
高雄市岡山區和平里,274,34,260,32,252,38,-22,4
高雄市岡山區前峰里,2376,347,2354,322,2338,305,-38,-42
高雄市岡山區劉厝里,1173,129,1152,126,1141,133,-32,4
高雄市岡山區協和里,3201,426,3159,427,3094,408,-107,-18
高雄市岡山區後協里,4852,612,4777,610,4677,584,-175,-28
高雄市岡山區信義里,1315,171,1293,144,1277,157,-38,-14
高雄市岡山區潭底里,648,73,640,88,625,77,-23,4
高雄市岡山區三和里,731,78,728,74,705,77,-26,-1
高雄市岡山區仁壽里,2738,291,2690,290,2631,293,-107,2
高雄市岡山區碧紅里,3418,460,3377,454,3311,434,-107,-26
高雄市岡山區程香里,3701,482,3677,455,3642,462,-59,-20
高雄市岡山區竹圍里,6328,1435,6344,1436,6363,1392,35,-43
高雄市岡山區台上里,5107,1102,5274,1118,5311,1110,204,8
高雄市岡山區灣裡里,1652,243,1644,250,1637,233,-15,-10
高雄市岡山區白米里,1650,216,1654,210,1719,218,69,2
高雄市岡山區石潭里,1636,216,1637,211,1606,194,-30,-22
高雄市岡山區福興里,866,100,867,102,846,93,-20,-7
高雄市岡山區本洲里,1487,209,1462,195,1441,182,-46,-27
高雄市岡山區嘉興里,2853,343,2795,327,2759,317,-94,-26
高雄市岡山區嘉峰里,1505,180,1507,182,1475,177,-30,-3
高雄市岡山區華崗里,1360,164,1336,169,1306,152,-54,-12
高雄市岡山區大莊里,817,152,823,160,807,148,-10,-4
高雄市岡山區協榮里,1818,199,1760,190,1714,183,-104,-16
高雄市岡山區為隨里,540,115,535,102,534,107,-6,-8
高雄市岡山區壽峰里,1958,331,1923,330,1887,326,-71,-5
高雄市岡山區仁義里,1310,195,1267,199,1216,220,-94,25
高雄市橋頭區橋頭里,1731,283,1742,280,1695,236,-36,-47
高雄市橋頭區橋南里,823,112,802,114,783,108,-40,-4
高雄市橋頭區仕隆里,1888,218,1833,216,1785,200,-103,-18
高雄市橋頭區仕豐里,2073,275,2184,295,2149,279,76,4
高雄市橋頭區芋寮里,997,85,991,95,961,93,-36,8
高雄市橋頭區東林里,1979,256,1904,241,1883,241,-96,-15
高雄市橋頭區西林里,1081,129,1050,119,1033,110,-48,-19
高雄市橋頭區白樹里,2892,453,2836,446,2789,438,-103,-15
高雄市橋頭區筆秀里,1306,143,1291,148,1256,143,-50,0
高雄市橋頭區新莊里,2218,289,2961,392,3598,515,1380,226
高雄市橋頭區甲北里,1655,148,1624,135,1615,142,-40,-6
高雄市橋頭區甲南里,2019,188,1953,178,1959,174,-60,-14
高雄市橋頭區頂鹽里,1191,76,1160,72,1135,50,-56,-26
高雄市橋頭區中崎里,545,43,532,38,522,46,-23,3
高雄市橋頭區仕和里,3150,376,3063,356,2967,357,-183,-19
高雄市橋頭區德松里,1205,224,1203,226,1211,241,6,17
高雄市橋頭區三德里,638,114,626,98,627,91,-11,-23
高雄市燕巢區尖山里,904,78,867,74,844,70,-60,-8
高雄市燕巢區瓊林里,1784,220,1753,219,1737,210,-47,-10
高雄市燕巢區安招里,2707,342,2662,318,2608,317,-99,-25
高雄市燕巢區角宿里,2350,226,2318,230,2272,225,-78,-1
高雄市燕巢區鳳雄里,2010,173,2047,166,2013,159,3,-14
高雄市燕巢區金山里,370,42,366,41,363,36,-7,-6
高雄市燕巢區東燕里,1978,252,1964,245,1935,229,-43,-23
高雄市燕巢區南燕里,3299,415,3389,429,3306,386,7,-29
高雄市燕巢區西燕里,2882,365,2808,338,2762,323,-120,-42
高雄市燕巢區橫山里,1602,115,1574,112,1538,111,-64,-4
高雄市燕巢區深水里,1999,193,1952,192,1898,188,-101,-5
高雄市田寮區鹿埔里,282,23,266,25,266,19,-16,-4
高雄市田寮區南安里,744,34,717,28,694,29,-50,-5
高雄市田寮區大同里,273,12,259,12,260,10,-13,-2
高雄市田寮區田寮里,284,7,259,8,242,6,-42,-1
高雄市田寮區七星里,398,17,395,18,375,13,-23,-4
高雄市田寮區崇德里,703,75,695,74,677,78,-26,3
高雄市田寮區西德里,576,35,588,39,563,43,-13,8
高雄市田寮區三和里,269,21,251,18,229,18,-40,-3
高雄市田寮區古亭里,339,25,326,24,328,26,-11,1
高雄市田寮區新興里,891,70,872,66,855,66,-36,-4
高雄市阿蓮區石安里,1097,113,1087,100,1075,101,-22,-12
高雄市阿蓮區中路里,1667,216,1612,207,1582,201,-85,-15
高雄市阿蓮區峯山里,1038,118,1011,125,991,130,-47,12
高雄市阿蓮區港後里,1852,262,1825,264,1796,266,-56,4
高雄市阿蓮區崗山里,623,62,635,66,604,65,-19,3
高雄市阿蓮區阿蓮里,4291,648,4300,638,4215,616,-76,-32
高雄市阿蓮區清蓮里,2253,312,2224,318,2206,314,-47,2
高雄市阿蓮區和蓮里,2004,267,1971,260,1930,263,-74,-4
高雄市阿蓮區青旗里,1293,143,1288,145,1285,141,-8,-2
高雄市阿蓮區復安里,1421,132,1372,126,1350,116,-71,-16
高雄市阿蓮區玉庫里,874,79,863,73,877,68,3,-11
高雄市阿蓮區南蓮里,2576,337,2504,340,2468,337,-108,0
高雄市路竹區竹滬里,2830,433,2826,430,2812,411,-18,-22
高雄市路竹區頂寮里,966,148,962,145,943,138,-23,-10
高雄市路竹區新達里,1034,127,1019,129,993,127,-41,0
高雄市路竹區後鄉里,935,145,939,161,916,150,-19,5
高雄市路竹區北嶺里,1092,138,1056,136,1029,128,-63,-10
高雄市路竹區社西里,1932,238,1881,223,1821,199,-111,-39
高雄市路竹區甲北里,1755,250,1738,254,1715,264,-40,14
高雄市路竹區甲南里,2813,365,2732,364,2693,365,-120,0
高雄市路竹區下坑里,2254,303,2228,296,2179,296,-75,-7
高雄市路竹區竹園里,1543,140,1524,145,1514,135,-29,-5
高雄市路竹區竹東里,2998,693,2972,696,2942,669,-56,-24
高雄市路竹區竹西里,1913,379,1886,393,1819,418,-94,39
高雄市路竹區文北里,2647,566,2584,523,2514,520,-133,-46
高雄市路竹區文南里,2002,451,1961,421,1906,413,-96,-38
高雄市路竹區三爺里,699,88,687,85,677,81,-22,-7
高雄市路竹區鴨寮里,1699,298,1682,298,1647,298,-52,0
高雄市路竹區社東里,1408,144,1397,148,1383,144,-25,0
高雄市路竹區社中里,699,68,671,62,648,58,-51,-10
高雄市路竹區竹南里,2208,498,2184,476,2129,446,-79,-52
高雄市路竹區社南里,4021,390,3959,394,3922,381,-99,-9
高雄市湖內區海山里,877,77,866,84,846,84,-31,7
高雄市湖內區劉家里,830,67,797,60,786,65,-44,-2
高雄市湖內區太爺里,628,64,616,71,597,73,-31,9
高雄市湖內區公舘里,1936,299,1945,313,1934,301,-2,2
高雄市湖內區葉厝里,2337,381,2306,362,2275,382,-62,1
高雄市湖內區大湖里,3180,417,3169,421,3164,409,-16,-8
高雄市湖內區田尾里,788,91,775,89,797,92,9,1
高雄市湖內區湖內里,3347,404,3355,403,3355,416,8,12
高雄市湖內區海埔里,1490,160,1448,162,1430,158,-60,-2
高雄市湖內區文賢里,945,111,939,110,966,100,21,-11
高雄市湖內區中賢里,1871,192,1840,190,1818,194,-53,2
高雄市湖內區逸賢里,946,96,956,95,949,102,3,6
高雄市湖內區忠興里,546,49,554,44,557,46,11,-3
高雄市湖內區湖東里,2387,274,2375,266,2399,267,12,-7
高雄市茄萣區福德里,799,71,779,72,754,70,-45,-1
高雄市茄萣區萬福里,732,77,711,86,687,72,-45,-5
高雄市茄萣區白雲里,1417,141,1397,148,1406,154,-11,13
高雄市茄萣區嘉賜里,3343,460,3327,471,3266,485,-77,25
高雄市茄萣區嘉安里,1572,195,1560,210,1522,226,-50,31
高雄市茄萣區嘉定里,859,78,847,72,844,71,-15,-7
高雄市茄萣區保定里,2437,230,2460,257,2430,248,-7,18
高雄市茄萣區光定里,742,56,738,60,721,59,-21,3
高雄市茄萣區大定里,894,66,857,67,825,67,-69,1
高雄市茄萣區吉定里,941,92,898,91,875,83,-66,-9
高雄市茄萣區嘉樂里,1750,186,1740,209,1682,195,-68,9
高雄市茄萣區嘉泰里,931,105,904,96,877,100,-54,-5
高雄市茄萣區嘉福里,808,82,796,78,787,76,-21,-6
高雄市茄萣區和協里,927,96,910,92,896,89,-31,-7
高雄市茄萣區崎漏里,3978,446,3987,451,3985,468,7,22
高雄市永安區永安里,1312,148,1293,143,1290,140,-22,-8
高雄市永安區永華里,1547,170,1520,168,1497,160,-50,-10
高雄市永安區新港里,1981,190,1953,161,1922,157,-59,-33
高雄市永安區鹽田里,309,40,303,48,304,39,-5,-1
高雄市永安區保寧里,2277,266,2273,248,2278,245,1,-21
高雄市永安區維新里,3035,448,2980,428,2954,413,-81,-35
高雄市彌陀區光和里,1096,170,1110,161,1103,164,7,-6
高雄市彌陀區彌靖里,1528,218,1488,203,1495,204,-33,-14
高雄市彌陀區彌仁里,418,51,414,51,411,46,-7,-5
高雄市彌陀區彌壽里,580,65,566,63,563,62,-17,-3
高雄市彌陀區彌陀里,1460,235,1436,224,1414,212,-46,-23
高雄市彌陀區舊港里,1376,146,1352,135,1311,134,-65,-12
高雄市彌陀區文安里,1445,145,1421,134,1375,126,-70,-19
高雄市彌陀區鹽埕里,1758,223,1730,229,1688,206,-70,-17
高雄市彌陀區過港里,781,90,784,98,766,100,-15,10
高雄市彌陀區海尾里,717,87,694,74,674,67,-43,-20
高雄市彌陀區漯底里,1007,138,984,131,979,132,-28,-6
高雄市彌陀區南寮里,1785,211,1767,203,1766,193,-19,-18
高雄市梓官區梓信里,1828,216,1795,215,1752,217,-76,1
高雄市梓官區梓義里,1766,220,1729,213,1683,213,-83,-7
高雄市梓官區梓和里,1915,266,1878,248,1825,241,-90,-25
高雄市梓官區梓平里,1282,212,1284,225,1278,218,-4,6
高雄市梓官區中崙里,1001,137,1005,133,999,143,-2,6
高雄市梓官區赤崁里,1538,160,1518,147,1485,139,-53,-21
高雄市梓官區禮蚵里,1744,159,1728,151,1685,139,-59,-20
高雄市梓官區智蚵里,2493,261,2456,258,2423,229,-70,-32
高雄市梓官區信蚵里,2148,220,2109,216,2052,196,-96,-24
高雄市梓官區同安里,827,102,825,95,813,95,-14,-7
高雄市梓官區大舍里,3122,438,3130,456,3130,461,8,23
高雄市梓官區赤東里,1928,160,1904,145,1868,122,-60,-38
高雄市梓官區赤西里,715,86,695,78,678,74,-37,-12
高雄市梓官區茄苳里,2027,203,1998,186,1939,173,-88,-30
高雄市梓官區典寶里,2586,230,2571,218,2557,201,-29,-29
高雄市旗山區太平里,1712,294,1721,292,1696,311,-16,17
高雄市旗山區大德里,1863,306,1830,298,1801,293,-62,-13
高雄市旗山區湄洲里,1251,163,1209,139,1174,136,-77,-27
高雄市旗山區圓富里,1515,153,1491,168,1478,160,-37,7
高雄市旗山區中正里,1200,132,1169,123,1129,109,-71,-23
高雄市旗山區大林里,1082,86,1050,87,1037,80,-45,-6
高雄市旗山區上洲里,809,49,801,47,785,50,-24,1
高雄市旗山區新光里,583,43,576,51,561,48,-22,5
高雄市旗山區南勝里,1669,155,1635,130,1607,128,-62,-27
高雄市旗山區中寮里,122,2,125,2,121,2,-1,0
高雄市旗山區東平里,1543,150,1507,144,1460,134,-83,-16
高雄市旗山區東昌里,793,62,769,67,750,72,-43,10
高雄市旗山區竹峰里,1265,162,1272,171,1245,151,-20,-11
高雄市旗山區瑞吉里,1681,245,1654,247,1599,245,-82,0
高雄市旗山區永和里,2843,490,2794,479,2720,441,-123,-49
高雄市旗山區三協里,1817,231,1787,231,1778,219,-39,-12
高雄市旗山區鯤洲里,514,32,491,27,477,17,-37,-15
高雄市旗山區大山里,959,77,952,81,917,72,-42,-5
高雄市旗山區中洲里,597,45,590,50,566,45,-31,0
高雄市旗山區南洲里,967,57,953,59,931,61,-36,4
高雄市旗山區廣福里,502,46,487,33,474,28,-28,-18
高雄市美濃區福安里,1960,167,1918,148,1853,150,-107,-17
高雄市美濃區合和里,1842,219,1803,216,1767,227,-75,8
高雄市美濃區祿興里,1970,211,1946,186,1901,192,-69,-19
高雄市美濃區中壇里,1548,176,1535,176,1487,153,-61,-23
高雄市美濃區德興里,1159,116,1124,109,1103,100,-56,-16
高雄市美濃區龍山里,1539,126,1526,122,1493,108,-46,-18
高雄市美濃區獅山里,1936,209,1884,192,1843,176,-93,-33
高雄市美濃區龍肚里,991,71,947,63,909,65,-82,-6
高雄市美濃區廣德里,978,70,982,65,948,54,-30,-16
高雄市美濃區興隆里,829,61,806,55,773,52,-56,-9
高雄市美濃區中圳里,1612,171,1595,166,1577,179,-35,8
高雄市美濃區東門里,874,60,849,65,814,55,-60,-5
高雄市美濃區泰安里,1155,153,1160,143,1122,130,-33,-23
高雄市美濃區瀰濃里,1582,182,1594,194,1560,189,-22,7
高雄市美濃區清水里,1360,144,1326,132,1284,120,-76,-24
高雄市美濃區吉洋里,1457,113,1420,109,1418,101,-39,-12
高雄市美濃區吉和里,1071,90,1067,87,1039,78,-32,-12
高雄市美濃區吉東里,1436,162,1397,145,1381,144,-55,-18
高雄市美濃區廣林里,1104,93,1072,84,1037,74,-67,-19
高雄市六龜區新威里,546,45,512,38,508,31,-38,-14
高雄市六龜區新興里,499,40,496,42,490,36,-9,-4
高雄市六龜區新寮里,523,31,485,28,476,25,-47,-6
高雄市六龜區新發里,770,75,755,79,728,73,-42,-2
高雄市六龜區荖濃里,1101,114,1068,99,1070,94,-31,-20
高雄市六龜區六龜里,786,62,757,61,736,67,-50,5
高雄市六龜區義寶里,817,100,797,87,770,85,-47,-15
高雄市六龜區興龍里,673,72,660,68,641,64,-32,-8
高雄市六龜區中興里,1159,110,1129,112,1111,109,-48,-1
高雄市六龜區寶來里,712,74,687,75,654,70,-58,-4
高雄市六龜區文武里,1168,124,1119,118,1104,124,-64,0
高雄市六龜區大津里,240,18,233,16,228,16,-12,-2
高雄市甲仙區東安里,352,26,345,22,324,22,-28,-4
高雄市甲仙區西安里,658,78,665,81,634,82,-24,4
高雄市甲仙區和安里,501,45,483,44,489,49,-12,4
高雄市甲仙區大田里,1344,120,1313,114,1282,113,-62,-7
高雄市甲仙區寶隆里,517,39,503,36,494,35,-23,-4
高雄市甲仙區關山里,459,31,448,33,429,27,-30,-4
高雄市甲仙區小林里,452,54,434,47,432,47,-20,-7
高雄市杉林區杉林里,500,39,480,34,467,34,-33,-5
高雄市杉林區木梓里,514,22,485,21,461,22,-53,0
高雄市杉林區集來里,976,71,942,65,912,64,-64,-7
高雄市杉林區新庄里,1098,75,1070,70,1040,64,-58,-11
高雄市杉林區上平里,1236,90,1195,93,1163,100,-73,10
高雄市杉林區月眉里,1227,88,1226,102,1188,97,-39,9
高雄市杉林區月美里,957,78,925,78,896,71,-61,-7
高雄市杉林區大愛里,1700,255,1713,258,1691,241,-9,-14
高雄市內門區溝坪里,763,64,752,61,730,59,-33,-5
高雄市內門區金竹里,486,24,480,22,460,17,-26,-7
高雄市內門區永富里,788,89,766,85,743,73,-45,-16
高雄市內門區永吉里,332,12,318,15,315,13,-17,1
高雄市內門區永興里,307,25,297,22,294,20,-13,-5
高雄市內門區石坑里,409,31,390,25,382,28,-27,-3
高雄市內門區內門里,775,69,767,71,754,72,-21,3
高雄市內門區內豊里,988,94,953,95,935,93,-53,-1
高雄市內門區觀亭里,1316,131,1290,119,1263,110,-53,-21
高雄市內門區中埔里,429,34,416,27,397,25,-32,-9
高雄市內門區內東里,615,43,596,49,577,46,-38,3
高雄市內門區內南里,328,17,312,19,306,24,-22,7
高雄市內門區東埔里,394,25,381,21,370,19,-24,-6
高雄市內門區三平里,548,43,539,42,521,41,-27,-2
高雄市內門區木柵里,464,29,453,29,446,30,-18,1
高雄市內門區內興里,489,40,480,43,472,44,-17,4
高雄市內門區瑞山里,229,19,222,15,222,13,-7,-6
高雄市內門區光興里,525,51,513,46,511,49,-14,-2
高雄市茂林區茂林里,691,127,677,115,661,111,-30,-16
高雄市茂林區萬山里,347,37,333,36,325,34,-22,-3
高雄市茂林區多納里,483,95,472,98,465,96,-18,1
高雄市桃源區桃源里,735,148,734,141,737,142,2,-6
高雄市桃源區寶山里,431,43,413,45,400,45,-31,2
高雄市桃源區建山里,572,116,559,106,553,100,-19,-16
高雄市桃源區高中里,602,129,604,119,589,113,-13,-16
高雄市桃源區勤和里,213,45,208,42,203,43,-10,-2
高雄市桃源區復興里,274,40,270,34,275,28,1,-12
高雄市桃源區拉芙蘭里,228,51,230,40,218,36,-10,-15
高雄市桃源區梅山里,249,32,239,33,240,36,-9,4
高雄市那瑪夏區達卡努瓦里,1276,281,1275,278,1277,276,1,-5
高雄市那瑪夏區瑪雅里,576,143,581,148,574,140,-2,-3
高雄市那瑪夏區南沙魯里,439,112,421,112,408,104,-31,-8
