cunli,adult2019,chilren2019,adult2020,chilren2020,adult2021,chilren2021,adult_diff,children_diff
高雄市鹽埕區藍橋里,987,117,961,107,944,93,-43,-24
高雄市鹽埕區慈愛里,240,25,227,21,212,21,-28,-4
高雄市鹽埕區博愛里,445,36,423,42,413,39,-32,3
高雄市鹽埕區壽星里,860,95,841,82,816,84,-44,-11
高雄市鹽埕區中山里,747,77,794,86,832,90,85,13
高雄市鹽埕區教仁里,1384,134,1346,126,1318,116,-66,-18
高雄市鹽埕區新樂里,565,55,546,53,520,51,-45,-4
高雄市鹽埕區中原里,423,54,414,54,378,57,-45,3
高雄市鹽埕區光明里,952,78,934,93,924,80,-28,2
高雄市鹽埕區育仁里,510,73,518,75,506,77,-4,4
高雄市鹽埕區河濱里,1143,116,1086,112,1049,93,-94,-23
高雄市鹽埕區沙地里,527,57,482,60,493,53,-34,-4
高雄市鹽埕區南端里,652,66,631,66,586,66,-66,0
高雄市鹽埕區港都里,727,96,707,85,679,78,-48,-18
高雄市鹽埕區江西里,757,72,749,69,708,69,-49,-3
高雄市鹽埕區新豐里,605,107,599,98,575,91,-30,-16
高雄市鹽埕區府北里,1415,124,1438,138,1394,129,-21,5
高雄市鹽埕區陸橋里,794,84,778,76,740,72,-54,-12
高雄市鹽埕區瀨南里,385,24,368,22,353,22,-32,-2
高雄市鹽埕區新化里,430,51,405,47,385,52,-45,1
高雄市鹽埕區江南里,467,69,456,56,432,56,-35,-13
高雄市鼓山區鼓峰里,1422,107,1407,114,1371,115,-51,8
高雄市鼓山區雄峰里,1404,128,1369,126,1301,118,-103,-10
高雄市鼓山區前峰里,2991,256,2914,266,2816,260,-175,4
高雄市鼓山區光榮里,2464,260,2408,261,2350,251,-114,-9
高雄市鼓山區民族里,922,96,918,92,902,84,-20,-12
高雄市鼓山區內惟里,798,91,797,73,783,63,-15,-28
高雄市鼓山區建國里,1845,218,1816,229,1755,212,-90,-6
高雄市鼓山區忠正里,2740,298,2696,285,2605,290,-135,-8
高雄市鼓山區自強里,413,34,405,30,386,26,-27,-8
高雄市鼓山區龍井里,857,93,851,100,821,88,-36,-5
高雄市鼓山區正德里,1532,168,1516,169,1482,162,-50,-6
高雄市鼓山區平和里,2542,313,2502,310,2431,299,-111,-14
高雄市鼓山區民強里,1911,199,1835,197,1762,186,-149,-13
高雄市鼓山區厚生里,2382,293,2352,267,2332,261,-50,-32
高雄市鼓山區龍子里,12916,4034,13058,4006,13082,3941,166,-93
高雄市鼓山區龍水里,18548,6346,19078,6445,19507,6601,959,255
高雄市鼓山區明誠里,13859,3302,13859,3364,13766,3305,-93,3
高雄市鼓山區華豐里,3041,288,2954,257,2910,270,-131,-18
高雄市鼓山區裕興里,2383,292,2341,279,2286,283,-97,-9
高雄市鼓山區裕豐里,1860,142,1784,163,1717,164,-143,22
高雄市鼓山區鼓岩里,765,56,723,44,700,44,-65,-12
高雄市鼓山區樹德里,850,91,827,85,807,81,-43,-10
高雄市鼓山區寶樹里,1370,67,1355,62,1363,66,-7,-1
高雄市鼓山區興宗里,881,71,863,71,833,66,-48,-5
高雄市鼓山區光化里,885,80,850,72,846,76,-39,-4
高雄市鼓山區山下里,993,106,975,110,936,113,-57,7
高雄市鼓山區河邊里,1027,77,988,77,929,76,-98,-1
高雄市鼓山區綠川里,1013,120,964,125,937,117,-76,-3
高雄市鼓山區登山里,411,26,392,23,374,18,-37,-8
高雄市鼓山區峰南里,601,61,572,60,533,54,-68,-7
高雄市鼓山區麗興里,661,61,639,55,619,63,-42,2
高雄市鼓山區新民里,714,80,692,80,671,78,-43,-2
高雄市鼓山區延平里,547,70,537,60,518,51,-29,-19
高雄市鼓山區維生里,862,74,837,74,812,63,-50,-11
高雄市鼓山區惠安里,822,68,771,65,756,67,-66,-1
高雄市鼓山區壽山里,990,116,957,107,935,107,-55,-9
高雄市鼓山區哨船頭里,729,51,692,59,668,56,-61,5
高雄市鼓山區桃源里,405,38,381,37,361,36,-44,-2
高雄市左營區進學里,1918,79,1883,77,1905,79,-13,0
高雄市左營區尾西里,730,51,710,42,681,39,-49,-12
高雄市左營區頂北里,363,31,347,28,347,25,-16,-6
高雄市左營區中北里,420,46,408,37,391,29,-29,-17
高雄市左營區中南里,351,19,340,20,335,22,-16,3
高雄市左營區廟東里,596,52,584,51,593,47,-3,-5
高雄市左營區廟北里,584,64,566,56,539,53,-45,-11
高雄市左營區尾南里,526,44,510,50,493,42,-33,-2
高雄市左營區尾北里,2583,231,2553,234,2460,235,-123,4
高雄市左營區屏山里,1107,109,1076,100,1071,94,-36,-15
高雄市左營區祥和里,250,14,254,17,247,14,-3,0
高雄市左營區永清里,592,248,632,237,564,218,-28,-30
高雄市左營區莒光里,1247,159,1215,168,1178,172,-69,13
高雄市左營區光輝里,1738,285,1712,284,1686,289,-52,4
高雄市左營區合群里,1562,213,1581,197,1539,172,-23,-41
高雄市左營區明建里,554,107,553,103,522,95,-32,-12
高雄市左營區頂西里,654,53,628,55,607,35,-47,-18
高雄市左營區聖后里,491,45,474,40,449,36,-42,-9
高雄市左營區聖西里,235,16,234,14,232,14,-3,-2
高雄市左營區聖南里,365,52,351,41,347,44,-18,-8
高雄市左營區城南里,348,26,341,21,331,20,-17,-6
高雄市左營區路東里,510,45,505,38,474,34,-36,-11
高雄市左營區廍北里,276,25,267,25,263,24,-13,-1
高雄市左營區廍南里,424,36,408,32,385,30,-39,-6
高雄市左營區埤西里,580,35,554,34,525,40,-55,5
高雄市左營區埤北里,878,62,833,61,798,53,-80,-9
高雄市左營區埤東里,664,99,634,96,607,73,-57,-26
高雄市左營區海勝里,4115,357,4018,347,3886,338,-229,-19
高雄市左營區崇實里,2655,495,2659,494,2651,449,-4,-46
高雄市左營區自助里,293,23,286,24,478,45,185,22
高雄市左營區果貿里,1871,189,1888,167,1859,171,-12,-18
高雄市左營區果惠里,1035,68,1025,70,963,70,-72,2
高雄市左營區果峰里,1112,82,1081,76,1012,80,-100,-2
高雄市左營區新下里,11127,1687,11236,1680,11171,1657,44,-30
高雄市左營區新上里,21168,3508,20913,3495,20542,3367,-626,-141
高雄市左營區新中里,3752,664,3693,665,3608,615,-144,-49
高雄市左營區新光里,11531,2308,11605,2264,11543,2211,12,-97
高雄市左營區菜公里,25144,4706,25225,4595,24935,4379,-209,-327
高雄市左營區福山里,31074,6866,31534,6822,31769,6711,695,-155
高雄市楠梓區清豐里,18857,4424,19060,4540,19057,4502,200,78
高雄市楠梓區東寧里,3450,883,3432,884,3552,946,102,63
高雄市楠梓區五常里,5142,965,5171,1001,5311,1059,169,94
高雄市楠梓區享平里,2487,370,2555,420,2534,434,47,64
高雄市楠梓區中陽里,2603,470,2613,495,2593,515,-10,45
高雄市楠梓區惠楠里,2567,276,2506,279,2473,285,-94,9
高雄市楠梓區惠民里,3125,498,3114,533,3087,534,-38,36
高雄市楠梓區惠豐里,3964,539,3941,513,3878,477,-86,-62
高雄市楠梓區錦屏里,2238,196,2157,194,2080,170,-158,-26
高雄市楠梓區玉屏里,1688,183,1630,172,1534,157,-154,-26
高雄市楠梓區金田里,2767,300,2862,323,3002,360,235,60
高雄市楠梓區稔田里,1082,98,1034,97,993,78,-89,-20
高雄市楠梓區瑞屏里,2779,383,2747,375,2663,373,-116,-10
高雄市楠梓區翠屏里,13827,1474,13776,1561,13723,1587,-104,113
高雄市楠梓區宏南里,456,109,409,104,374,107,-82,-2
高雄市楠梓區宏毅里,1511,533,1436,526,1336,483,-175,-50
高雄市楠梓區宏榮里,1937,525,1876,527,1838,517,-99,-8
高雄市楠梓區廣昌里,2236,308,2210,304,2142,277,-94,-31
高雄市楠梓區久昌里,2284,335,2265,348,2230,355,-54,20
高雄市楠梓區大昌里,1634,225,1598,218,1564,202,-70,-23
高雄市楠梓區福昌里,1548,223,1553,224,1536,235,-12,12
高雄市楠梓區盛昌里,4497,753,4403,737,4316,724,-181,-29
高雄市楠梓區泰昌里,1094,191,1091,180,1061,171,-33,-20
高雄市楠梓區興昌里,3508,659,3504,682,3498,645,-10,-14
高雄市楠梓區建昌里,2031,316,1989,321,1918,311,-113,-5
高雄市楠梓區宏昌里,2652,574,2624,571,2617,579,-35,5
高雄市楠梓區和昌里,1463,177,1448,174,1407,187,-56,10
高雄市楠梓區慶昌里,2313,331,2267,353,2197,356,-116,25
高雄市楠梓區隆昌里,2511,402,2447,402,2395,393,-116,-9
高雄市楠梓區秀昌里,1707,240,1663,256,1607,244,-100,4
高雄市楠梓區裕昌里,3929,806,3966,826,3934,852,5,46
高雄市楠梓區國昌里,2822,504,2779,497,2742,496,-80,-8
高雄市楠梓區加昌里,6865,1409,6818,1379,6644,1340,-221,-69
高雄市楠梓區仁昌里,4308,894,4226,894,4155,894,-153,0
高雄市楠梓區藍田里,6071,1535,6347,1646,6653,1738,582,203
高雄市楠梓區中興里,1298,306,1289,278,1297,291,-1,-15
高雄市楠梓區中和里,2852,721,3322,843,3561,990,709,269
高雄市三民區安東里,2016,317,1964,310,1994,316,-22,-1
高雄市三民區安和里,1738,261,1693,266,1612,251,-126,-10
高雄市三民區達德里,886,143,848,140,827,132,-59,-11
高雄市三民區達明里,998,164,947,152,989,178,-9,14
高雄市三民區達仁里,1023,168,990,149,960,156,-63,-12
高雄市三民區達勇里,677,78,654,67,614,68,-63,-10
高雄市三民區同德里,1812,218,1811,228,1767,209,-45,-9
高雄市三民區德智里,1517,231,1458,210,1378,191,-139,-40
高雄市三民區德仁里,1333,171,1317,160,1262,161,-71,-10
高雄市三民區安生里,1005,125,974,108,920,100,-85,-25
高雄市三民區德東里,541,72,524,66,500,54,-41,-18
高雄市三民區德行里,719,77,709,73,678,70,-41,-7
高雄市三民區精華里,1003,117,986,118,939,119,-64,2
高雄市三民區民享里,1370,158,1303,159,1265,158,-105,0
高雄市三民區安宜里,2238,312,2193,284,2140,271,-98,-41
高雄市三民區安泰里,2691,374,2630,352,2563,351,-128,-23
高雄市三民區安邦里,2924,376,2577,359,2569,355,-355,-21
高雄市三民區十全里,1271,159,1256,175,1256,184,-15,25
高雄市三民區十美里,1258,165,1197,163,1130,146,-128,-19
高雄市三民區德北里,1365,148,1349,151,1338,145,-27,-3
高雄市三民區立誠里,439,47,426,47,423,46,-16,-1
高雄市三民區立業里,680,82,643,87,601,70,-79,-12
高雄市三民區港東里,942,80,909,85,881,75,-61,-5
高雄市三民區港新里,1012,160,993,160,957,161,-55,1
高雄市三民區港西里,531,54,516,54,491,48,-40,-6
高雄市三民區博愛里,819,51,794,54,776,57,-43,6
高雄市三民區博惠里,2932,478,2813,480,2752,510,-180,32
高雄市三民區長明里,756,102,750,98,701,93,-55,-9
高雄市三民區建東里,881,70,889,69,846,67,-35,-3
高雄市三民區興德里,1289,107,1285,109,1366,121,77,14
高雄市三民區鳳南里,564,50,531,48,557,54,-7,4
高雄市三民區鳳北里,960,104,941,108,881,98,-79,-6
高雄市三民區德西里,596,70,630,68,673,76,77,6
高雄市三民區豐裕里,1767,196,1720,177,1652,159,-115,-37
高雄市三民區川東里,953,68,930,67,898,66,-55,-2
高雄市三民區裕民里,1016,130,999,128,990,114,-26,-16
高雄市三民區力行里,802,84,776,70,729,63,-73,-21
高雄市三民區千歲里,762,94,747,87,716,90,-46,-4
高雄市三民區立德里,819,90,825,87,805,73,-14,-17
高雄市三民區千北里,734,89,722,101,687,77,-47,-12
高雄市三民區千秋里,1438,117,1389,122,1343,105,-95,-12
高雄市三民區鼎金里,3074,375,3018,387,2954,375,-120,0
高雄市三民區鼎盛里,6182,1172,6128,1144,6007,1087,-175,-85
高雄市三民區鼎強里,3121,524,3077,523,2956,484,-165,-40
高雄市三民區鼎力里,2926,491,2972,503,2995,510,69,19
高雄市三民區鼎西里,5831,792,5773,751,5625,702,-206,-90
高雄市三民區鼎中里,2588,255,2530,253,2570,260,-18,5
高雄市三民區鼎泰里,17955,3121,17859,3095,17598,3047,-357,-74
高雄市三民區本館里,6824,773,6660,755,6510,747,-314,-26
高雄市三民區本和里,5816,734,5695,723,5591,686,-225,-48
高雄市三民區本文里,1513,179,1472,152,1400,150,-113,-29
高雄市三民區本武里,1241,316,1196,310,1175,294,-66,-22
高雄市三民區本元里,4125,899,4071,889,3971,871,-154,-28
高雄市三民區本安里,3692,965,3577,943,3445,960,-247,-5
高雄市三民區本上里,3686,1085,3547,1144,3433,1138,-253,53
高雄市三民區本揚里,5788,1659,5658,1673,5553,1717,-235,58
高雄市三民區寶獅里,2718,310,2652,308,2540,281,-178,-29
高雄市三民區寶德里,3879,509,3794,502,3689,484,-190,-25
高雄市三民區寶泰里,3138,439,3060,404,2984,374,-154,-65
高雄市三民區寶興里,5116,651,5092,640,4951,620,-165,-31
高雄市三民區寶中里,2254,395,2179,381,2101,349,-153,-46
高雄市三民區寶華里,2465,454,2462,450,2389,462,-76,8
高雄市三民區寶國里,6511,1448,6429,1432,6210,1447,-301,-1
高雄市三民區寶民里,2438,445,2398,451,2313,431,-125,-14
高雄市三民區寶慶里,2053,396,1969,394,1930,383,-123,-13
高雄市三民區寶業里,4446,1022,4431,1034,4482,1091,36,69
高雄市三民區寶盛里,3749,552,3685,508,3563,494,-186,-58
高雄市三民區寶安里,5440,682,5375,657,5242,650,-198,-32
高雄市三民區寶龍里,3133,529,3113,525,3014,497,-119,-32
高雄市三民區寶珠里,4914,445,5143,427,5086,402,172,-43
高雄市三民區寶玉里,6725,1465,6651,1463,6473,1432,-252,-33
高雄市三民區灣子里,3146,322,3105,312,3039,263,-107,-59
高雄市三民區灣愛里,2400,228,2316,202,2246,214,-154,-14
高雄市三民區灣中里,4155,382,4140,380,4093,336,-62,-46
高雄市三民區灣華里,2023,163,2017,148,1943,119,-80,-44
高雄市三民區灣勝里,1306,137,1287,131,1251,119,-55,-18
高雄市三民區灣利里,2252,250,2187,241,2111,223,-141,-27
高雄市三民區灣復里,2817,270,2775,256,2706,245,-111,-25
高雄市三民區正興里,9769,1627,9740,1657,9665,1644,-104,17
高雄市三民區正順里,3057,537,2991,516,2867,493,-190,-44
高雄市三民區灣興里,1407,289,1403,294,1341,259,-66,-30
高雄市三民區灣成里,1828,209,1837,203,1880,208,52,-1
高雄市三民區安康里,1973,231,1947,233,1887,219,-86,-12
高雄市三民區安寧里,1284,147,1260,147,1227,133,-57,-14
高雄市三民區安吉里,3480,576,3413,549,3276,535,-204,-41
高雄市三民區安發里,3309,517,3232,488,3080,493,-229,-24
高雄市新興區浩然里,1212,104,1195,99,1134,104,-78,0
高雄市新興區振成里,696,67,687,70,648,55,-48,-12
高雄市新興區德生里,2174,348,2125,347,2056,364,-118,16
高雄市新興區振華里,706,96,678,98,656,85,-50,-11
高雄市新興區正氣里,887,84,844,71,808,65,-79,-19
高雄市新興區德政里,442,50,427,42,416,39,-26,-11
高雄市新興區仁聲里,703,69,696,68,700,66,-3,-3
高雄市新興區德望里,1326,174,1297,170,1236,179,-90,5
高雄市新興區華聲里,642,76,619,67,589,61,-53,-15
高雄市新興區蕉園里,480,63,481,64,468,58,-12,-5
高雄市新興區永寧里,884,115,866,104,837,98,-47,-17
高雄市新興區玉衡里,553,41,518,42,495,46,-58,5
高雄市新興區順昌里,1422,345,1438,367,1433,377,11,32
高雄市新興區文昌里,1968,473,2026,503,2033,530,65,57
高雄市新興區光耀里,1628,378,1594,388,1555,398,-73,20
高雄市新興區興昌里,1154,245,1118,260,1072,252,-82,7
高雄市新興區開平里,2555,517,2509,523,2412,523,-143,6
高雄市新興區成功里,888,80,905,96,895,103,7,23
高雄市新興區新江里,804,102,788,101,752,103,-52,1
高雄市新興區黎明里,600,64,581,59,557,51,-43,-13
高雄市新興區愛平里,694,83,669,84,651,89,-43,6
高雄市新興區南港里,1291,183,1265,181,1233,188,-58,5
高雄市新興區中東里,2044,316,1982,342,1926,334,-118,18
高雄市新興區明莊里,484,28,493,35,456,36,-28,8
高雄市新興區大明里,724,72,702,72,657,67,-67,-5
高雄市新興區秋山里,616,51,664,57,678,55,62,4
高雄市新興區長驛里,714,71,712,71,685,68,-29,-3
高雄市新興區建興里,670,59,659,47,648,47,-22,-12
高雄市新興區建華里,559,36,544,29,520,26,-39,-10
高雄市新興區漢民里,469,48,446,54,448,53,-21,5
高雄市新興區榮治里,551,65,529,56,503,50,-48,-15
高雄市新興區東坡里,791,75,745,67,726,56,-65,-19
高雄市前金區三川里,453,50,450,47,435,34,-18,-16
高雄市前金區草江里,697,69,681,69,648,62,-49,-7
高雄市前金區長城里,936,89,926,82,907,75,-29,-14
高雄市前金區北金里,599,59,573,49,558,46,-41,-13
高雄市前金區東金里,655,64,628,69,618,71,-37,7
高雄市前金區新生里,2679,347,2641,362,2563,353,-116,6
高雄市前金區後金里,451,41,442,42,408,43,-43,2
高雄市前金區長興里,747,87,787,93,755,94,8,7
高雄市前金區青山里,1232,124,1286,132,1286,122,54,-2
高雄市前金區民生里,502,66,500,75,478,52,-24,-14
高雄市前金區復元里,612,84,591,77,627,78,15,-6
高雄市前金區林投里,674,62,657,65,670,86,-4,24
高雄市前金區國民里,636,83,628,91,598,88,-38,5
高雄市前金區社東里,982,149,968,167,912,155,-70,6
高雄市前金區社西里,752,108,734,86,716,81,-36,-27
高雄市前金區博孝里,733,77,721,77,705,65,-28,-12
高雄市前金區長生里,1131,110,1092,100,1064,110,-67,0
高雄市前金區榮復里,735,80,715,75,693,78,-42,-2
高雄市前金區文西里,580,58,603,61,603,67,23,9
高雄市前金區文東里,813,76,800,69,766,64,-47,-12
高雄市苓雅區博仁里,524,49,506,53,483,56,-41,7
高雄市苓雅區苓洲里,1079,89,1059,79,1030,74,-49,-15
高雄市苓雅區苓昇里,858,73,825,70,799,61,-59,-12
高雄市苓雅區苓中里,1256,128,1227,129,1167,106,-89,-22
高雄市苓雅區苓雅里,995,94,979,101,964,99,-31,5
高雄市苓雅區苓東里,1056,84,1007,75,960,65,-96,-19
高雄市苓雅區城北里,1099,141,1134,140,1156,149,57,8
高雄市苓雅區城西里,405,52,382,48,355,52,-50,0
高雄市苓雅區城東里,1436,189,1410,167,1380,173,-56,-16
高雄市苓雅區意誠里,2807,322,2743,304,2665,310,-142,-12
高雄市苓雅區鼓中里,625,80,608,75,598,66,-27,-14
高雄市苓雅區田西里,901,106,885,105,869,111,-32,5
高雄市苓雅區人和里,1243,135,1227,142,1172,135,-71,0
高雄市苓雅區仁政里,838,70,819,71,780,69,-58,-1
高雄市苓雅區廣澤里,1204,136,1165,139,1129,133,-75,-3
高雄市苓雅區美田里,766,97,761,89,734,88,-32,-9
高雄市苓雅區華堂里,2161,191,2089,199,2055,193,-106,2
高雄市苓雅區日中里,1457,139,1435,132,1413,114,-44,-25
高雄市苓雅區普照里,2177,309,2113,307,2095,291,-82,-18
高雄市苓雅區和煦里,1415,254,1359,260,1328,265,-87,11
高雄市苓雅區晴朗里,1623,147,1788,197,1849,223,226,76
高雄市苓雅區普天里,2448,471,2440,451,2470,493,22,22
高雄市苓雅區林富里,1449,490,1478,521,1546,598,97,108
高雄市苓雅區林圍里,1701,641,1702,648,1656,645,-45,4
高雄市苓雅區林安里,1074,371,1070,383,1038,365,-36,-6
高雄市苓雅區光華里,481,48,464,47,454,55,-27,7
高雄市苓雅區林興里,912,122,885,117,860,129,-52,7
高雄市苓雅區林華里,1939,254,1873,232,1805,222,-134,-32
高雄市苓雅區林西里,1070,86,1046,90,1029,91,-41,5
高雄市苓雅區林中里,1917,181,1880,179,1811,145,-106,-36
高雄市苓雅區林泉里,1336,411,1333,447,1314,481,-22,70
高雄市苓雅區林南里,2053,634,1988,669,1935,680,-118,46
高雄市苓雅區中正里,2108,730,2089,761,2037,743,-71,13
高雄市苓雅區尚義里,1100,344,1077,345,1073,369,-27,25
高雄市苓雅區同慶里,1853,882,1789,867,1759,874,-94,-8
高雄市苓雅區凱旋里,1609,376,1602,406,1585,412,-24,36
高雄市苓雅區安祥里,1475,278,1497,320,1571,373,96,95
高雄市苓雅區奏捷里,1120,181,1086,190,1052,204,-68,23
高雄市苓雅區福壽里,1050,70,1040,77,988,74,-62,4
高雄市苓雅區福南里,1221,112,1176,90,1105,83,-116,-29
高雄市苓雅區五權里,1533,138,1531,138,1456,129,-77,-9
高雄市苓雅區民主里,2634,275,2563,265,2463,253,-171,-22
高雄市苓雅區林德里,1271,92,1231,107,1178,99,-93,7
高雄市苓雅區林貴里,1370,201,1356,205,1321,188,-49,-13
高雄市苓雅區林榮里,2875,392,2804,365,2680,352,-195,-40
高雄市苓雅區英明里,1397,199,1330,178,1261,158,-136,-41
高雄市苓雅區林靖里,1073,101,1027,105,972,104,-101,3
高雄市苓雅區朝陽里,1017,125,976,119,937,118,-80,-7
高雄市苓雅區福隆里,1747,225,1694,216,1614,219,-133,-6
高雄市苓雅區福祥里,915,97,879,92,848,91,-67,-6
高雄市苓雅區福海里,754,81,721,69,702,66,-52,-15
高雄市苓雅區福康里,1332,167,1304,169,1257,157,-75,-10
高雄市苓雅區福人里,1506,159,1454,162,1383,148,-123,-11
高雄市苓雅區福地里,1944,201,1875,199,1818,200,-126,-1
高雄市苓雅區福居里,1915,229,1848,226,1796,210,-119,-19
高雄市苓雅區福東里,1975,224,1914,214,1849,180,-126,-44
高雄市苓雅區福西里,1318,133,1292,123,1235,117,-83,-16
高雄市苓雅區永康里,1527,141,1486,138,1439,130,-88,-11
高雄市苓雅區正文里,1490,192,1501,196,1600,226,110,34
高雄市苓雅區正言里,2036,218,1966,203,1882,199,-154,-19
高雄市苓雅區正大里,3834,559,3740,552,3617,535,-217,-24
高雄市苓雅區五福里,2627,260,2541,238,2418,214,-209,-46
高雄市苓雅區正心里,2441,316,2390,300,2307,281,-134,-35
高雄市苓雅區正道里,2927,385,2891,381,2818,368,-109,-17
高雄市苓雅區正義里,1863,326,1810,306,1757,294,-106,-32
高雄市苓雅區正仁里,1912,243,1828,237,1768,235,-144,-8
高雄市苓雅區文昌里,2687,428,2589,416,2485,385,-202,-43
高雄市苓雅區建軍里,1480,178,1461,172,1441,172,-39,-6
高雄市苓雅區衛武里,1378,117,1346,115,1284,110,-94,-7
高雄市前鎮區草衙里,7718,971,7586,939,7470,920,-248,-51
高雄市前鎮區明孝里,1833,238,1782,235,1736,232,-97,-6
高雄市前鎮區明正里,3996,546,3963,542,3882,499,-114,-47
高雄市前鎮區明義里,1749,246,1713,252,1706,234,-43,-12
高雄市前鎮區仁愛里,946,112,922,106,899,101,-47,-11
高雄市前鎮區德昌里,1412,151,1379,146,1365,126,-47,-25
高雄市前鎮區平等里,2112,233,2139,206,2170,223,58,-10
高雄市前鎮區平昌里,463,67,460,65,458,65,-5,-2
高雄市前鎮區明禮里,1074,131,1035,120,1015,125,-59,-6
高雄市前鎮區信義里,1065,89,1040,80,1033,83,-32,-6
高雄市前鎮區信德里,1720,167,1715,160,1668,173,-52,6
高雄市前鎮區明道里,745,80,733,71,729,69,-16,-11
高雄市前鎮區興化里,496,36,476,39,467,32,-29,-4
高雄市前鎮區興仁里,497,43,501,51,477,41,-20,-2
高雄市前鎮區前鎮里,966,90,949,106,923,93,-43,3
高雄市前鎮區鎮東里,1226,80,1166,79,1139,75,-87,-5
高雄市前鎮區鎮榮里,1631,168,1538,153,1470,152,-161,-16
高雄市前鎮區鎮昌里,1508,177,1473,173,1422,149,-86,-28
高雄市前鎮區鎮海里,3155,396,3116,378,3014,328,-141,-68
高雄市前鎮區鎮陽里,640,54,625,61,591,56,-49,2
高雄市前鎮區興邦里,2344,304,2331,291,2279,278,-65,-26
高雄市前鎮區鎮中里,523,46,587,54,569,55,46,9
高雄市前鎮區鎮北里,790,62,793,62,777,56,-13,-6
高雄市前鎮區忠純里,3472,395,3680,436,3639,411,167,16
高雄市前鎮區忠誠里,1548,224,1501,226,1421,201,-127,-23
高雄市前鎮區西山里,2407,222,2323,205,2185,199,-222,-23
高雄市前鎮區民權里,3055,621,2988,572,2855,557,-200,-64
高雄市前鎮區建隆里,914,118,885,107,882,112,-32,-6
高雄市前鎮區振興里,1761,162,1732,157,1700,149,-61,-13
高雄市前鎮區良和里,2054,209,1992,204,1908,195,-146,-14
高雄市前鎮區西甲里,1496,154,1473,146,1473,132,-23,-22
高雄市前鎮區盛興里,1978,182,1923,179,1858,188,-120,6
高雄市前鎮區盛豐里,2179,221,2136,234,2069,238,-110,17
高雄市前鎮區興中里,2331,216,2267,241,2177,227,-154,11
高雄市前鎮區興東里,4244,662,4240,692,4203,708,-41,46
高雄市前鎮區忠孝里,2026,215,2076,220,2120,260,94,45
高雄市前鎮區復國里,1953,232,1894,224,1847,204,-106,-28
高雄市前鎮區竹內里,2002,346,1970,321,1911,313,-91,-33
高雄市前鎮區竹東里,1578,226,1541,227,1500,211,-78,-15
高雄市前鎮區竹南里,5606,1443,5601,1418,5553,1340,-53,-103
高雄市前鎮區竹北里,1654,209,1686,215,1777,247,123,38
高雄市前鎮區竹西里,3163,486,3058,475,2929,425,-234,-61
高雄市前鎮區竹中里,2409,381,2438,393,2435,408,26,27
高雄市前鎮區瑞竹里,1301,307,1261,306,1221,290,-80,-17
高雄市前鎮區瑞南里,3747,841,3689,846,3610,829,-137,-12
高雄市前鎮區瑞豐里,2229,512,2164,504,2146,470,-83,-42
高雄市前鎮區瑞祥里,3899,919,3794,872,3636,815,-263,-104
高雄市前鎮區瑞東里,1808,366,1768,358,1755,343,-53,-23
高雄市前鎮區瑞和里,1521,325,1489,302,1444,280,-77,-45
高雄市前鎮區瑞平里,2879,629,2831,582,2718,554,-161,-75
高雄市前鎮區瑞隆里,2806,424,2752,406,2644,390,-162,-34
高雄市前鎮區瑞北里,2463,237,2439,233,2397,236,-66,-1
高雄市前鎮區瑞西里,1850,196,1825,184,1781,177,-69,-19
高雄市前鎮區瑞崗里,1917,181,1866,182,1773,186,-144,5
高雄市前鎮區瑞興里,1884,236,1833,220,1805,222,-79,-14
高雄市前鎮區瑞誠里,1987,198,1940,206,1907,198,-80,0
高雄市前鎮區瑞文里,1866,210,1825,191,1790,178,-76,-32
高雄市前鎮區瑞華里,3587,427,3514,396,3421,374,-166,-53
高雄市前鎮區瑞昌里,2519,363,2497,370,2450,352,-69,-11
高雄市旗津區旗下里,886,79,865,77,856,66,-30,-13
高雄市旗津區永安里,852,98,818,90,802,82,-50,-16
高雄市旗津區振興里,1245,149,1197,128,1160,126,-85,-23
高雄市旗津區慈愛里,1849,200,1813,186,1751,178,-98,-22
高雄市旗津區復興里,2388,279,2330,240,2291,247,-97,-32
高雄市旗津區中華里,1280,168,1218,158,1182,145,-98,-23
高雄市旗津區實踐里,1048,120,1046,99,1060,92,12,-28
高雄市旗津區北汕里,2171,273,2152,268,2104,236,-67,-37
高雄市旗津區南汕里,1613,127,1593,126,1558,127,-55,0
高雄市旗津區上竹里,2183,303,2185,296,2132,274,-51,-29
高雄市旗津區中洲里,1435,118,1363,108,1347,109,-88,-9
高雄市旗津區安順里,660,66,652,59,630,47,-30,-19
高雄市旗津區中興里,2021,249,1977,232,1942,238,-79,-11
高雄市小港區小港里,1771,299,1733,278,1692,249,-79,-50
高雄市小港區港口里,2335,328,2266,356,2210,352,-125,24
高雄市小港區港正里,1904,342,1871,339,1831,331,-73,-11
高雄市小港區港墘里,1357,180,1309,175,1264,161,-93,-19
高雄市小港區港明里,2474,404,2416,390,2322,349,-152,-55
高雄市小港區港后里,2097,378,2059,369,1996,350,-101,-28
高雄市小港區港南里,1954,271,2219,348,2227,367,273,96
高雄市小港區港興里,1716,249,1676,245,1620,237,-96,-12
高雄市小港區鳳宮里,2159,387,2134,381,2116,379,-43,-8
高雄市小港區店鎮里,4768,713,4720,711,4566,655,-202,-58
高雄市小港區大苓里,1911,260,1877,271,1811,264,-100,4
高雄市小港區二苓里,2919,417,2826,397,2752,405,-167,-12
高雄市小港區三苓里,2229,270,2159,256,2072,244,-157,-26
高雄市小港區正苓里,3299,593,3190,542,3096,542,-203,-51
高雄市小港區順苓里,3691,696,3583,670,3489,649,-202,-47
高雄市小港區六苓里,2195,474,2168,454,2106,415,-89,-59
高雄市小港區宏亮里,2694,497,2636,485,2584,484,-110,-13
高雄市小港區山東里,2301,343,2272,338,2211,336,-90,-7
高雄市小港區青島里,1820,219,1816,201,1767,188,-53,-31
高雄市小港區濟南里,3368,489,3317,502,3272,475,-96,-14
高雄市小港區泰山里,2655,452,2622,454,2542,422,-113,-30
高雄市小港區山明里,9780,1844,9635,1809,9503,1759,-277,-85
高雄市小港區高松里,3059,477,3093,466,3163,492,104,15
高雄市小港區松金里,2064,346,2009,331,1939,320,-125,-26
高雄市小港區松山里,2457,391,2393,371,2367,355,-90,-36
高雄市小港區大坪里,2312,331,2330,318,2340,308,28,-23
高雄市小港區坪頂里,5039,792,5079,788,5049,769,10,-23
高雄市小港區孔宅里,3809,515,3861,526,3831,525,22,10
高雄市小港區廈莊里,3035,547,3142,579,3233,621,198,74
高雄市小港區合作里,2020,335,1979,320,1986,310,-34,-25
高雄市小港區桂林里,6615,1106,6506,1079,6364,1061,-251,-45
高雄市小港區中厝里,3015,452,3021,453,2973,471,-42,19
高雄市小港區鳳鳴里,2524,269,2485,247,2448,236,-76,-33
高雄市小港區龍鳳里,2501,280,2468,264,2451,260,-50,-20
高雄市小港區鳳森里,1759,188,1735,196,1702,191,-57,3
高雄市小港區鳳林里,2438,269,2399,256,2367,254,-71,-15
高雄市小港區鳳興里,2069,249,2055,235,2025,226,-44,-23
高雄市小港區鳳源里,3013,369,2976,334,2925,332,-88,-37
高雄市鳳山區縣口里,283,36,257,36,253,35,-30,-1
高雄市鳳山區成功里,407,57,382,50,369,47,-38,-10
高雄市鳳山區光明里,942,114,919,124,879,118,-63,4
高雄市鳳山區興中里,717,130,675,131,657,138,-60,8
高雄市鳳山區南興里,621,136,621,141,611,135,-10,-1
高雄市鳳山區和德里,1684,496,1660,503,1593,492,-91,-4
高雄市鳳山區鳳崗里,755,129,735,117,698,104,-57,-25
高雄市鳳山區中和里,2553,303,2495,323,2388,322,-165,19
高雄市鳳山區鎮北里,7675,1205,8170,1292,8585,1341,910,136
高雄市鳳山區縣衙里,609,79,572,66,562,75,-47,-4
高雄市鳳山區文英里,2851,361,2800,368,2766,363,-85,2
高雄市鳳山區鎮西里,3704,497,3581,484,3486,471,-218,-26
高雄市鳳山區鎮東里,1937,288,1902,268,1877,244,-60,-44
高雄市鳳山區埤頂里,4745,860,4691,828,4562,810,-183,-50
高雄市鳳山區中正里,2873,475,2895,502,2972,510,99,35
高雄市鳳山區瑞竹里,3845,778,3849,809,3852,780,7,2
高雄市鳳山區忠義里,3686,415,3613,388,3492,387,-194,-28
高雄市鳳山區誠義里,3241,310,3241,292,3172,258,-69,-52
高雄市鳳山區新興里,1852,162,2393,184,2495,172,643,10
高雄市鳳山區海光里,2381,343,2318,345,2210,331,-171,-12
高雄市鳳山區忠誠里,2712,376,2689,387,2595,371,-117,-5
高雄市鳳山區東門里,4205,631,4158,614,4059,580,-146,-51
高雄市鳳山區瑞興里,4069,673,4041,675,3957,654,-112,-19
高雄市鳳山區鳳東里,4969,1021,4970,992,4949,988,-20,-33
高雄市鳳山區文德里,7298,854,7216,807,7081,778,-217,-76
高雄市鳳山區曹公里,1398,177,1338,167,1343,176,-55,-1
高雄市鳳山區興仁里,2597,479,2501,447,2438,450,-159,-29
高雄市鳳山區忠孝里,4412,591,4306,589,4195,593,-217,2
高雄市鳳山區生明里,1603,183,1578,168,1532,167,-71,-16
高雄市鳳山區和興里,3805,1123,3688,1126,3530,1071,-275,-52
高雄市鳳山區協和里,2571,426,2527,433,2441,425,-130,-1
高雄市鳳山區文山里,4963,657,4940,700,4791,685,-172,28
高雄市鳳山區誠德里,2028,317,2056,330,2033,299,5,-18
高雄市鳳山區三民里,713,119,703,130,685,145,-28,26
高雄市鳳山區北門里,3155,492,3112,501,3036,471,-119,-21
高雄市鳳山區文華里,6620,1552,6575,1546,6482,1450,-138,-102
高雄市鳳山區武松里,2077,189,2026,169,1971,156,-106,-33
高雄市鳳山區文衡里,3426,454,3402,458,3336,445,-90,-9
高雄市鳳山區文福里,8064,1670,7941,1671,7976,1725,-88,55
高雄市鳳山區誠信里,1824,212,1808,213,1765,193,-59,-19
高雄市鳳山區誠智里,2187,236,2167,227,2139,231,-48,-5
高雄市鳳山區鎮南里,3814,418,3753,419,3672,372,-142,-46
高雄市鳳山區老爺里,5479,664,5365,645,5232,635,-247,-29
高雄市鳳山區新甲里,2329,443,2273,422,2366,439,37,-4
高雄市鳳山區武漢里,3774,587,3651,536,3592,555,-182,-32
高雄市鳳山區正義里,4847,621,4761,622,4638,570,-209,-51
高雄市鳳山區一甲里,2530,277,2451,252,2389,239,-141,-38
高雄市鳳山區福興里,4550,948,4469,953,4345,961,-205,13
高雄市鳳山區天興里,2709,415,2674,431,2597,468,-112,53
高雄市鳳山區新強里,4323,897,4237,847,4197,826,-126,-71
高雄市鳳山區國泰里,2651,306,2529,278,2492,268,-159,-38
高雄市鳳山區新富里,3123,531,2994,535,2957,523,-166,-8
高雄市鳳山區國光里,2317,282,2235,284,2186,263,-131,-19
高雄市鳳山區國隆里,1781,211,1714,205,1648,200,-133,-11
高雄市鳳山區過埤里,11760,2390,11936,2461,12025,2475,265,85
高雄市鳳山區五福里,2280,497,2239,506,2236,531,-44,34
高雄市鳳山區福誠里,3732,787,3773,800,3773,825,41,38
高雄市鳳山區富甲里,1969,176,1401,141,1373,127,-596,-49
高雄市鳳山區南成里,6687,1688,6677,1708,6898,1716,211,28
高雄市鳳山區大德里,3533,646,3487,654,3452,631,-81,-15
高雄市鳳山區國富里,2056,244,2000,240,1931,232,-125,-12
高雄市鳳山區武慶里,1819,297,1800,282,1752,290,-67,-7
高雄市鳳山區海洋里,3118,491,3036,484,2950,485,-168,-6
高雄市鳳山區新武里,1751,319,1724,317,1704,293,-47,-26
高雄市鳳山區新樂里,3745,581,3662,585,3542,585,-203,4
高雄市鳳山區新泰里,3512,679,3436,665,3360,636,-152,-43
高雄市鳳山區中崙里,2041,203,1979,176,1899,166,-142,-37
高雄市鳳山區中榮里,3724,295,3673,307,3580,302,-144,7
高雄市鳳山區中民里,3797,322,3749,317,3628,282,-169,-40
高雄市鳳山區二甲里,3620,729,3572,677,3521,631,-99,-98
高雄市鳳山區龍成里,2182,244,2123,233,2048,213,-134,-31
高雄市鳳山區富榮里,2018,337,1988,316,1934,321,-84,-16
高雄市鳳山區善美里,4480,472,4412,461,4345,445,-135,-27
高雄市鳳山區南和里,2130,307,2069,282,2011,267,-119,-40
高雄市鳳山區福祥里,2157,414,2092,387,2065,364,-92,-50
高雄市鳳山區保安里,5666,1845,5834,1857,5821,1787,155,-58
高雄市林園區東林里,2274,434,2236,410,2231,405,-43,-29
高雄市林園區林園里,2461,435,2386,427,2366,431,-95,-4
高雄市林園區溪州里,3314,520,3287,504,3331,497,17,-23
高雄市林園區潭頭里,2266,275,2253,248,2192,236,-74,-39
高雄市林園區中厝里,2432,316,2426,278,2446,274,14,-42
高雄市林園區中門里,1979,257,1938,246,1913,241,-66,-16
高雄市林園區頂厝里,3719,554,3706,556,3714,546,-5,-8
高雄市林園區港埔里,1446,154,1404,162,1380,150,-66,-4
高雄市林園區西溪里,2878,361,2805,360,2741,340,-137,-21
高雄市林園區港嘴里,1357,185,1337,174,1303,160,-54,-25
高雄市林園區北汕里,1259,138,1238,133,1204,121,-55,-17
高雄市林園區林內里,1661,242,1639,249,1589,252,-72,10
高雄市林園區王公里,3434,594,3396,579,3346,554,-88,-40
高雄市林園區林家里,1016,90,983,100,972,107,-44,17
高雄市林園區龔厝里,1509,175,1532,177,1505,186,-4,11
高雄市林園區鳳芸里,1392,201,1364,190,1349,169,-43,-32
高雄市林園區中芸里,1451,163,1395,164,1366,147,-85,-16
高雄市林園區東汕里,696,62,695,62,680,58,-16,-4
高雄市林園區西汕里,602,53,589,48,575,53,-27,0
高雄市林園區仁愛里,2383,431,2357,417,2330,412,-53,-19
高雄市林園區文賢里,1955,237,1942,228,1919,255,-36,18
高雄市林園區廣應里,2787,467,2771,456,2708,444,-79,-23
高雄市林園區五福里,2153,368,2181,385,2180,382,27,14
高雄市林園區中汕里,1880,206,1847,192,1802,177,-78,-29
高雄市大寮區拷潭里,1114,114,1080,113,1046,113,-68,-1
高雄市大寮區內坑里,4897,728,4873,729,4791,683,-106,-45
高雄市大寮區大寮里,5503,814,5447,806,5349,794,-154,-20
高雄市大寮區上寮里,1972,272,1922,260,1892,271,-80,-1
高雄市大寮區三隆里,3675,452,3583,455,3547,478,-128,26
高雄市大寮區琉球里,3606,419,3621,411,3664,413,58,-6
高雄市大寮區翁園里,3240,440,3200,439,3132,432,-108,-8
高雄市大寮區前庄里,1817,174,1801,190,1730,188,-87,14
高雄市大寮區中庄里,8795,1345,8583,1363,8422,1340,-373,-5
高雄市大寮區後庄里,6283,938,6231,904,6186,881,-97,-57
高雄市大寮區義仁里,1405,140,1375,129,1343,135,-62,-5
高雄市大寮區新厝里,1311,159,1295,164,1280,157,-31,-2
高雄市大寮區過溪里,2067,227,2050,226,2004,222,-63,-5
高雄市大寮區潮寮里,2328,249,2264,240,2246,252,-82,3
高雄市大寮區會結里,1229,121,1217,141,1202,141,-27,20
高雄市大寮區會社里,4928,659,4957,655,4900,650,-28,-9
高雄市大寮區山頂里,6217,766,6112,734,6032,670,-185,-96
高雄市大寮區忠義里,378,19,365,21,358,21,-20,2
高雄市大寮區永芳里,5556,794,5445,730,5356,714,-200,-80
高雄市大寮區義和里,1621,177,1612,176,1586,191,-35,14
高雄市大寮區溪寮里,1213,141,1180,127,1185,127,-28,-14
高雄市大寮區江山里,1476,191,1470,208,1432,202,-44,11
高雄市大寮區昭明里,2909,303,2874,317,2885,319,-24,16
高雄市大寮區光武里,132,7,129,7,101,1,-31,-6
高雄市大寮區中興里,5421,408,5355,397,5232,391,-189,-17
高雄市大樹區竹寮里,2151,259,2138,252,2075,250,-76,-9
高雄市大樹區九曲里,4227,604,4205,588,4218,578,-9,-26
高雄市大樹區久堂里,3150,377,3111,393,3063,351,-87,-26
高雄市大樹區水安里,1800,219,1765,210,1745,198,-55,-21
高雄市大樹區水寮里,1704,215,1643,207,1590,197,-114,-18
高雄市大樹區檨腳里,2680,333,2650,337,2589,328,-91,-5
高雄市大樹區興山里,830,134,805,124,784,114,-46,-20
高雄市大樹區和山里,770,72,746,68,720,61,-50,-11
高雄市大樹區姑山里,698,88,697,85,691,60,-7,-28
高雄市大樹區大坑里,1138,156,1135,145,1077,148,-61,-8
高雄市大樹區井腳里,1199,140,1180,142,1138,130,-61,-10
高雄市大樹區小坪里,1020,139,1001,122,981,124,-39,-15
高雄市大樹區龍目里,1386,133,1348,129,1316,134,-70,1
高雄市大樹區大樹里,1937,244,1927,240,1901,251,-36,7
高雄市大樹區三和里,726,90,732,92,706,80,-20,-10
高雄市大樹區溪埔里,1181,162,1148,172,1113,166,-68,4
高雄市大樹區興田里,1439,133,1394,116,1347,99,-92,-34
高雄市大樹區統嶺里,509,36,496,35,482,31,-27,-5
高雄市大社區嘉誠里,695,93,669,83,649,88,-46,-5
高雄市大社區保社里,2657,263,2652,236,2642,241,-15,-22
高雄市大社區大社里,3969,472,3831,447,3756,425,-213,-47
高雄市大社區翠屏里,1336,157,1291,146,1229,139,-107,-18
高雄市大社區三奶里,2066,247,2054,234,2039,248,-27,1
高雄市大社區觀音里,4355,571,4292,561,4263,544,-92,-27
高雄市大社區神農里,4124,527,4033,516,3957,496,-167,-31
高雄市大社區中里里,2553,300,2510,279,2452,269,-101,-31
高雄市大社區保安里,2532,337,2462,331,2397,348,-135,11
高雄市仁武區大灣里,3520,457,3516,449,3650,459,130,2
高雄市仁武區灣內里,6527,1132,6565,1206,6631,1232,104,100
高雄市仁武區考潭里,1935,195,1910,210,1873,222,-62,27
高雄市仁武區烏林里,3050,484,3038,498,2972,467,-78,-17
高雄市仁武區仁福里,613,53,619,50,618,52,5,-1
高雄市仁武區仁武里,4347,680,4345,664,4249,636,-98,-44
高雄市仁武區文武里,7387,1321,7410,1340,7402,1269,15,-52
高雄市仁武區竹後里,1697,169,1659,168,1613,163,-84,-6
高雄市仁武區八卦里,14237,1984,14514,1937,15220,1997,983,13
高雄市仁武區高楠里,1582,165,1841,229,2039,312,457,147
高雄市仁武區後安里,1961,325,1948,299,1963,302,2,-23
高雄市仁武區中華里,1315,106,1258,108,1218,104,-97,-2
高雄市仁武區五和里,4111,619,4285,626,4381,636,270,17
高雄市仁武區仁和里,3189,574,3197,566,3202,510,13,-64
高雄市仁武區赤山里,5372,946,5517,959,5675,933,303,-13
高雄市仁武區仁慈里,1743,224,1723,242,1683,224,-60,0
高雄市鳥松區鳥松里,8158,927,8160,907,8039,855,-119,-72
高雄市鳥松區夢裡里,3661,382,3679,368,3670,362,9,-20
高雄市鳥松區大華里,7358,817,7226,861,7064,899,-294,82
高雄市鳥松區坔埔里,2727,297,2709,315,2624,290,-103,-7
高雄市鳥松區仁美里,4939,576,4871,582,4827,544,-112,-32
高雄市鳥松區大竹里,499,66,492,57,468,59,-31,-7
高雄市鳥松區華美里,3108,432,3014,420,2900,404,-208,-28
高雄市岡山區平安里,787,128,740,123,701,117,-86,-11
高雄市岡山區岡山里,3489,557,3435,557,3375,581,-114,24
高雄市岡山區壽天里,2544,625,2470,616,2420,613,-124,-12
高雄市岡山區維仁里,730,105,698,120,683,116,-47,11
高雄市岡山區後紅里,3566,449,3526,445,3507,443,-59,-6
高雄市岡山區大遼里,994,105,980,102,1024,111,30,6
高雄市岡山區忠孝里,1994,416,2019,450,1958,435,-36,19
高雄市岡山區和平里,246,34,229,32,224,38,-22,4
高雄市岡山區前峰里,2215,347,2189,322,2178,305,-37,-42
高雄市岡山區劉厝里,1054,129,1032,126,1017,133,-37,4
高雄市岡山區協和里,2966,426,2906,427,2830,408,-136,-18
高雄市岡山區後協里,4489,612,4394,610,4281,584,-208,-28
高雄市岡山區信義里,1216,171,1190,144,1183,157,-33,-14
高雄市岡山區潭底里,597,73,592,88,570,77,-27,4
高雄市岡山區三和里,662,78,652,74,630,77,-32,-1
高雄市岡山區仁壽里,2496,291,2439,290,2379,293,-117,2
高雄市岡山區碧紅里,3170,460,3111,454,3049,434,-121,-26
高雄市岡山區程香里,3446,482,3407,455,3345,462,-101,-20
高雄市岡山區竹圍里,5994,1435,5991,1436,5985,1392,-9,-43
高雄市岡山區台上里,4827,1102,4978,1118,5000,1110,173,8
高雄市岡山區灣裡里,1538,243,1542,250,1524,233,-14,-10
高雄市岡山區白米里,1543,216,1556,210,1609,218,66,2
高雄市岡山區石潭里,1515,216,1504,211,1473,194,-42,-22
高雄市岡山區福興里,796,100,797,102,772,93,-24,-7
高雄市岡山區本洲里,1387,209,1354,195,1350,182,-37,-27
高雄市岡山區嘉興里,2626,343,2572,327,2540,317,-86,-26
高雄市岡山區嘉峰里,1386,180,1384,182,1359,177,-27,-3
高雄市岡山區華崗里,1254,164,1219,169,1193,152,-61,-12
高雄市岡山區大莊里,745,152,747,160,728,148,-17,-4
高雄市岡山區協榮里,1661,199,1610,190,1554,183,-107,-16
高雄市岡山區為隨里,503,115,495,102,484,107,-19,-8
高雄市岡山區壽峰里,1780,331,1735,330,1704,326,-76,-5
高雄市岡山區仁義里,1138,195,1110,199,1080,220,-58,25
高雄市橋頭區橋頭里,1611,283,1607,280,1556,236,-55,-47
高雄市橋頭區橋南里,740,112,714,114,709,108,-31,-4
高雄市橋頭區仕隆里,1703,218,1663,216,1612,200,-91,-18
高雄市橋頭區仕豐里,1889,275,2001,295,1978,279,89,4
高雄市橋頭區芋寮里,895,85,892,95,869,93,-26,8
高雄市橋頭區東林里,1801,256,1742,241,1711,241,-90,-15
高雄市橋頭區西林里,986,129,953,119,929,110,-57,-19
高雄市橋頭區白樹里,2675,453,2615,446,2561,438,-114,-15
高雄市橋頭區筆秀里,1200,143,1174,148,1144,143,-56,0
高雄市橋頭區新莊里,2088,289,2802,392,3397,515,1309,226
高雄市橋頭區甲北里,1500,148,1476,135,1468,142,-32,-6
高雄市橋頭區甲南里,1827,188,1768,178,1774,174,-53,-14
高雄市橋頭區頂鹽里,1104,76,1070,72,1043,50,-61,-26
高雄市橋頭區中崎里,483,43,478,38,472,46,-11,3
高雄市橋頭區仕和里,2854,376,2767,356,2684,357,-170,-19
高雄市橋頭區德松里,1117,224,1119,226,1130,241,13,17
高雄市橋頭區三德里,572,114,569,98,576,91,4,-23
高雄市燕巢區尖山里,810,78,782,74,749,70,-61,-8
高雄市燕巢區瓊林里,1642,220,1607,219,1586,210,-56,-10
高雄市燕巢區安招里,2471,342,2437,318,2389,317,-82,-25
高雄市燕巢區角宿里,2157,226,2116,230,2059,225,-98,-1
高雄市燕巢區鳳雄里,1825,173,1853,166,1834,159,9,-14
高雄市燕巢區金山里,338,42,326,41,321,36,-17,-6
高雄市燕巢區東燕里,1831,252,1807,245,1771,229,-60,-23
高雄市燕巢區南燕里,3054,415,3106,429,3042,386,-12,-29
高雄市燕巢區西燕里,2671,365,2587,338,2548,323,-123,-42
高雄市燕巢區橫山里,1472,115,1449,112,1408,111,-64,-4
高雄市燕巢區深水里,1833,193,1762,192,1718,188,-115,-5
高雄市田寮區鹿埔里,261,23,247,25,243,19,-18,-4
高雄市田寮區南安里,657,34,631,28,617,29,-40,-5
高雄市田寮區大同里,241,12,231,12,227,10,-14,-2
高雄市田寮區田寮里,248,7,230,8,213,6,-35,-1
高雄市田寮區七星里,354,17,340,18,324,13,-30,-4
高雄市田寮區崇德里,655,75,647,74,626,78,-29,3
高雄市田寮區西德里,513,35,516,39,498,43,-15,8
高雄市田寮區三和里,234,21,217,18,201,18,-33,-3
高雄市田寮區古亭里,306,25,291,24,281,26,-25,1
高雄市田寮區新興里,814,70,789,66,769,66,-45,-4
高雄市阿蓮區石安里,1013,113,990,100,964,101,-49,-12
高雄市阿蓮區中路里,1539,216,1500,207,1471,201,-68,-15
高雄市阿蓮區峯山里,956,118,935,125,918,130,-38,12
高雄市阿蓮區港後里,1729,262,1688,264,1636,266,-93,4
高雄市阿蓮區崗山里,572,62,576,66,549,65,-23,3
高雄市阿蓮區阿蓮里,3988,648,3998,638,3894,616,-94,-32
高雄市阿蓮區清蓮里,2097,312,2070,318,2031,314,-66,2
高雄市阿蓮區和蓮里,1861,267,1825,260,1781,263,-80,-4
高雄市阿蓮區青旗里,1186,143,1173,145,1169,141,-17,-2
高雄市阿蓮區復安里,1312,132,1262,126,1240,116,-72,-16
高雄市阿蓮區玉庫里,812,79,803,73,818,68,6,-11
高雄市阿蓮區南蓮里,2393,337,2323,340,2275,337,-118,0
高雄市路竹區竹滬里,2648,433,2636,430,2628,411,-20,-22
高雄市路竹區頂寮里,891,148,878,145,855,138,-36,-10
高雄市路竹區新達里,967,127,948,129,911,127,-56,0
高雄市路竹區後鄉里,866,145,860,161,845,150,-21,5
高雄市路竹區北嶺里,1016,138,975,136,944,128,-72,-10
高雄市路竹區社西里,1778,238,1740,223,1686,199,-92,-39
高雄市路竹區甲北里,1621,250,1596,254,1560,264,-61,14
高雄市路竹區甲南里,2579,365,2498,364,2460,365,-119,0
高雄市路竹區下坑里,2089,303,2042,296,1992,296,-97,-7
高雄市路竹區竹園里,1433,140,1419,145,1396,135,-37,-5
高雄市路竹區竹東里,2763,693,2756,696,2736,669,-27,-24
高雄市路竹區竹西里,1755,379,1720,393,1644,418,-111,39
高雄市路竹區文北里,2447,566,2389,523,2325,520,-122,-46
高雄市路竹區文南里,1847,451,1816,421,1766,413,-81,-38
高雄市路竹區三爺里,640,88,634,85,616,81,-24,-7
高雄市路竹區鴨寮里,1561,298,1547,298,1500,298,-61,0
高雄市路竹區社東里,1310,144,1283,148,1267,144,-43,0
高雄市路竹區社中里,645,68,616,62,583,58,-62,-10
高雄市路竹區竹南里,2034,498,2018,476,1959,446,-75,-52
高雄市路竹區社南里,3693,390,3612,394,3573,381,-120,-9
高雄市湖內區海山里,807,77,792,84,768,84,-39,7
高雄市湖內區劉家里,754,67,729,60,730,65,-24,-2
高雄市湖內區太爺里,556,64,540,71,527,73,-29,9
高雄市湖內區公舘里,1805,299,1817,313,1786,301,-19,2
高雄市湖內區葉厝里,2162,381,2141,362,2100,382,-62,1
高雄市湖內區大湖里,2963,417,2958,421,2939,409,-24,-8
高雄市湖內區田尾里,709,91,700,89,720,92,11,1
高雄市湖內區湖內里,3150,404,3153,403,3147,416,-3,12
高雄市湖內區海埔里,1379,160,1330,162,1302,158,-77,-2
高雄市湖內區文賢里,867,111,852,110,886,100,19,-11
高雄市湖內區中賢里,1727,192,1698,190,1666,194,-61,2
高雄市湖內區逸賢里,888,96,899,95,886,102,-2,6
高雄市湖內區忠興里,504,49,502,44,508,46,4,-3
高雄市湖內區湖東里,2227,274,2203,266,2215,267,-12,-7
高雄市茄萣區福德里,732,71,713,72,695,70,-37,-1
高雄市茄萣區萬福里,672,77,654,86,635,72,-37,-5
高雄市茄萣區白雲里,1313,141,1293,148,1297,154,-16,13
高雄市茄萣區嘉賜里,3101,460,3086,471,3041,485,-60,25
高雄市茄萣區嘉安里,1462,195,1441,210,1407,226,-55,31
高雄市茄萣區嘉定里,807,78,788,72,780,71,-27,-7
高雄市茄萣區保定里,2242,230,2262,257,2233,248,-9,18
高雄市茄萣區光定里,684,56,671,60,655,59,-29,3
高雄市茄萣區大定里,804,66,787,67,761,67,-43,1
高雄市茄萣區吉定里,858,92,828,91,808,83,-50,-9
高雄市茄萣區嘉樂里,1627,186,1606,209,1564,195,-63,9
高雄市茄萣區嘉泰里,869,105,840,96,814,100,-55,-5
高雄市茄萣區嘉福里,744,82,730,78,719,76,-25,-6
高雄市茄萣區和協里,860,96,842,92,838,89,-22,-7
高雄市茄萣區崎漏里,3687,446,3675,451,3691,468,4,22
高雄市永安區永安里,1206,148,1172,143,1173,140,-33,-8
高雄市永安區永華里,1420,170,1400,168,1378,160,-42,-10
高雄市永安區新港里,1831,190,1795,161,1752,157,-79,-33
高雄市永安區鹽田里,271,40,263,48,260,39,-11,-1
高雄市永安區保寧里,2156,266,2148,248,2141,245,-15,-21
高雄市永安區維新里,2834,448,2753,428,2725,413,-109,-35
高雄市彌陀區光和里,1017,170,1036,161,1031,164,14,-6
高雄市彌陀區彌靖里,1417,218,1369,203,1382,204,-35,-14
高雄市彌陀區彌仁里,374,51,370,51,365,46,-9,-5
高雄市彌陀區彌壽里,534,65,520,63,513,62,-21,-3
高雄市彌陀區彌陀里,1364,235,1336,224,1302,212,-62,-23
高雄市彌陀區舊港里,1265,146,1244,135,1218,134,-47,-12
高雄市彌陀區文安里,1349,145,1318,134,1280,126,-69,-19
高雄市彌陀區鹽埕里,1629,223,1592,229,1548,206,-81,-17
高雄市彌陀區過港里,713,90,715,98,702,100,-11,10
高雄市彌陀區海尾里,652,87,621,74,604,67,-48,-20
高雄市彌陀區漯底里,950,138,916,131,909,132,-41,-6
高雄市彌陀區南寮里,1649,211,1639,203,1639,193,-10,-18
高雄市梓官區梓信里,1657,216,1618,215,1587,217,-70,1
高雄市梓官區梓義里,1616,220,1580,213,1529,213,-87,-7
高雄市梓官區梓和里,1735,266,1705,248,1656,241,-79,-25
高雄市梓官區梓平里,1195,212,1201,225,1186,218,-9,6
高雄市梓官區中崙里,922,137,916,133,911,143,-11,6
高雄市梓官區赤崁里,1417,160,1391,147,1352,139,-65,-21
高雄市梓官區禮蚵里,1607,159,1575,151,1533,139,-74,-20
高雄市梓官區智蚵里,2287,261,2270,258,2235,229,-52,-32
高雄市梓官區信蚵里,2018,220,1976,216,1919,196,-99,-24
高雄市梓官區同安里,772,102,771,95,762,95,-10,-7
高雄市梓官區大舍里,2890,438,2899,456,2908,461,18,23
高雄市梓官區赤東里,1756,160,1732,145,1704,122,-52,-38
高雄市梓官區赤西里,663,86,650,78,636,74,-27,-12
高雄市梓官區茄苳里,1876,203,1848,186,1788,173,-88,-30
高雄市梓官區典寶里,2410,230,2382,218,2377,201,-33,-29
高雄市旗山區太平里,1559,294,1561,292,1542,311,-17,17
高雄市旗山區大德里,1713,306,1664,298,1620,293,-93,-13
高雄市旗山區湄洲里,1133,163,1089,139,1053,136,-80,-27
高雄市旗山區圓富里,1384,153,1360,168,1346,160,-38,7
高雄市旗山區中正里,1098,132,1076,123,1038,109,-60,-23
高雄市旗山區大林里,971,86,943,87,934,80,-37,-6
高雄市旗山區上洲里,743,49,729,47,704,50,-39,1
高雄市旗山區新光里,526,43,513,51,492,48,-34,5
高雄市旗山區南勝里,1501,155,1471,130,1432,128,-69,-27
高雄市旗山區中寮里,115,2,113,2,111,2,-4,0
高雄市旗山區東平里,1413,150,1362,144,1322,134,-91,-16
高雄市旗山區東昌里,715,62,698,67,679,72,-36,10
高雄市旗山區竹峰里,1164,162,1169,171,1147,151,-17,-11
高雄市旗山區瑞吉里,1549,245,1525,247,1478,245,-71,0
高雄市旗山區永和里,2642,490,2569,479,2488,441,-154,-49
高雄市旗山區三協里,1657,231,1609,231,1597,219,-60,-12
高雄市旗山區鯤洲里,454,32,426,27,409,17,-45,-15
高雄市旗山區大山里,858,77,843,81,813,72,-45,-5
高雄市旗山區中洲里,549,45,535,50,511,45,-38,0
高雄市旗山區南洲里,883,57,857,59,829,61,-54,4
高雄市旗山區廣福里,452,46,442,33,433,28,-19,-18
高雄市美濃區福安里,1759,167,1707,148,1663,150,-96,-17
高雄市美濃區合和里,1631,219,1584,216,1547,227,-84,8
高雄市美濃區祿興里,1747,211,1707,186,1678,192,-69,-19
高雄市美濃區中壇里,1399,176,1380,176,1319,153,-80,-23
高雄市美濃區德興里,1058,116,1020,109,990,100,-68,-16
高雄市美濃區龍山里,1391,126,1359,122,1313,108,-78,-18
高雄市美濃區獅山里,1743,209,1689,192,1636,176,-107,-33
高雄市美濃區龍肚里,853,71,807,63,771,65,-82,-6
高雄市美濃區廣德里,892,70,888,65,851,54,-41,-16
高雄市美濃區興隆里,724,61,694,55,674,52,-50,-9
高雄市美濃區中圳里,1465,171,1448,166,1422,179,-43,8
高雄市美濃區東門里,773,60,740,65,712,55,-61,-5
高雄市美濃區泰安里,1058,153,1055,143,1014,130,-44,-23
高雄市美濃區瀰濃里,1417,182,1429,194,1406,189,-11,7
高雄市美濃區清水里,1257,144,1213,132,1164,120,-93,-24
高雄市美濃區吉洋里,1337,113,1302,109,1290,101,-47,-12
高雄市美濃區吉和里,1000,90,972,87,932,78,-68,-12
高雄市美濃區吉東里,1298,162,1265,145,1243,144,-55,-18
高雄市美濃區廣林里,987,93,951,84,912,74,-75,-19
高雄市六龜區新威里,485,45,454,38,450,31,-35,-14
高雄市六龜區新興里,455,40,450,42,444,36,-11,-4
高雄市六龜區新寮里,466,31,427,28,418,25,-48,-6
高雄市六龜區新發里,700,75,684,79,649,73,-51,-2
高雄市六龜區荖濃里,1001,114,967,99,971,94,-30,-20
高雄市六龜區六龜里,701,62,671,61,649,67,-52,5
高雄市六龜區義寶里,743,100,724,87,706,85,-37,-15
高雄市六龜區興龍里,618,72,604,68,574,64,-44,-8
高雄市六龜區中興里,1040,110,1000,112,971,109,-69,-1
高雄市六龜區寶來里,625,74,593,75,560,70,-65,-4
高雄市六龜區文武里,1080,124,1041,118,1021,124,-59,0
高雄市六龜區大津里,214,18,210,16,206,16,-8,-2
高雄市甲仙區東安里,319,26,311,22,289,22,-30,-4
高雄市甲仙區西安里,595,78,600,81,571,82,-24,4
高雄市甲仙區和安里,440,45,426,44,438,49,-2,4
高雄市甲仙區大田里,1223,120,1194,114,1158,113,-65,-7
高雄市甲仙區寶隆里,466,39,448,36,442,35,-24,-4
高雄市甲仙區關山里,403,31,393,33,379,27,-24,-4
高雄市甲仙區小林里,416,54,392,47,388,47,-28,-7
高雄市杉林區杉林里,467,39,445,34,429,34,-38,-5
高雄市杉林區木梓里,451,22,437,21,413,22,-38,0
高雄市杉林區集來里,878,71,843,65,814,64,-64,-7
高雄市杉林區新庄里,967,75,941,70,905,64,-62,-11
高雄市杉林區上平里,1109,90,1075,93,1040,100,-69,10
高雄市杉林區月眉里,1112,88,1091,102,1051,97,-61,9
高雄市杉林區月美里,874,78,830,78,800,71,-74,-7
高雄市杉林區大愛里,1577,255,1585,258,1553,241,-24,-14
高雄市內門區溝坪里,705,64,693,61,667,59,-38,-5
高雄市內門區金竹里,439,24,423,22,406,17,-33,-7
高雄市內門區永富里,703,89,683,85,674,73,-29,-16
高雄市內門區永吉里,294,12,279,15,272,13,-22,1
高雄市內門區永興里,280,25,274,22,268,20,-12,-5
高雄市內門區石坑里,373,31,357,25,346,28,-27,-3
高雄市內門區內門里,723,69,705,71,691,72,-32,3
高雄市內門區內豊里,918,94,888,95,869,93,-49,-1
高雄市內門區觀亭里,1195,131,1168,119,1144,110,-51,-21
高雄市內門區中埔里,387,34,372,27,356,25,-31,-9
高雄市內門區內東里,548,43,535,49,516,46,-32,3
高雄市內門區內南里,300,17,283,19,281,24,-19,7
高雄市內門區東埔里,351,25,345,21,339,19,-12,-6
高雄市內門區三平里,508,43,491,42,477,41,-31,-2
高雄市內門區木柵里,418,29,413,29,404,30,-14,1
高雄市內門區內興里,441,40,439,43,434,44,-7,4
高雄市內門區瑞山里,212,19,202,15,197,13,-15,-6
高雄市內門區光興里,488,51,472,46,470,49,-18,-2
高雄市茂林區茂林里,656,127,646,115,627,111,-29,-16
高雄市茂林區萬山里,327,37,311,36,302,34,-25,-3
高雄市茂林區多納里,464,95,451,98,437,96,-27,1
高雄市桃源區桃源里,705,148,698,141,696,142,-9,-6
高雄市桃源區寶山里,388,43,372,45,358,45,-30,2
高雄市桃源區建山里,540,116,525,106,515,100,-25,-16
高雄市桃源區高中里,568,129,566,119,553,113,-15,-16
高雄市桃源區勤和里,205,45,198,42,192,43,-13,-2
高雄市桃源區復興里,263,40,257,34,256,28,-7,-12
高雄市桃源區拉芙蘭里,216,51,216,40,203,36,-13,-15
高雄市桃源區梅山里,238,32,226,33,223,36,-15,4
高雄市那瑪夏區達卡努瓦里,1219,281,1208,278,1211,276,-8,-5
高雄市那瑪夏區瑪雅里,552,143,549,148,541,140,-11,-3
高雄市那瑪夏區南沙魯里,390,112,382,112,378,104,-12,-8
