year,age_range,male,female,total
2019,0-4,4487,4222,8709
2019,5-9,3186,2974,6160
2019,10-14,2728,2388,5116
2019,15-19,3994,3608,7602
2019,20-24,5011,4708,9719
2019,25-29,5696,5494,11190
2019,30-34,6230,6531,12761
2019,35-39,8400,8378,16778
2019,40-44,7723,7578,15301
2019,45-49,6635,6928,13563
2019,50-54,6939,7263,14202
2019,55-59,7092,7757,14849
2019,60-64,6956,7563,14519
2019,65-69,6158,6757,12915
2019,70-74,3603,4491,8094
2019,75-79,2792,3694,6486
2019,80-84,1883,2705,4588
2019,85-89,1361,1563,2924
2019,90-94,689,728,1417
2019,95-99,199,178,377
2019,100+,47,16,63
2020,0-4,4244,4035,8279
2020,5-9,3665,3400,7065
2020,10-14,2601,2294,4895
2020,15-19,3716,3274,6990
2020,20-24,4840,4526,9366
2020,25-29,5537,5354,10891
2020,30-34,6084,6203,12287
2020,35-39,8080,8234,16314
2020,40-44,8097,7944,16041
2020,45-49,6519,6718,13237
2020,50-54,6867,7218,14085
2020,55-59,6957,7657,14614
2020,60-64,7019,7511,14530
2020,65-69,6347,7125,13472
2020,70-74,4027,4933,8960
2020,75-79,2686,3536,6222
2020,80-84,1931,2872,4803
2020,85-89,1287,1628,2915
2020,90-94,723,770,1493
2020,95-99,196,191,387
2020,100+,0,0,0
2021,0-4,4000,3787,7787
2021,5-9,4120,3828,7948
2021,10-14,2561,2278,4839
2021,15-19,3417,3082,6499
2021,20-24,4655,4242,8897
2021,25-29,5435,5235,10670
2021,30-34,6037,5985,12022
2021,35-39,7506,7858,15364
2021,40-44,8269,8062,16331
2021,45-49,6706,6909,13615
2021,50-54,6782,7083,13865
2021,55-59,6938,7649,14587
2021,60-64,6852,7424,14276
2021,65-69,6429,7162,13591
2021,70-74,4619,5603,10222
2021,75-79,2579,3396,5975
2021,80-84,1999,3022,5021
2021,85-89,1221,1697,2918
2021,90-94,755,797,1552
2021,95-99,195,214,409
2021,100+,0,0,0
2022,0-4,3817,3610,7427
2022,5-9,4361,4056,8417
2022,10-14,2718,2437,5155
2022,15-19,3169,2885,6054
2022,20-24,4333,3954,8287
2022,25-29,5448,5076,10524
2022,30-34,5920,5852,11772
2022,35-39,7016,7365,14381
2022,40-44,8356,8318,16674
2022,45-49,6965,7029,13994
2022,50-54,6685,7036,13721
2022,55-59,6834,7548,14382
2022,60-64,6857,7500,14357
2022,65-69,6370,7115,13485
2022,70-74,5055,5977,11032
2022,75-79,2624,3510,6134
2022,80-84,2014,3096,5110
2022,85-89,1228,1754,2982
2022,90-94,739,831,1570
2022,95-99,209,234,443
2022,100+,0,0,0
2023,0-4,3746,3463,7209
2023,5-9,4480,4293,8773
2023,10-14,2934,2639,5573
2023,15-19,2921,2599,5520
2023,20-24,4192,3798,7990
2023,25-29,5207,4897,10104
2023,30-34,5769,5638,11407
2023,35-39,6560,6961,13521
2023,40-44,8391,8387,16778
2023,45-49,7281,7219,14500
2023,50-54,6575,6998,13573
2023,55-59,6698,7275,13973
2023,60-64,6821,7640,14461
2023,65-69,6470,7139,13609
2023,70-74,5305,6293,11598
2023,75-79,2789,3700,6489
2023,80-84,2067,3110,5177
2023,85-89,1208,1851,3059
2023,90-94,690,849,1539
2023,95-99,225,262,487
2023,100+,0,0,0
2024,0-4,3698,3436,7134
2024,5-9,4487,4222,8709
2024,10-14,3186,2974,6160
2024,15-19,2728,2388,5116
2024,20-24,3992,3608,7600
2024,25-29,4990,4708,9698
2024,30-34,5670,5487,11157
2024,35-39,6184,6506,12690
2024,40-44,8296,8342,16638
2024,45-49,7576,7527,15103
2024,50-54,6455,6858,13313
2024,55-59,6685,7159,13844
2024,60-64,6740,7596,14336
2024,65-69,6473,7316,13789
2024,70-74,5513,6381,11894
2024,75-79,3022,4070,7092
2024,80-84,2092,3082,5174
2024,85-89,1201,1970,3171
2024,90-94,679,890,1569
2024,95-99,241,268,509
2024,100+,0,0,0
2025,0-4,3658,3400,7058
2025,5-9,4244,4035,8279
2025,10-14,3665,3400,7065
2025,15-19,2601,2294,4895
2025,20-24,3716,3274,6990
2025,25-29,4822,4526,9348
2025,30-34,5512,5349,10861
2025,35-39,6040,6178,12218
2025,40-44,7980,8199,16179
2025,45-49,7943,7892,15835
2025,50-54,6343,6652,12995
2025,55-59,6619,7117,13736
2025,60-64,6616,7501,14117
2025,65-69,6540,7273,13813
2025,70-74,5685,6738,12423
2025,75-79,3382,4475,7857
2025,80-84,2012,2957,4969
2025,85-89,1238,2104,3342
2025,90-94,646,936,1582
2025,95-99,253,288,541
2025,100+,0,0,0
2026,0-4,3592,3341,6933
2026,5-9,4000,3787,7787
2026,10-14,4120,3828,7948
2026,15-19,2561,2278,4839
2026,20-24,3417,3082,6499
2026,25-29,4641,4242,8883
2026,30-34,5410,5232,10642
2026,35-39,5995,5961,11956
2026,40-44,7415,7824,15239
2026,45-49,8112,8011,16123
2026,50-54,6528,6842,13370
2026,55-59,6539,6986,13525
2026,60-64,6604,7497,14101
2026,65-69,6393,7195,13588
2026,70-74,5768,6785,12553
2026,75-79,3886,5090,8976
2026,80-84,1936,2849,4785
2026,85-89,1287,2223,3510
2026,90-94,616,983,1599
2026,95-99,265,303,568
2026,100+,0,0,0
2027,0-4,3495,3252,6747
2027,5-9,3817,3610,7427
2027,10-14,4361,4056,8417
2027,15-19,2718,2437,5155
2027,20-24,3169,2885,6054
2027,25-29,4324,3954,8278
2027,30-34,5423,5075,10498
2027,35-39,5879,5828,11707
2027,40-44,6932,7334,14266
2027,45-49,8198,8266,16464
2027,50-54,6781,6962,13743
2027,55-59,6447,6941,13388
2027,60-64,6511,7401,13912
2027,65-69,6402,7275,13677
2027,70-74,5723,6745,12468
2027,75-79,4260,5436,9696
2027,80-84,1984,2961,4945
2027,85-89,1305,2281,3586
2027,90-94,624,1024,1648
2027,95-99,259,320,579
2027,100+,0,0,0
2028,0-4,3399,3165,6564
2028,5-9,3746,3463,7209
2028,10-14,4480,4293,8773
2028,15-19,2934,2639,5573
2028,20-24,2921,2599,5520
2028,25-29,4187,3798,7985
2028,30-34,5183,4895,10078
2028,35-39,5731,5616,11347
2028,40-44,6484,6932,13416
2028,45-49,8232,8334,16566
2028,50-54,7088,7151,14239
2028,55-59,6344,6904,13248
2028,60-64,6385,7137,13522
2028,65-69,6377,7413,13790
2028,70-74,5820,6776,12596
2028,75-79,4472,5729,10201
2028,80-84,2123,3132,5255
2028,85-89,1341,2295,3636
2028,90-94,614,1089,1703
2028,95-99,241,332,573
2028,100+,0,0,0
2029,0-4,3303,3077,6380
2029,5-9,3698,3436,7134
2029,10-14,4487,4222,8709
2029,15-19,3186,2974,6160
2029,20-24,2728,2388,5116
2029,25-29,3989,3608,7597
2029,30-34,4968,4706,9674
2029,35-39,5634,5467,11101
2029,40-44,6113,6479,12592
2029,45-49,8141,8289,16430
2029,50-54,7376,7457,14833
2029,55-59,6229,6766,12995
2029,60-64,6379,7026,13405
2029,65-69,6309,7376,13685
2029,70-74,5832,6949,12781
2029,75-79,4653,5818,10471
2029,80-84,2315,3460,5775
2029,85-89,1363,2280,3643
2029,90-94,617,1167,1784
2029,95-99,240,350,590
2029,100+,0,0,0
2030,0-4,3203,2985,6188
2030,5-9,3658,3400,7058
2030,10-14,4244,4035,8279
2030,15-19,3665,3400,7065
2030,20-24,2601,2294,4895
2030,25-29,3714,3274,6988
2030,30-34,4800,4525,9325
2030,35-39,5477,5329,10806
2030,40-44,5971,6152,12123
2030,45-49,7830,8147,15977
2030,50-54,7733,7819,15552
2030,55-59,6120,6562,12682
2030,60-64,6317,6986,13303
2030,65-69,6194,7283,13477
2030,70-74,5895,6910,12805
2030,75-79,4794,6143,10937
2030,80-84,2587,3800,6387
2030,85-89,1306,2186,3492
2030,90-94,637,1248,1885
2030,95-99,227,369,596
2030,100+,0,0,0
2031,0-4,3101,2891,5992
2031,5-9,3592,3341,6933
2031,10-14,4000,3787,7787
2031,15-19,4120,3828,7948
2031,20-24,2561,2278,4839
2031,25-29,3416,3082,6498
2031,30-34,4619,4241,8860
2031,35-39,5375,5212,10587
2031,40-44,5926,5936,11862
2031,45-49,7275,7774,15049
2031,50-54,7898,7936,15834
2031,55-59,6300,6750,13050
2031,60-64,6239,6856,13095
2031,65-69,6181,7280,13461
2031,70-74,5762,6835,12597
2031,75-79,4868,6188,11056
2031,80-84,2972,4321,7293
2031,85-89,1257,2107,3364
2031,90-94,662,1317,1979
2031,95-99,217,386,603
2031,100+,0,0,0
2032,0-4,3000,2797,5797
2032,5-9,3495,3252,6747
2032,10-14,3817,3610,7427
2032,15-19,4361,4056,8417
2032,20-24,2718,2437,5155
2032,25-29,3169,2885,6054
2032,30-34,4303,3954,8257
2032,35-39,5388,5055,10443
2032,40-44,5812,5803,11615
2032,45-49,6802,7287,14089
2032,50-54,7981,8188,16169
2032,55-59,6545,6869,13414
2032,60-64,6150,6811,12961
2032,65-69,6094,7184,13278
2032,70-74,5769,6908,12677
2032,75-79,4828,6149,10977
2032,80-84,3255,4610,7865
2032,85-89,1293,2197,3490
2032,90-94,673,1343,2016
2032,95-99,222,402,624
2032,100+,0,0,0
2033,0-4,2899,2704,5603
2033,5-9,3399,3165,6564
2033,10-14,3746,3463,7209
2033,15-19,4480,4293,8773
2033,20-24,2934,2639,5573
2033,25-29,2921,2599,5520
2033,30-34,4168,3798,7966
2033,35-39,5148,4878,10026
2033,40-44,5665,5591,11256
2033,45-49,6362,6889,13251
2033,50-54,8014,8254,16268
2033,55-59,6843,7055,13898
2033,60-64,6051,6774,12825
2033,65-69,5976,6927,12903
2033,70-74,5747,7040,12787
2033,75-79,4910,6177,11087
2033,80-84,3412,4853,8265
2033,85-89,1390,2333,3723
2033,90-94,689,1346,2035
2033,95-99,215,428,643
2033,100+,0,0,0
2034,0-4,2801,2615,5416
2034,5-9,3303,3077,6380
2034,10-14,3698,3436,7134
2034,15-19,4487,4222,8709
2034,20-24,3186,2974,6160
2034,25-29,2728,2388,5116
2034,30-34,3972,3608,7580
2034,35-39,4934,4691,9625
2034,40-44,5568,5442,11010
2034,45-49,6000,6439,12439
2034,50-54,7925,8210,16135
2034,55-59,7121,7359,14480
2034,60-64,5943,6638,12581
2034,65-69,5970,6822,12792
2034,70-74,5685,7004,12689
2034,75-79,4919,6332,11251
2034,80-84,3545,4925,8470
2034,85-89,1524,2591,4115
2034,90-94,700,1336,2036
2034,95-99,219,460,679
2034,100+,0,0,0
2035,0-4,2708,2529,5237
2035,5-9,3203,2985,6188
2035,10-14,3658,3400,7058
2035,15-19,4244,4035,8279
2035,20-24,3665,3400,7065
2035,25-29,2601,2294,4895
2035,30-34,3700,3274,6974
2035,35-39,4768,4514,9282
2035,40-44,5413,5304,10717
2035,45-49,5862,6116,11978
2035,50-54,7625,8070,15695
2035,55-59,7470,7717,15187
2035,60-64,5846,6442,12288
2035,65-69,5923,6789,12712
2035,70-74,5597,6931,12528
2035,75-79,4990,6319,11309
2035,80-84,3664,5224,8888
2035,85-89,1711,2862,4573
2035,90-94,672,1297,1969
2035,95-99,229,505,734
2035,100+,0,0,0
2036,0-4,2627,2454,5081
2036,5-9,3101,2891,5992
2036,10-14,3592,3341,6933
2036,15-19,4000,3787,7787
2036,20-24,4120,3828,7948
2036,25-29,2561,2278,4839
2036,30-34,3405,3082,6487
2036,35-39,4590,4234,8824
2036,40-44,5315,5187,10502
2036,45-49,5817,5902,11719
2036,50-54,7086,7702,14788
2036,55-59,7634,7837,15471
2036,60-64,6027,6631,12658
2036,65-69,5859,6669,12528
2036,70-74,5600,6939,12539
2036,75-79,4892,6270,11162
2036,80-84,3744,5290,9034
2036,85-89,1976,3271,5247
2036,90-94,651,1268,1919
2036,95-99,242,542,784
2036,100+,0,0,0
2037,0-4,2560,2392,4952
2037,5-9,3000,2797,5797
2037,10-14,3495,3252,6747
2037,15-19,3817,3610,7427
2037,20-24,4361,4056,8417
2037,25-29,2718,2437,5155
2037,30-34,3161,2885,6046
2037,35-39,4277,3949,8226
2037,40-44,5329,5030,10359
2037,45-49,5706,5771,11477
2037,50-54,6626,7222,13848
2037,55-59,7719,8088,15807
2037,60-64,6267,6752,13019
2037,65-69,5785,6632,12417
2037,70-74,5531,6855,12386
2037,75-79,4913,6350,11263
2037,80-84,3730,5270,9000
2037,85-89,2175,3505,5680
2037,90-94,679,1346,2025
2037,95-99,249,558,807
2037,100+,0,0,0
2038,0-4,2504,2339,4843
2038,5-9,2899,2704,5603
2038,10-14,3399,3165,6564
2038,15-19,3746,3463,7209
2038,20-24,4480,4293,8773
2038,25-29,2934,2639,5573
2038,30-34,2916,2599,5515
2038,35-39,4142,3794,7936
2038,40-44,5091,4854,9945
2038,45-49,5563,5561,11124
2038,50-54,6200,6828,13028
2038,55-59,7753,8156,15909
2038,60-64,6560,6939,13499
2038,65-69,5699,6602,12301
2038,70-74,5436,6619,12055
2038,75-79,4912,6486,11398
2038,80-84,3807,5311,9118
2038,85-89,2286,3700,5986
2038,90-94,741,1452,2193
2038,95-99,257,566,823
2038,100+,0,0,0
2039,0-4,2460,2297,4757
2039,5-9,2801,2615,5416
2039,10-14,3303,3077,6380
2039,15-19,3698,3436,7134
2039,20-24,4487,4222,8709
2039,25-29,3186,2974,6160
2039,30-34,2726,2388,5114
2039,35-39,3947,3605,7552
2039,40-44,4882,4669,9551
2039,45-49,5469,5412,10881
2039,50-54,5848,6383,12231
2039,55-59,7669,8113,15782
2039,60-64,6831,7242,14073
2039,65-69,5605,6473,12078
2039,70-74,5442,6527,11969
2039,75-79,4870,6466,11336
2039,80-84,3829,5463,9292
2039,85-89,2386,3772,6158
2039,90-94,825,1638,2463
2039,95-99,263,568,831
2039,100+,0,0,0
2040,0-4,2433,2272,4705
2040,5-9,2708,2529,5237
2040,10-14,3203,2985,6188
2040,15-19,3658,3400,7058
2040,20-24,4244,4035,8279
2040,25-29,3665,3400,7065
2040,30-34,2600,2294,4894
2040,35-39,3676,3274,6950
2040,40-44,4718,4491,9209
2040,45-49,5319,5275,10594
2040,50-54,5714,6063,11777
2040,55-59,7377,7975,15352
2040,60-64,7165,7594,14759
2040,65-69,5514,6281,11795
2040,70-74,5398,6498,11896
2040,75-79,4797,6398,11195
2040,80-84,3884,5458,9342
2040,85-89,2461,4001,6462
2040,90-94,925,1804,2729
2040,95-99,250,550,800
2040,100+,0,0,0
2041,0-4,2421,2261,4682
2041,5-9,2627,2454,5081
2041,10-14,3101,2891,5992
2041,15-19,3592,3341,6933
2041,20-24,4000,3787,7787
2041,25-29,4120,3828,7948
2041,30-34,2560,2278,4838
2041,35-39,3384,3082,6466
2041,40-44,4542,4213,8755
2041,45-49,5221,5159,10380
2041,50-54,5671,5852,11523
2041,55-59,6855,7611,14466
2041,60-64,7320,7713,15033
2041,65-69,5688,6466,12154
2041,70-74,5341,6383,11724
2041,75-79,4798,6404,11202
2041,80-84,3807,5417,9224
2041,85-89,2519,4056,6575
2041,90-94,1067,2058,3125
2041,95-99,241,539,780
2041,100+,0,0,0
2042,0-4,2422,2263,4685
2042,5-9,2560,2392,4952
2042,10-14,3000,2797,5797
2042,15-19,3495,3252,6747
2042,20-24,3817,3610,7427
2042,25-29,4361,4056,8417
2042,30-34,2718,2437,5155
2042,35-39,3141,2885,6026
2042,40-44,4232,3931,8163
2042,45-49,5234,5004,10238
2042,50-54,5563,5722,11285
2042,55-59,6410,7137,13547
2042,60-64,7401,7959,15360
2042,65-69,5914,6586,12500
2042,70-74,5272,6345,11617
2042,75-79,4738,6323,11061
2042,80-84,3819,5479,9298
2042,85-89,2507,4033,6540
2042,90-94,1172,2199,3371
2042,95-99,256,580,836
2042,100+,0,0,0
2043,0-4,2441,2281,4722
2043,5-9,2504,2339,4843
2043,10-14,2899,2704,5603
2043,15-19,3399,3165,6564
2043,20-24,3746,3463,7209
2043,25-29,4480,4293,8773
2043,30-34,2934,2639,5573
2043,35-39,2898,2599,5497
2043,40-44,4098,3779,7877
2043,45-49,5001,4827,9828
2043,50-54,5424,5513,10937
2043,55-59,5999,6748,12747
2043,60-64,7434,8025,15459
2043,65-69,6190,6769,12959
2043,70-74,5193,6315,11508
2043,75-79,4660,6104,10764
2043,80-84,3820,5596,9416
2043,85-89,2557,4061,6618
2043,90-94,1226,2311,3537
2043,95-99,285,632,917
2043,100+,0,0,0
2044,0-4,2471,2309,4780
2044,5-9,2460,2297,4757
2044,10-14,2801,2615,5416
2044,15-19,3303,3077,6380
2044,20-24,3698,3436,7134
2044,25-29,4486,4222,8708
2044,30-34,3185,2974,6159
2044,35-39,2709,2388,5097
2044,40-44,3906,3592,7498
2044,45-49,4796,4642,9438
2044,50-54,5332,5366,10698
2044,55-59,5659,6308,11967
2044,60-64,7353,7983,15336
2044,65-69,6446,7064,13510
2044,70-74,5108,6193,11301
2044,75-79,4666,6022,10688
2044,80-84,3789,5580,9369
2044,85-89,2570,4175,6745
2044,90-94,1277,2349,3626
2044,95-99,320,721,1041
2044,100+,0,0,0
2045,0-4,2510,2346,4856
2045,5-9,2433,2272,4705
2045,10-14,2708,2529,5237
2045,15-19,3203,2985,6188
2045,20-24,3658,3400,7058
2045,25-29,4244,4035,8279
2045,30-34,3662,3400,7062
2045,35-39,2585,2294,4879
2045,40-44,3638,3263,6901
2045,45-49,4635,4466,9101
2045,50-54,5187,5230,10417
2045,55-59,5533,5993,11526
2045,60-64,7078,7850,14928
2045,65-69,6768,7413,14181
2045,70-74,5031,6018,11049
2045,75-79,4637,6009,10646
2045,80-84,3747,5540,9287
2045,85-89,2620,4201,6821
2045,90-94,1321,2518,3839
2045,95-99,359,800,1159
2045,100+,0,0,0
2046,0-4,2554,2386,4940
2046,5-9,2421,2261,4682
2046,10-14,2627,2454,5081
2046,15-19,3101,2891,5992
2046,20-24,3592,3341,6933
2046,25-29,4000,3787,7787
2046,30-34,4114,3828,7942
2046,35-39,2546,2278,4824
2046,40-44,3349,3073,6422
2046,45-49,4462,4188,8650
2046,50-54,5092,5115,10207
2046,55-59,5494,5785,11279
2046,60-64,6580,7495,14075
2046,65-69,6924,7534,14458
2046,70-74,5203,6205,11408
2046,75-79,4597,5914,10511
2046,80-84,3758,5557,9315
2046,85-89,2582,4191,6773
2046,90-94,1362,2576,3938
2046,95-99,418,925,1343
2046,100+,0,0,0
2047,0-4,2597,2425,5022
2047,5-9,2422,2263,4685
2047,10-14,2560,2392,4952
2047,15-19,3000,2797,5797
2047,20-24,3495,3252,6747
2047,25-29,3817,3610,7427
2047,30-34,4354,4056,8410
2047,35-39,2701,2437,5138
2047,40-44,3108,2879,5987
2047,45-49,4158,3906,8064
2047,50-54,5107,4961,10068
2047,55-59,5390,5658,11048
2047,60-64,6158,7030,13188
2047,65-69,7007,7778,14785
2047,70-74,5421,6327,11748
2047,75-79,4543,5885,10428
2047,80-84,3721,5495,9216
2047,85-89,2600,4249,6849
2047,90-94,1362,2575,3937
2047,95-99,461,994,1455
2047,100+,0,0,0
2048,0-4,2638,2464,5102
2048,5-9,2441,2281,4722
2048,10-14,2504,2339,4843
2048,15-19,2899,2704,5603
2048,20-24,3399,3165,6564
2048,25-29,3746,3463,7209
2048,30-34,4471,4293,8764
2048,35-39,2915,2639,5554
2048,40-44,2867,2596,5463
2048,45-49,4027,3754,7781
2048,50-54,4880,4787,9667
2048,55-59,5258,5452,10710
2048,60-64,5768,6649,12417
2048,65-69,7043,7846,14889
2048,70-74,5686,6508,12194
2048,75-79,4482,5864,10346
2048,80-84,3670,5317,8987
2048,85-89,2613,4358,6971
2048,90-94,1398,2609,4007
2048,95-99,481,1049,1530
2048,100+,0,0,0
2049,0-4,2674,2499,5173
2049,5-9,2471,2309,4780
2049,10-14,2460,2297,4757
2049,15-19,2801,2615,5416
2049,20-24,3303,3077,6380
2049,25-29,3698,3436,7134
2049,30-34,4477,4222,8699
2049,35-39,3165,2974,6139
2049,40-44,2680,2387,5067
2049,45-49,3838,3568,7406
2049,50-54,4680,4605,9285
2049,55-59,5171,5308,10479
2049,60-64,5446,6216,11662
2049,65-69,6971,7807,14778
2049,70-74,5928,6798,12726
2049,75-79,4419,5757,10176
2049,80-84,3687,5260,8947
2049,85-89,2600,4364,6964
2049,90-94,1413,2698,4111
2049,95-99,503,1074,1577
2049,100+,0,0,0
2050,0-4,2700,2523,5223
2050,5-9,2510,2346,4856
2050,10-14,2433,2272,4705
2050,15-19,2708,2529,5237
2050,20-24,3203,2985,6188
2050,25-29,3658,3400,7058
2050,30-34,4236,4035,8271
2050,35-39,3638,3400,7038
2050,40-44,2558,2293,4851
2050,45-49,3575,3241,6816
2050,50-54,4523,4432,8955
2050,55-59,5029,5175,10204
2050,60-64,5327,5906,11233
2050,65-69,6710,7675,14385
2050,70-74,6220,7132,13352
2050,75-79,4354,5595,9949
2050,80-84,3665,5251,8916
2050,85-89,2573,4332,6905
2050,90-94,1441,2724,4165
2050,95-99,519,1152,1671
2050,100+,0,0,0
2051,0-4,2711,2533,5244
2051,5-9,2554,2386,4940
2051,10-14,2421,2261,4682
2051,15-19,2627,2454,5081
2051,20-24,3101,2891,5992
2051,25-29,3592,3341,6933
2051,30-34,3994,3787,7781
2051,35-39,4089,3828,7917
2051,40-44,2520,2278,4798
2051,45-49,3290,3053,6343
2051,50-54,4356,4157,8513
2051,55-59,4939,5062,10001
2051,60-64,5287,5701,10988
2051,65-69,6237,7327,13564
2051,70-74,6362,7247,13609
2051,75-79,4510,5774,10284
2051,80-84,3633,5167,8800
2051,85-89,2577,4343,6920
2051,90-94,1421,2717,4138
2051,95-99,537,1182,1719
2051,100+,0,0,0
2052,0-4,2707,2530,5237
2052,5-9,2597,2425,5022
2052,10-14,2422,2263,4685
2052,15-19,2560,2392,4952
2052,20-24,3000,2797,5797
2052,25-29,3495,3252,6747
2052,30-34,3813,3610,7423
2052,35-39,4329,4056,8385
2052,40-44,2676,2437,5113
2052,45-49,3055,2861,5916
2052,50-54,4059,3877,7936
2052,55-59,4953,4910,9863
2052,60-64,5188,5576,10764
2052,65-69,5836,6873,12709
2052,70-74,6435,7480,13915
2052,75-79,4702,5889,10591
2052,80-84,3587,5140,8727
2052,85-89,2550,4285,6835
2052,90-94,1427,2746,4173
2052,95-99,536,1174,1710
2052,100+,0,0,0
2053,0-4,2690,2513,5203
2053,5-9,2638,2464,5102
2053,10-14,2441,2281,4722
2053,15-19,2504,2339,4843
2053,20-24,2899,2704,5603
2053,25-29,3399,3165,6564
2053,30-34,3743,3463,7206
2053,35-39,4447,4292,8739
2053,40-44,2888,2639,5527
2053,45-49,2818,2580,5398
2053,50-54,3930,3725,7655
2053,55-59,4732,4737,9469
2053,60-64,5060,5373,10433
2053,65-69,5468,6500,11968
2053,70-74,6467,7545,14012
2053,75-79,4933,6059,10992
2053,80-84,3539,5118,8657
2053,85-89,2517,4146,6663
2053,90-94,1436,2816,4252
2053,95-99,550,1188,1738
2053,100+,0,0,0
2054,0-4,2663,2487,5150
2054,5-9,2674,2499,5173
2054,10-14,2471,2309,4780
2054,15-19,2460,2297,4757
2054,20-24,2801,2615,5416
2054,25-29,3303,3077,6380
2054,30-34,3695,3436,7131
2054,35-39,4453,4219,8672
2054,40-44,3137,2972,6109
2054,45-49,2635,2374,5009
2054,50-54,3744,3540,7284
2054,55-59,4538,4556,9094
2054,60-64,4974,5231,10205
2054,65-69,5165,6079,11244
2054,70-74,6397,7507,13904
2054,75-79,5143,6329,11472
2054,80-84,3489,5026,8515
2054,85-89,2532,4108,6640
2054,90-94,1427,2822,4249
2054,95-99,554,1229,1783
2054,100+,0,0,0
2055,0-4,2626,2453,5079
2055,5-9,2700,2523,5223
2055,10-14,2510,2346,4856
2055,15-19,2433,2272,4705
2055,20-24,2708,2529,5237
2055,25-29,3203,2985,6188
2055,30-34,3656,3400,7056
2055,35-39,4213,4033,8246
2055,40-44,3605,3393,6998
2055,45-49,2515,2284,4799
2055,50-54,3489,3216,6705
2055,55-59,4387,4384,8771
2055,60-64,4842,5101,9943
2055,65-69,5057,5780,10837
2055,70-74,6163,7388,13551
2055,75-79,5400,6648,12048
2055,80-84,3451,4898,8349
2055,85-89,2528,4122,6650
2055,90-94,1418,2823,4241
2055,95-99,569,1263,1832
2055,100+,0,0,0
2056,0-4,2580,2411,4991
2056,5-9,2711,2533,5244
2056,10-14,2554,2386,4940
2056,15-19,2421,2261,4682
2056,20-24,2627,2454,5081
2056,25-29,3101,2891,5992
2056,30-34,3591,3341,6932
2056,35-39,3972,3786,7758
2056,40-44,4051,3815,7866
2056,45-49,2477,2270,4747
2056,50-54,3213,3028,6241
2056,55-59,4224,4112,8336
2056,60-64,4760,4992,9752
2056,65-69,5022,5582,10604
2056,70-74,5736,7059,12795
2056,75-79,5536,6767,12303
2056,80-84,3591,5076,8667
2056,85-89,2514,4071,6585
2056,90-94,1427,2846,4273
2056,95-99,564,1272,1836
2056,100+,0,0,0
2057,0-4,2528,2363,4891
2057,5-9,2707,2530,5237
2057,10-14,2597,2425,5022
2057,15-19,2422,2263,4685
2057,20-24,2560,2392,4952
2057,25-29,3000,2797,5797
2057,30-34,3494,3252,6746
2057,35-39,3792,3610,7402
2057,40-44,4290,4040,8330
2057,45-49,2629,2426,5055
2057,50-54,2985,2836,5821
2057,55-59,3940,3837,7777
2057,60-64,4775,4844,9619
2057,65-69,4931,5461,10392
2057,70-74,5374,6627,12001
2057,75-79,5609,6994,12603
2057,80-84,3757,5191,8948
2057,85-89,2490,4061,6551
2057,90-94,1420,2816,4236
2057,95-99,569,1292,1861
2057,100+,0,0,0
2058,0-4,2468,2308,4776
2058,5-9,2690,2513,5203
2058,10-14,2638,2464,5102
2058,15-19,2441,2281,4722
2058,20-24,2504,2339,4843
2058,25-29,2899,2704,5603
2058,30-34,3398,3165,6563
2058,35-39,3723,3463,7186
2058,40-44,4406,4273,8679
2058,45-49,2840,2624,5464
2058,50-54,2753,2557,5310
2058,55-59,3816,3689,7505
2058,60-64,4564,4674,9238
2058,65-69,4814,5264,10078
2058,70-74,5044,6272,11316
2058,75-79,5646,7060,12706
2058,80-84,3953,5352,9305
2058,85-89,2462,4053,6515
2058,90-94,1408,2739,4147
2058,95-99,577,1339,1916
2058,100+,0,0,0
2059,0-4,2406,2250,4656
2059,5-9,2663,2487,5150
2059,10-14,2674,2499,5173
2059,15-19,2471,2309,4780
2059,20-24,2460,2297,4757
2059,25-29,2801,2615,5416
2059,30-34,3302,3077,6379
2059,35-39,3676,3436,7112
2059,40-44,4411,4203,8614
2059,45-49,3086,2952,6038
2059,50-54,2574,2351,4925
2059,55-59,3637,3508,7145
2059,60-64,4381,4496,8877
2059,65-69,4737,5127,9864
2059,70-74,4773,5870,10643
2059,75-79,5592,7032,12624
2059,80-84,4131,5600,9731
2059,85-89,2439,3994,6433
2059,90-94,1424,2731,4155
2059,95-99,575,1354,1929
2059,100+,0,0,0
2060,0-4,2344,2191,4535
2060,5-9,2626,2453,5079
2060,10-14,2700,2523,5223
2060,15-19,2510,2346,4856
2060,20-24,2433,2272,4705
2060,25-29,2708,2529,5237
2060,30-34,3202,2985,6187
2060,35-39,3637,3400,7037
2060,40-44,4174,4020,8194
2060,45-49,3548,3369,6917
2060,50-54,2457,2260,4717
2060,55-59,3389,3187,6576
2060,60-64,4236,4327,8563
2060,65-69,4613,5001,9614
2060,70-74,4675,5582,10257
2060,75-79,5381,6918,12299
2060,80-84,4332,5880,10212
2060,85-89,2414,3893,6307
2060,90-94,1421,2745,4166
2060,95-99,575,1356,1931
2060,100+,0,0,0
2061,0-4,2284,2134,4418
2061,5-9,2580,2411,4991
2061,10-14,2711,2533,5244
2061,15-19,2554,2386,4940
2061,20-24,2421,2261,4682
2061,25-29,2627,2454,5081
2061,30-34,3100,2891,5991
2061,35-39,3572,3341,6913
2061,40-44,3935,3776,7711
2061,45-49,3987,3790,7777
2061,50-54,2423,2245,4668
2061,55-59,3120,3000,6120
2061,60-64,4080,4058,8138
2061,65-69,4535,4894,9429
2061,70-74,4642,5390,10032
2061,75-79,5005,6607,11612
2061,80-84,4442,5988,10430
2061,85-89,2520,4045,6565
2061,90-94,1413,2711,4124
2061,95-99,577,1362,1939
2061,100+,0,0,0
2062,0-4,2226,2080,4306
2062,5-9,2528,2363,4891
2062,10-14,2707,2530,5237
2062,15-19,2597,2425,5022
2062,20-24,2422,2263,4685
2062,25-29,2560,2392,4952
2062,30-34,3000,2797,5797
2062,35-39,3475,3252,6727
2062,40-44,3757,3602,7359
2062,45-49,4222,4015,8237
2062,50-54,2573,2401,4974
2062,55-59,2898,2809,5707
2062,60-64,3804,3786,7590
2062,65-69,4551,4748,9299
2062,70-74,4556,5275,9831
2062,75-79,4687,6202,10889
2062,80-84,4497,6187,10684
2062,85-89,2640,4139,6779
2062,90-94,1396,2703,4099
2062,95-99,573,1339,1912
2062,100+,0,0,0
2063,0-4,2170,2028,4198
2063,5-9,2468,2308,4776
2063,10-14,2690,2513,5203
2063,15-19,2638,2464,5102
2063,20-24,2441,2281,4722
2063,25-29,2504,2339,4843
2063,30-34,2899,2704,5603
2063,35-39,3380,3165,6545
2063,40-44,3688,3457,7145
2063,45-49,4335,4248,8583
2063,50-54,2776,2599,5375
2063,55-59,2674,2531,5205
2063,60-64,3683,3639,7322
2063,65-69,4347,4581,8928
2063,70-74,4449,5085,9534
2063,75-79,4403,5867,10270
2063,80-84,4526,6239,10765
2063,85-89,2780,4268,7048
2063,90-94,1378,2694,4072
2063,95-99,569,1302,1871
2063,100+,0,0,0
2064,0-4,2116,1977,4093
2064,5-9,2406,2250,4656
2064,10-14,2663,2487,5150
2064,15-19,2674,2499,5173
2064,20-24,2471,2309,4780
2064,25-29,2460,2297,4757
2064,30-34,2801,2615,5416
2064,35-39,3285,3077,6362
2064,40-44,3642,3430,7072
2064,45-49,4339,4179,8518
2064,50-54,3016,2927,5943
2064,55-59,2500,2326,4826
2064,60-64,3511,3460,6971
2064,65-69,4172,4407,8579
2064,70-74,4377,4951,9328
2064,75-79,4171,5492,9663
2064,80-84,4479,6212,10691
2064,85-89,2904,4467,7371
2064,90-94,1367,2656,4023
2064,95-99,576,1303,1879
2064,100+,0,0,0
2065,0-4,2065,1930,3995
2065,5-9,2344,2191,4535
2065,10-14,2626,2453,5079
2065,15-19,2700,2523,5223
2065,20-24,2510,2346,4856
2065,25-29,2433,2272,4705
2065,30-34,2708,2529,5237
2065,35-39,3187,2985,6172
2065,40-44,3604,3395,6999
2065,45-49,4105,3996,8101
2065,50-54,3470,3344,6814
2065,55-59,2387,2235,4622
2065,60-64,3272,3144,6416
2065,65-69,4037,4244,8281
2065,70-74,4268,4832,9100
2065,75-79,4093,5232,9325
2065,80-84,4312,6119,10431
2065,85-89,3044,4696,7740
2065,90-94,1359,2604,3963
2065,95-99,577,1328,1905
2065,100+,0,0,0
