year,age_range,male,female,total
2019,0-4,463,455,918
2019,5-9,526,472,998
2019,10-14,543,496,1039
2019,15-19,990,871,1861
2019,20-24,1412,1236,2648
2019,25-29,1349,1150,2499
2019,30-34,1174,1026,2200
2019,35-39,1446,1326,2772
2019,40-44,1620,1363,2983
2019,45-49,1475,1243,2718
2019,50-54,1506,1269,2775
2019,55-59,1442,1245,2687
2019,60-64,1247,1312,2559
2019,65-69,977,1081,2058
2019,70-74,635,696,1331
2019,75-79,533,614,1147
2019,80-84,334,419,753
2019,85-89,174,254,428
2019,90-94,49,88,137
2019,95-99,6,20,26
2019,100+,0,2,2
2020,0-4,473,461,934
2020,5-9,553,502,1055
2020,10-14,490,455,945
2020,15-19,861,776,1637
2020,20-24,1395,1192,2587
2020,25-29,1363,1203,2566
2020,30-34,1206,1017,2223
2020,35-39,1345,1254,2599
2020,40-44,1666,1411,3077
2020,45-49,1467,1232,2699
2020,50-54,1488,1249,2737
2020,55-59,1449,1257,2706
2020,60-64,1265,1326,2591
2020,65-69,1036,1108,2144
2020,70-74,687,760,1447
2020,75-79,508,615,1123
2020,80-84,367,440,807
2020,85-89,175,262,437
2020,90-94,52,93,145
2020,95-99,11,24,35
2020,100+,0,0,0
2021,0-4,491,469,960
2021,5-9,550,518,1068
2021,10-14,488,433,921
2021,15-19,746,673,1419
2021,20-24,1333,1112,2445
2021,25-29,1390,1289,2679
2021,30-34,1229,1019,2248
2021,35-39,1293,1210,2503
2021,40-44,1620,1388,3008
2021,45-49,1485,1272,2757
2021,50-54,1490,1245,2735
2021,55-59,1456,1238,2694
2021,60-64,1257,1293,2550
2021,65-69,1088,1134,2222
2021,70-74,749,875,1624
2021,75-79,510,575,1085
2021,80-84,377,491,868
2021,85-89,164,261,425
2021,90-94,76,109,185
2021,95-99,10,23,33
2021,100+,0,0,0
2022,0-4,519,480,999
2022,5-9,529,510,1039
2022,10-14,523,453,976
2022,15-19,665,591,1256
2022,20-24,1180,1036,2216
2022,25-29,1436,1298,2734
2022,30-34,1267,1069,2336
2022,35-39,1222,1139,2361
2022,40-44,1608,1366,2974
2022,45-49,1485,1301,2786
2022,50-54,1480,1245,2725
2022,55-59,1447,1237,2684
2022,60-64,1321,1271,2592
2022,65-69,1083,1177,2260
2022,70-74,821,953,1774
2022,75-79,499,559,1058
2022,80-84,383,499,882
2022,85-89,189,281,470
2022,90-94,75,121,196
2022,95-99,13,29,42
2022,100+,0,0,0
2023,0-4,547,506,1053
2023,5-9,514,500,1014
2023,10-14,517,461,978
2023,15-19,593,529,1122
2023,20-24,1087,957,2044
2023,25-29,1452,1285,2737
2023,30-34,1273,1098,2371
2023,35-39,1215,1073,2288
2023,40-44,1503,1360,2863
2023,45-49,1552,1316,2868
2023,50-54,1437,1234,2671
2023,55-59,1463,1238,2701
2023,60-64,1366,1274,2640
2023,65-69,1095,1215,2310
2023,70-74,854,987,1841
2023,75-79,520,596,1116
2023,80-84,394,513,907
2023,85-89,207,286,493
2023,90-94,83,136,219
2023,95-99,12,28,40
2023,100+,0,0,0
2024,0-4,594,551,1145
2024,5-9,463,455,918
2024,10-14,526,472,998
2024,15-19,543,496,1039
2024,20-24,990,871,1861
2024,25-29,1412,1236,2648
2024,30-34,1349,1150,2499
2024,35-39,1173,1026,2199
2024,40-44,1424,1326,2750
2024,45-49,1594,1363,2957
2024,50-54,1433,1231,2664
2024,55-59,1452,1244,2696
2024,60-64,1369,1220,2589
2024,65-69,1161,1270,2431
2024,70-74,873,1020,1893
2024,75-79,531,632,1163
2024,80-84,399,513,912
2024,85-89,216,306,522
2024,90-94,89,145,234
2024,95-99,18,35,53
2024,100+,0,0,0
2025,0-4,584,543,1127
2025,5-9,473,461,934
2025,10-14,553,502,1055
2025,15-19,490,455,945
2025,20-24,861,776,1637
2025,25-29,1395,1192,2587
2025,30-34,1363,1203,2566
2025,35-39,1206,1017,2223
2025,40-44,1324,1254,2578
2025,45-49,1638,1411,3049
2025,50-54,1426,1221,2647
2025,55-59,1435,1224,2659
2025,60-64,1377,1232,2609
2025,65-69,1181,1285,2466
2025,70-74,927,1046,1973
2025,75-79,576,691,1267
2025,80-84,381,514,895
2025,85-89,236,321,557
2025,90-94,88,150,238
2025,95-99,20,37,57
2025,100+,0,0,0
2026,0-4,574,535,1109
2026,5-9,491,469,960
2026,10-14,550,518,1068
2026,15-19,488,433,921
2026,20-24,746,673,1419
2026,25-29,1333,1112,2445
2026,30-34,1390,1289,2679
2026,35-39,1229,1019,2248
2026,40-44,1274,1210,2484
2026,45-49,1592,1388,2980
2026,50-54,1443,1261,2704
2026,55-59,1436,1220,2656
2026,60-64,1385,1213,2598
2026,65-69,1176,1253,2429
2026,70-74,975,1075,2050
2026,75-79,630,795,1425
2026,80-84,383,484,867
2026,85-89,242,359,601
2026,90-94,83,151,234
2026,95-99,29,44,73
2026,100+,0,0,0
2027,0-4,563,525,1088
2027,5-9,519,480,999
2027,10-14,529,510,1039
2027,15-19,523,453,976
2027,20-24,665,591,1256
2027,25-29,1180,1036,2216
2027,30-34,1436,1298,2734
2027,35-39,1266,1069,2335
2027,40-44,1205,1139,2344
2027,45-49,1579,1366,2945
2027,50-54,1442,1290,2732
2027,55-59,1426,1220,2646
2027,60-64,1377,1212,2589
2027,65-69,1236,1233,2469
2027,70-74,974,1118,2092
2027,75-79,690,867,1557
2027,80-84,378,471,849
2027,85-89,245,367,612
2027,90-94,97,164,261
2027,95-99,27,49,76
2027,100+,0,0,0
2028,0-4,551,514,1065
2028,5-9,547,506,1053
2028,10-14,514,500,1014
2028,15-19,517,461,978
2028,20-24,593,529,1122
2028,25-29,1087,957,2044
2028,30-34,1452,1285,2737
2028,35-39,1273,1098,2371
2028,40-44,1198,1073,2271
2028,45-49,1475,1359,2834
2028,50-54,1506,1305,2811
2028,55-59,1387,1209,2596
2028,60-64,1391,1213,2604
2028,65-69,1278,1238,2516
2028,70-74,986,1156,2142
2028,75-79,720,898,1618
2028,80-84,397,504,901
2028,85-89,254,378,632
2028,90-94,106,166,272
2028,95-99,30,54,84
2028,100+,0,0,0
2029,0-4,536,501,1037
2029,5-9,594,551,1145
2029,10-14,463,455,918
2029,15-19,526,472,998
2029,20-24,543,496,1039
2029,25-29,990,871,1861
2029,30-34,1412,1236,2648
2029,35-39,1348,1150,2498
2029,40-44,1157,1026,2183
2029,45-49,1397,1325,2722
2029,50-54,1547,1349,2896
2029,55-59,1383,1207,2590
2029,60-64,1383,1219,2602
2029,65-69,1281,1185,2466
2029,70-74,1046,1208,2254
2029,75-79,736,929,1665
2029,80-84,406,536,942
2029,85-89,257,381,638
2029,90-94,112,181,293
2029,95-99,32,57,89
2029,100+,0,0,0
2030,0-4,519,484,1003
2030,5-9,584,543,1127
2030,10-14,473,461,934
2030,15-19,553,502,1055
2030,20-24,490,455,945
2030,25-29,861,776,1637
2030,30-34,1395,1192,2587
2030,35-39,1362,1203,2565
2030,40-44,1189,1017,2206
2030,45-49,1299,1254,2553
2030,50-54,1591,1394,2985
2030,55-59,1375,1197,2572
2030,60-64,1367,1199,2566
2030,65-69,1290,1198,2488
2030,70-74,1064,1221,2285
2030,75-79,782,953,1735
2030,80-84,439,588,1027
2030,85-89,245,379,624
2030,90-94,121,190,311
2030,95-99,31,58,89
2030,100+,0,0,0
2031,0-4,499,465,964
2031,5-9,574,535,1109
2031,10-14,491,469,960
2031,15-19,550,518,1068
2031,20-24,488,433,921
2031,25-29,746,673,1419
2031,30-34,1333,1112,2445
2031,35-39,1389,1289,2678
2031,40-44,1211,1019,2230
2031,45-49,1249,1210,2459
2031,50-54,1548,1372,2920
2031,55-59,1393,1236,2629
2031,60-64,1369,1195,2564
2031,65-69,1297,1179,2476
2031,70-74,1062,1191,2253
2031,75-79,824,981,1805
2031,80-84,480,677,1157
2031,85-89,247,357,604
2031,90-94,124,213,337
2031,95-99,30,59,89
2031,100+,0,0,0
2032,0-4,477,445,922
2032,5-9,563,525,1088
2032,10-14,519,480,999
2032,15-19,529,510,1039
2032,20-24,523,453,976
2032,25-29,665,591,1256
2032,30-34,1180,1036,2216
2032,35-39,1434,1298,2732
2032,40-44,1248,1069,2317
2032,45-49,1180,1139,2319
2032,50-54,1537,1351,2888
2032,55-59,1392,1265,2657
2032,60-64,1359,1195,2554
2032,65-69,1289,1179,2468
2032,70-74,1116,1170,2286
2032,75-79,822,1020,1842
2032,80-84,525,735,1260
2032,85-89,244,347,591
2032,90-94,126,218,344
2032,95-99,35,65,100
2032,100+,0,0,0
2033,0-4,454,424,878
2033,5-9,551,514,1065
2033,10-14,547,506,1053
2033,15-19,514,500,1014
2033,20-24,517,461,978
2033,25-29,593,529,1122
2033,30-34,1087,957,2044
2033,35-39,1449,1285,2734
2033,40-44,1254,1098,2352
2033,45-49,1173,1073,2246
2033,50-54,1436,1345,2781
2033,55-59,1456,1280,2736
2033,60-64,1322,1184,2506
2033,65-69,1302,1179,2481
2033,70-74,1152,1174,2326
2033,75-79,833,1055,1888
2033,80-84,548,759,1307
2033,85-89,259,374,633
2033,90-94,130,223,353
2033,95-99,39,65,104
2033,100+,0,0,0
2034,0-4,431,402,833
2034,5-9,536,501,1037
2034,10-14,594,551,1145
2034,15-19,463,455,918
2034,20-24,526,472,998
2034,25-29,543,496,1039
2034,30-34,990,871,1861
2034,35-39,1408,1236,2644
2034,40-44,1328,1150,2478
2034,45-49,1132,1026,2158
2034,50-54,1361,1313,2674
2034,55-59,1495,1324,2819
2034,60-64,1319,1182,2501
2034,65-69,1294,1184,2478
2034,70-74,1154,1124,2278
2034,75-79,882,1102,1984
2034,80-84,559,786,1345
2034,85-89,268,400,668
2034,90-94,132,225,357
2034,95-99,42,72,114
2034,100+,0,0,0
2035,0-4,406,379,785
2035,5-9,519,484,1003
2035,10-14,584,543,1127
2035,15-19,473,461,934
2035,20-24,553,502,1055
2035,25-29,490,455,945
2035,30-34,861,776,1637
2035,35-39,1392,1192,2584
2035,40-44,1341,1203,2544
2035,45-49,1164,1017,2181
2035,50-54,1266,1244,2510
2035,55-59,1539,1369,2908
2035,60-64,1315,1172,2487
2035,65-69,1280,1165,2445
2035,70-74,1164,1138,2302
2035,75-79,901,1116,2017
2035,80-84,598,810,1408
2035,85-89,290,440,730
2035,90-94,126,226,352
2035,95-99,46,77,123
2035,100+,0,0,0
2036,0-4,381,355,736
2036,5-9,499,465,964
2036,10-14,574,535,1109
2036,15-19,491,469,960
2036,20-24,550,518,1068
2036,25-29,488,433,921
2036,30-34,746,673,1419
2036,35-39,1331,1112,2443
2036,40-44,1367,1289,2656
2036,45-49,1186,1019,2205
2036,50-54,1219,1201,2420
2036,55-59,1496,1347,2843
2036,60-64,1335,1211,2546
2036,65-69,1284,1162,2446
2036,70-74,1174,1122,2296
2036,75-79,902,1091,1993
2036,80-84,634,839,1473
2036,85-89,318,512,830
2036,90-94,128,215,343
2036,95-99,46,90,136
2036,100+,0,0,0
2037,0-4,356,331,687
2037,5-9,477,445,922
2037,10-14,563,525,1088
2037,15-19,519,480,999
2037,20-24,529,510,1039
2037,25-29,523,453,976
2037,30-34,665,591,1256
2037,35-39,1179,1036,2215
2037,40-44,1412,1298,2710
2037,45-49,1223,1069,2292
2037,50-54,1154,1132,2286
2037,55-59,1484,1326,2810
2037,60-64,1336,1240,2576
2037,65-69,1278,1164,2442
2037,70-74,1169,1122,2291
2037,75-79,951,1075,2026
2037,80-84,635,876,1511
2037,85-89,349,558,907
2037,90-94,128,212,340
2037,95-99,46,93,139
2037,100+,0,0,0
2038,0-4,330,308,638
2038,5-9,454,424,878
2038,10-14,551,514,1065
2038,15-19,547,506,1053
2038,20-24,514,500,1014
2038,25-29,517,461,978
2038,30-34,593,529,1122
2038,35-39,1087,957,2044
2038,40-44,1428,1285,2713
2038,45-49,1229,1098,2327
2038,50-54,1147,1070,2217
2038,55-59,1389,1320,2709
2038,60-64,1397,1255,2652
2038,65-69,1245,1156,2401
2038,70-74,1184,1125,2309
2038,75-79,986,1080,2066
2038,80-84,646,908,1554
2038,85-89,366,579,945
2038,90-94,139,232,371
2038,95-99,48,96,144
2038,100+,0,0,0
2039,0-4,308,287,595
2039,5-9,431,402,833
2039,10-14,536,501,1037
2039,15-19,594,551,1145
2039,20-24,463,455,918
2039,25-29,526,472,998
2039,30-34,543,496,1039
2039,35-39,990,871,1861
2039,40-44,1390,1236,2626
2039,45-49,1303,1150,2453
2039,50-54,1107,1026,2133
2039,55-59,1316,1289,2605
2039,60-64,1435,1299,2734
2039,65-69,1244,1155,2399
2039,70-74,1180,1132,2312
2039,75-79,990,1037,2027
2039,80-84,686,952,1638
2039,85-89,374,601,975
2039,90-94,144,253,397
2039,95-99,49,96,145
2039,100+,0,0,0
2040,0-4,288,268,556
2040,5-9,406,379,785
2040,10-14,519,484,1003
2040,15-19,584,543,1127
2040,20-24,473,461,934
2040,25-29,553,502,1055
2040,30-34,490,455,945
2040,35-39,861,776,1637
2040,40-44,1375,1192,2567
2040,45-49,1316,1203,2519
2040,50-54,1139,1017,2156
2040,55-59,1224,1223,2447
2040,60-64,1475,1344,2819
2040,65-69,1241,1145,2386
2040,70-74,1167,1114,2281
2040,75-79,998,1050,2048
2040,80-84,701,961,1662
2040,85-89,401,620,1021
2040,90-94,156,278,434
2040,95-99,46,96,142
2040,100+,0,0,0
2041,0-4,270,251,521
2041,5-9,381,355,736
2041,10-14,499,465,964
2041,15-19,574,535,1109
2041,20-24,491,469,960
2041,25-29,550,518,1068
2041,30-34,488,433,921
2041,35-39,746,673,1419
2041,40-44,1316,1112,2428
2041,45-49,1342,1289,2631
2041,50-54,1161,1019,2180
2041,55-59,1179,1184,2363
2041,60-64,1433,1322,2755
2041,65-69,1259,1183,2442
2041,70-74,1171,1112,2283
2041,75-79,1006,1034,2040
2041,80-84,703,939,1642
2041,85-89,428,644,1072
2041,90-94,171,325,496
2041,95-99,48,91,139
2041,100+,0,0,0
2042,0-4,256,238,494
2042,5-9,356,331,687
2042,10-14,477,445,922
2042,15-19,563,525,1088
2042,20-24,519,480,999
2042,25-29,529,510,1039
2042,30-34,523,453,976
2042,35-39,665,591,1256
2042,40-44,1166,1036,2202
2042,45-49,1387,1298,2685
2042,50-54,1198,1069,2267
2042,55-59,1117,1118,2235
2042,60-64,1422,1301,2723
2042,65-69,1260,1212,2472
2042,70-74,1165,1114,2279
2042,75-79,1001,1036,2037
2042,80-84,742,924,1666
2042,85-89,428,672,1100
2042,90-94,187,350,537
2042,95-99,49,91,140
2042,100+,0,0,0
2043,0-4,247,229,476
2043,5-9,330,308,638
2043,10-14,454,424,878
2043,15-19,551,514,1065
2043,20-24,547,506,1053
2043,25-29,514,500,1014
2043,30-34,517,461,978
2043,35-39,593,529,1122
2043,40-44,1076,957,2033
2043,45-49,1403,1285,2688
2043,50-54,1203,1098,2301
2043,55-59,1112,1059,2171
2043,60-64,1330,1295,2625
2043,65-69,1317,1227,2544
2043,70-74,1136,1107,2243
2043,75-79,1015,1039,2054
2043,80-84,768,930,1698
2043,85-89,435,696,1131
2043,90-94,198,361,559
2043,95-99,53,101,154
2043,100+,0,0,0
2044,0-4,240,222,462
2044,5-9,308,287,595
2044,10-14,431,402,833
2044,15-19,536,501,1037
2044,20-24,594,551,1145
2044,25-29,463,455,918
2044,30-34,526,472,998
2044,35-39,543,496,1039
2044,40-44,982,871,1853
2044,45-49,1365,1236,2601
2044,50-54,1276,1150,2426
2044,55-59,1073,1017,2090
2044,60-64,1261,1264,2525
2044,65-69,1354,1270,2624
2044,70-74,1135,1106,2241
2044,75-79,1009,1046,2055
2044,80-84,771,894,1665
2044,85-89,461,728,1189
2044,90-94,201,376,577
2044,95-99,54,111,165
2044,100+,0,0,0
2045,0-4,236,219,455
2045,5-9,288,268,556
2045,10-14,406,379,785
2045,15-19,519,484,1003
2045,20-24,584,543,1127
2045,25-29,473,461,934
2045,30-34,553,502,1055
2045,35-39,490,455,945
2045,40-44,857,776,1633
2045,45-49,1350,1192,2542
2045,50-54,1291,1203,2494
2045,55-59,1104,1012,2116
2045,60-64,1174,1198,2372
2045,65-69,1394,1314,2708
2045,70-74,1133,1098,2231
2045,75-79,1001,1033,2034
2045,80-84,780,909,1689
2045,85-89,475,738,1213
2045,90-94,218,388,606
2045,95-99,60,125,185
2045,100+,0,0,0
2046,0-4,236,219,455
2046,5-9,270,251,521
2046,10-14,381,355,736
2046,15-19,499,465,964
2046,20-24,574,535,1109
2046,25-29,491,469,960
2046,30-34,550,518,1068
2046,35-39,488,433,921
2046,40-44,745,673,1418
2046,45-49,1291,1112,2403
2046,50-54,1317,1289,2606
2046,55-59,1127,1015,2142
2046,60-64,1130,1159,2289
2046,65-69,1356,1293,2649
2046,70-74,1152,1134,2286
2046,75-79,1008,1030,2038
2046,80-84,786,898,1684
2046,85-89,479,724,1203
2046,90-94,234,411,645
2046,95-99,67,148,215
2046,100+,0,0,0
2047,0-4,236,219,455
2047,5-9,256,238,494
2047,10-14,356,331,687
2047,15-19,477,445,922
2047,20-24,563,525,1088
2047,25-29,519,480,999
2047,30-34,529,510,1039
2047,35-39,523,453,976
2047,40-44,663,591,1254
2047,45-49,1145,1036,2181
2047,50-54,1361,1297,2658
2047,55-59,1161,1063,2224
2047,60-64,1070,1096,2166
2047,65-69,1347,1273,2620
2047,70-74,1155,1162,2317
2047,75-79,1006,1034,2040
2047,80-84,785,901,1686
2047,85-89,506,714,1220
2047,90-94,234,433,667
2047,95-99,74,159,233
2047,100+,0,0,0
2048,0-4,235,218,453
2048,5-9,247,229,476
2048,10-14,330,308,638
2048,15-19,454,424,878
2048,20-24,551,514,1065
2048,25-29,547,506,1053
2048,30-34,514,500,1014
2048,35-39,517,461,978
2048,40-44,593,529,1122
2048,45-49,1056,957,2013
2048,50-54,1375,1282,2657
2048,55-59,1169,1091,2260
2048,60-64,1064,1037,2101
2048,65-69,1261,1267,2528
2048,70-74,1210,1178,2388
2048,75-79,983,1030,2013
2048,80-84,800,907,1707
2048,85-89,525,722,1247
2048,90-94,241,451,692
2048,95-99,79,166,245
2048,100+,0,0,0
2049,0-4,232,217,449
2049,5-9,240,222,462
2049,10-14,308,287,595
2049,15-19,431,402,833
2049,20-24,536,501,1037
2049,25-29,594,551,1145
2049,30-34,463,455,918
2049,35-39,526,472,998
2049,40-44,543,496,1039
2049,45-49,964,871,1835
2049,50-54,1337,1233,2570
2049,55-59,1236,1139,2375
2049,60-64,1029,995,2024
2049,65-69,1197,1237,2434
2049,70-74,1245,1221,2466
2049,75-79,983,1028,2011
2049,80-84,798,913,1711
2049,85-89,528,698,1226
2049,90-94,255,474,729
2049,95-99,80,173,253
2049,100+,0,0,0
2050,0-4,229,214,443
2050,5-9,236,219,455
2050,10-14,288,268,556
2050,15-19,406,379,785
2050,20-24,519,484,1003
2050,25-29,584,543,1127
2050,30-34,473,461,934
2050,35-39,553,502,1055
2050,40-44,490,455,945
2050,45-49,841,776,1617
2050,50-54,1321,1189,2510
2050,55-59,1250,1188,2438
2050,60-64,1058,989,2047
2050,65-69,1113,1172,2285
2050,70-74,1281,1264,2545
2050,75-79,981,1021,2002
2050,80-84,790,901,1691
2050,85-89,535,711,1246
2050,90-94,262,476,738
2050,95-99,87,178,265
2050,100+,0,0,0
2051,0-4,224,211,435
2051,5-9,236,219,455
2051,10-14,270,251,521
2051,15-19,381,355,736
2051,20-24,499,465,964
2051,25-29,574,535,1109
2051,30-34,491,469,960
2051,35-39,550,518,1068
2051,40-44,488,433,921
2051,45-49,731,673,1404
2051,50-54,1262,1112,2374
2051,55-59,1274,1268,2542
2051,60-64,1079,993,2072
2051,65-69,1070,1132,2202
2051,70-74,1246,1243,2489
2051,75-79,999,1056,2055
2051,80-84,794,898,1692
2051,85-89,540,703,1243
2051,90-94,264,466,730
2051,95-99,93,191,284
2051,100+,0,0,0
2052,0-4,221,208,429
2052,5-9,236,219,455
2052,10-14,256,238,494
2052,15-19,356,331,687
2052,20-24,477,445,922
2052,25-29,563,525,1088
2052,30-34,519,480,999
2052,35-39,529,510,1039
2052,40-44,523,453,976
2052,45-49,652,591,1243
2052,50-54,1119,1036,2155
2052,55-59,1315,1277,2592
2052,60-64,1112,1039,2151
2052,65-69,1014,1069,2083
2052,70-74,1236,1224,2460
2052,75-79,1003,1082,2085
2052,80-84,793,902,1695
2052,85-89,540,705,1245
2052,90-94,278,460,738
2052,95-99,93,200,293
2052,100+,0,0,0
2053,0-4,220,207,427
2053,5-9,235,218,453
2053,10-14,247,229,476
2053,15-19,330,308,638
2053,20-24,454,424,878
2053,25-29,551,514,1065
2053,30-34,547,506,1053
2053,35-39,514,500,1014
2053,40-44,517,461,978
2053,45-49,585,529,1114
2053,50-54,1031,957,1988
2053,55-59,1329,1265,2594
2053,60-64,1119,1066,2185
2053,65-69,1009,1011,2020
2053,70-74,1158,1218,2376
2053,75-79,1051,1097,2148
2053,80-84,777,899,1676
2053,85-89,550,712,1262
2053,90-94,289,468,757
2053,95-99,95,207,302
2053,100+,0,0,0
2054,0-4,221,208,429
2054,5-9,232,217,449
2054,10-14,240,222,462
2054,15-19,308,287,595
2054,20-24,431,402,833
2054,25-29,536,501,1037
2054,30-34,594,551,1145
2054,35-39,463,455,918
2054,40-44,526,472,998
2054,45-49,539,496,1035
2054,50-54,939,871,1810
2054,55-59,1294,1219,2513
2054,60-64,1186,1114,2300
2054,65-69,976,970,1946
2054,70-74,1098,1190,2288
2054,75-79,1081,1137,2218
2054,80-84,777,899,1676
2054,85-89,549,715,1264
2054,90-94,291,455,746
2054,95-99,98,217,315
2054,100+,0,0,0
2055,0-4,222,210,432
2055,5-9,229,214,443
2055,10-14,236,219,455
2055,15-19,288,268,556
2055,20-24,406,379,785
2055,25-29,519,484,1003
2055,30-34,584,543,1127
2055,35-39,473,461,934
2055,40-44,553,502,1055
2055,45-49,490,455,945
2055,50-54,816,776,1592
2055,55-59,1282,1179,2461
2055,60-64,1200,1163,2363
2055,65-69,1006,964,1970
2055,70-74,1022,1129,2151
2055,75-79,1115,1178,2293
2055,80-84,778,895,1673
2055,85-89,545,709,1254
2055,90-94,298,466,764
2055,95-99,101,220,321
2055,100+,0,0,0
2056,0-4,224,212,436
2056,5-9,224,211,435
2056,10-14,236,219,455
2056,15-19,270,251,521
2056,20-24,381,355,736
2056,25-29,499,465,964
2056,30-34,574,535,1109
2056,35-39,491,469,960
2056,40-44,550,518,1068
2056,45-49,488,433,921
2056,50-54,710,673,1383
2056,55-59,1226,1105,2331
2056,60-64,1224,1243,2467
2056,65-69,1027,968,1995
2056,70-74,985,1092,2077
2056,75-79,1084,1161,2245
2056,80-84,796,926,1722
2056,85-89,550,707,1257
2056,90-94,301,460,761
2056,95-99,103,219,322
2056,100+,0,0,0
2057,0-4,224,213,437
2057,5-9,221,208,429
2057,10-14,236,219,455
2057,15-19,256,238,494
2057,20-24,356,331,687
2057,25-29,477,445,922
2057,30-34,563,525,1088
2057,35-39,519,480,999
2057,40-44,529,510,1039
2057,45-49,523,453,976
2057,50-54,635,591,1226
2057,55-59,1086,1033,2119
2057,60-64,1265,1252,2517
2057,65-69,1059,1014,2073
2057,70-74,934,1032,1966
2057,75-79,1075,1144,2219
2057,80-84,801,953,1754
2057,85-89,550,713,1263
2057,90-94,302,463,765
2057,95-99,111,217,328
2057,100+,0,0,0
2058,0-4,222,212,434
2058,5-9,220,207,427
2058,10-14,235,218,453
2058,15-19,247,229,476
2058,20-24,330,308,638
2058,25-29,454,424,878
2058,30-34,551,514,1065
2058,35-39,547,506,1053
2058,40-44,514,500,1014
2058,45-49,517,461,978
2058,50-54,571,529,1100
2058,55-59,1001,956,1957
2058,60-64,1279,1241,2520
2058,65-69,1067,1041,2108
2058,70-74,931,977,1908
2058,75-79,1008,1141,2149
2058,80-84,841,970,1811
2058,85-89,541,715,1256
2058,90-94,308,471,779
2058,95-99,116,222,338
2058,100+,0,0,0
2059,0-4,220,209,429
2059,5-9,221,208,429
2059,10-14,232,217,449
2059,15-19,240,222,462
2059,20-24,308,287,595
2059,25-29,431,402,833
2059,30-34,536,501,1037
2059,35-39,594,551,1145
2059,40-44,463,455,918
2059,45-49,526,472,998
2059,50-54,527,496,1023
2059,55-59,910,870,1780
2059,60-64,1246,1198,2444
2059,65-69,1131,1089,2220
2059,70-74,903,940,1843
2059,75-79,957,1115,2072
2059,80-84,865,1006,1871
2059,85-89,544,717,1261
2059,90-94,308,474,782
2059,95-99,117,217,334
2059,100+,0,0,0
2060,0-4,217,205,422
2060,5-9,222,210,432
2060,10-14,229,214,443
2060,15-19,236,219,455
2060,20-24,288,268,556
2060,25-29,406,379,785
2060,30-34,519,484,1003
2060,35-39,584,543,1127
2060,40-44,473,461,934
2060,45-49,553,502,1055
2060,50-54,480,455,935
2060,55-59,791,775,1566
2060,60-64,1233,1159,2392
2060,65-69,1145,1138,2283
2060,70-74,931,934,1865
2060,75-79,892,1058,1950
2060,80-84,891,1041,1932
2060,85-89,544,712,1256
2060,90-94,306,471,777
2060,95-99,121,222,343
2060,100+,0,0,0
2061,0-4,212,200,412
2061,5-9,224,212,436
2061,10-14,224,211,435
2061,15-19,236,219,455
2061,20-24,270,251,521
2061,25-29,381,355,736
2061,30-34,499,465,964
2061,35-39,574,535,1109
2061,40-44,491,469,960
2061,45-49,549,518,1067
2061,50-54,481,433,914
2061,55-59,685,673,1358
2061,60-64,1181,1086,2267
2061,65-69,1167,1218,2385
2061,70-74,951,938,1889
2061,75-79,859,1022,1881
2061,80-84,867,1026,1893
2061,85-89,556,738,1294
2061,90-94,309,469,778
2061,95-99,122,219,341
2061,100+,0,0,0
2062,0-4,207,195,402
2062,5-9,224,213,437
2062,10-14,221,208,429
2062,15-19,236,219,455
2062,20-24,256,238,494
2062,25-29,356,331,687
2062,30-34,477,445,922
2062,35-39,563,525,1088
2062,40-44,519,480,999
2062,45-49,529,510,1039
2062,50-54,511,453,964
2062,55-59,615,591,1206
2062,60-64,1046,1016,2062
2062,65-69,1206,1227,2433
2062,70-74,980,983,1963
2062,75-79,816,965,1781
2062,80-84,859,1010,1869
2062,85-89,559,758,1317
2062,90-94,309,474,783
2062,95-99,122,220,342
2062,100+,0,0,0
2063,0-4,203,190,393
2063,5-9,222,212,434
2063,10-14,220,207,427
2063,15-19,235,218,453
2063,20-24,247,229,476
2063,25-29,330,308,638
2063,30-34,454,424,878
2063,35-39,551,514,1065
2063,40-44,547,506,1053
2063,45-49,513,500,1013
2063,50-54,507,461,968
2063,55-59,551,529,1080
2063,60-64,965,942,1907
2063,65-69,1218,1216,2434
2063,70-74,986,1009,1995
2063,75-79,814,916,1730
2063,80-84,806,1007,1813
2063,85-89,589,772,1361
2063,90-94,304,478,782
2063,95-99,125,226,351
2063,100+,0,0,0
2064,0-4,197,185,382
2064,5-9,220,209,429
2064,10-14,221,208,429
2064,15-19,232,217,449
2064,20-24,240,222,462
2064,25-29,308,287,595
2064,30-34,431,402,833
2064,35-39,536,501,1037
2064,40-44,594,551,1145
2064,45-49,462,455,917
2064,50-54,516,472,988
2064,55-59,507,496,1003
2064,60-64,878,859,1737
2064,65-69,1186,1173,2359
2064,70-74,1045,1055,2100
2064,75-79,789,881,1670
2064,80-84,765,986,1751
2064,85-89,606,800,1406
2064,90-94,305,479,784
2064,95-99,124,227,351
2064,100+,0,0,0
2065,0-4,190,179,369
2065,5-9,217,205,422
2065,10-14,222,210,432
2065,15-19,229,214,443
2065,20-24,236,219,455
2065,25-29,288,268,556
2065,30-34,406,379,785
2065,35-39,519,484,1003
2065,40-44,584,543,1127
2065,45-49,473,461,934
2065,50-54,537,502,1039
2065,55-59,465,455,920
2065,60-64,763,769,1532
2065,65-69,1175,1133,2308
2065,70-74,1059,1103,2162
2065,75-79,817,876,1693
2065,80-84,714,937,1651
2065,85-89,625,830,1455
2065,90-94,305,477,782
2065,95-99,125,229,354
2065,100+,0,0,0
