cunli,2019.01,2021.08,diff
新北市新店區新安里,6554,4097,-2457
雲林縣斗六市虎溪里,6446,4004,-2442
臺北市松山區自強里,10199,8990,-1209
臺北市萬華區和德里,7150,6344,-806
高雄市鳳山區富甲里,2846,2060,-786
臺北市松山區吉祥里,8611,7934,-677
臺北市內湖區樂康里,9056,8399,-657
臺北市萬華區華江里,8849,8195,-654
臺北市萬華區和平里,7085,6437,-648
臺中市烏日區前竹里,2591,1957,-634
臺北市北投區中央里,8896,8268,-628
臺北市中山區大直里,9714,9090,-624
臺北市信義區泰和里,8070,7449,-621
臺北市中山區行仁里,8444,7835,-609
臺北市南港區舊莊里,9404,8807,-597
臺北市北投區大同里,6043,5449,-594
臺北市中正區龍福里,6175,5582,-593
臺北市大同區至聖里,8244,7659,-585
臺北市中正區新營里,10140,9563,-577
臺北市萬華區新和里,8620,8054,-566
臺北市信義區廣居里,8284,7728,-556
臺北市內湖區西湖里,7445,6892,-553
臺北市士林區社新里,9599,9047,-552
臺北市松山區新聚里,8237,7690,-547
臺北市信義區國業里,8138,7594,-544
臺北市內湖區瑞陽里,7999,7469,-530
臺北市士林區百齡里,7494,6977,-517
高雄市三民區安邦里,4637,4121,-516
臺北市信義區三張里,9109,8598,-511
臺北市中正區忠勤里,6558,6049,-509
臺北市信義區中行里,8208,7704,-504
臺北市大同區斯文里,5069,4577,-492
臺北市大安區義村里,5694,5207,-487
臺北市文山區樟林里,8757,8276,-481
臺北市松山區民福里,6457,5985,-472
臺北市文山區興旺里,8679,8209,-470
臺北市北投區關渡里,11860,11392,-468
臺北市士林區永倫里,7413,6949,-464
臺北市大安區光信里,8028,7566,-462
臺北市士林區福中里,7316,6859,-457
臺北市文山區木新里,10462,10011,-451
臺北市信義區安康里,11142,10692,-450
臺北市萬華區頂碩里,7381,6932,-449
臺北市大安區住安里,5314,4868,-446
臺北市士林區福華里,6604,6160,-444
臺北市大同區雙連里,9901,9457,-444
臺北市文山區興家里,7822,7379,-443
臺北市信義區惠安里,6730,6289,-441
臺北市中山區永安里,9923,9482,-441
臺北市中山區新喜里,5513,5073,-440
臺北市中山區江山里,7752,7313,-439
臺北市松山區東光里,7229,6793,-436
臺北市中山區新生里,5031,4598,-433
臺北市士林區葫蘆里,8012,7582,-430
臺北市內湖區港富里,10037,9608,-429
臺北市大安區黎和里,4934,4505,-429
臺北市南港區成福里,7912,7485,-427
臺北市大安區龍淵里,10373,9947,-426
臺北市松山區民有里,8967,8542,-425
臺北市信義區興雅里,5879,5454,-425
臺北市信義區五全里,5038,4616,-422
臺北市內湖區西康里,9774,9357,-417
臺北市士林區後港里,8520,8104,-416
桃園市桃園區光興里,6075,5663,-412
臺北市士林區天和里,7991,7579,-412
臺北市萬華區華中里,6421,6009,-412
臺北市中山區成功里,7230,6820,-410
臺北市中山區江寧里,7165,6756,-409
臺北市大同區永樂里,5527,5119,-408
臺北市松山區復盛里,6503,6095,-408
臺北市內湖區清白里,8859,8452,-407
新北市新莊區營盤里,2248,1842,-406
臺北市松山區安平里,8626,8220,-406
臺北市士林區天玉里,9341,8936,-405
臺北市松山區三民里,7053,6648,-405
臺北市大安區德安里,5922,5517,-405
臺北市中山區中庄里,5251,4846,-405
臺北市大同區大有里,5033,4631,-402
臺北市南港區合成里,6947,6545,-402
臺北市大安區龍雲里,4944,4543,-401
臺北市北投區長安里,6533,6132,-401
臺北市信義區黎平里,7191,6790,-401
臺北市士林區舊佳里,6452,6054,-398
臺北市南港區中研里,9885,9488,-397
臺北市中正區龍興里,4326,3930,-396
臺北市北投區振華里,7994,7599,-395
臺北市北投區溫泉里,6859,6465,-394
臺北市士林區福德里,6044,5651,-393
臺北市文山區順興里,7897,7504,-393
臺北市文山區興昌里,6954,6562,-392
臺北市萬華區柳鄉里,5390,4998,-392
臺北市信義區雙和里,7365,6973,-392
臺北市大安區仁愛里,5431,5039,-392
臺北市文山區萬美里,7625,7234,-391
臺北市信義區大道里,6225,5835,-390
臺北市大安區民輝里,6925,6536,-389
臺北市大安區群賢里,5995,5607,-388
臺北市大安區和安里,7429,7041,-388
臺北市內湖區紫雲里,6092,5705,-387
臺北市大安區龍圖里,7036,6650,-386
臺北市萬華區銘德里,4886,4501,-385
臺北市松山區東榮里,8335,7950,-385
臺北市士林區天母里,7032,6649,-383
臺北市大安區正聲里,4945,4563,-382
臺北市萬華區新安里,6276,5895,-381
臺北市大安區建倫里,6448,6069,-379
臺北市萬華區糖廍里,5635,5257,-378
新北市新莊區立人里,2385,2007,-378
臺北市萬華區壽德里,5376,4998,-378
臺北市文山區興業里,5644,5267,-377
臺北市大安區群英里,7047,6671,-376
臺北市中山區下埤里,7665,7289,-376
臺北市文山區萬芳里,8199,7825,-374
臺北市文山區樟腳里,5967,5594,-373
臺北市信義區六合里,6904,6533,-371
臺北市信義區景勤里,4132,3762,-370
臺北市大安區大學里,8848,8480,-368
臺北市文山區試院里,7170,6803,-367
臺北市大安區車層里,6538,6171,-367
臺北市士林區福佳里,8115,7749,-366
臺北市萬華區興德里,4919,4554,-365
臺北市文山區景華里,6150,5786,-364
臺北市大安區光武里,7719,7357,-362
臺北市內湖區秀湖里,6453,6091,-362
花蓮縣花蓮市國富里,5805,5443,-362
臺北市士林區福志里,7820,7459,-361
臺北市南港區聯成里,5288,4929,-359
臺北市中山區行政里,7599,7241,-358
新北市中和區仁和里,4373,4016,-357
臺北市大同區老師里,6081,5724,-357
臺北市內湖區西安里,6810,6454,-356
臺北市信義區四育里,5727,5372,-355
臺北市文山區明興里,7049,6695,-354
臺北市中山區集英里,7448,7094,-354
臺北市南港區東新里,7616,7263,-353
臺北市大安區建安里,5152,4799,-353
臺北市內湖區安湖里,8348,7996,-352
臺北市文山區華興里,9411,9060,-351
臺北市內湖區湖濱里,8721,8373,-348
臺北市內湖區五分里,11830,11485,-345
臺北市北投區一德里,7847,7502,-345
高雄市左營區新上里,30421,30077,-344
臺北市文山區樟樹里,5148,4804,-344
新竹市北區育英里,4740,4396,-344
臺北市大安區誠安里,4162,3819,-343
臺北市中正區永昌里,5058,4716,-342
臺北市信義區松友里,7133,6791,-342
臺北市萬華區福星里,5659,5318,-341
臺北市士林區三玉里,6060,5720,-340
臺北市松山區中正里,10569,10229,-340
臺北市士林區社園里,7692,7352,-340
臺北市大安區敦煌里,6589,6249,-340
臺北市信義區四維里,5429,5089,-340
臺北市內湖區紫星里,8307,7968,-339
臺北市大安區黎孝里,7809,7471,-338
臺北市北投區榮華里,7699,7362,-337
臺北市中正區網溪里,5957,5620,-337
臺北市文山區萬年里,5516,5180,-336
臺北市中正區幸市里,4542,4208,-334
臺北市中山區新庄里,5166,4835,-331
臺北市士林區名山里,7426,7096,-330
臺中市大里區東興里,8486,8157,-329
臺北市北投區稻香里,5676,5349,-327
臺北市文山區景東里,7731,7404,-327
臺北市信義區興隆里,2900,2574,-326
臺北市文山區興福里,6065,5743,-322
高雄市前鎮區瑞祥里,5930,5609,-321
臺北市大安區通安里,5607,5287,-320
臺北市北投區中庸里,4414,4095,-319
臺北市北投區吉利里,7625,7306,-319
新竹縣竹東鎮五豐里,9583,9264,-319
臺北市中正區河堤里,4630,4311,-319
臺北市南港區新富里,4189,3871,-318
臺北市內湖區安泰里,5786,5468,-318
臺北市中正區頂東里,6133,5815,-318
臺北市士林區天山里,7279,6962,-317
新竹縣竹北市竹仁里,11547,11231,-316
臺北市松山區敦化里,7338,7023,-315
臺北市南港區中南里,3949,3635,-314
臺北市內湖區康寧里,9639,9327,-312
臺北市中山區朱馥里,6112,5801,-311
臺南市北區北門里,6123,5812,-311
臺北市中山區松江里,6699,6389,-310
臺北市大同區民權里,6852,6543,-309
臺北市文山區樟新里,5884,5575,-309
臺北市北投區榮光里,8108,7799,-309
臺北市松山區鵬程里,5547,5239,-308
臺北市南港區西新里,5029,4725,-304
臺北市士林區忠誠里,5788,5484,-304
臺北市士林區蘭雅里,9061,8759,-302
臺北市文山區景慶里,6909,6608,-301
屏東縣屏東市大連里,10999,10700,-299
臺北市中正區螢雪里,4446,4147,-299
臺北市大同區建明里,3505,3206,-299
臺北市南港區百福里,5603,5305,-298
高雄市楠梓區宏毅里,2971,2676,-295
臺北市南港區仁福里,5806,5512,-294
臺北市南港區萬福里,4410,4116,-294
臺中市西屯區逢福里,6594,6300,-294
臺北市北投區八仙里,5751,5459,-292
臺中市豐原區西安里,6167,5875,-292
臺北市士林區社子里,6810,6520,-290
臺北市萬華區仁德里,4871,4581,-290
臺南市東區崇文里,7683,7394,-289
苗栗縣三義鄉廣盛村,4844,4555,-289
臺北市大同區星明里,6405,6119,-286
金門縣金城鎮西門里,11495,11209,-286
臺北市士林區承德里,5763,5478,-285
新北市樹林區保安里,6689,6404,-285
臺北市中山區圓山里,4393,4109,-284
臺南市新營區王公里,5246,4962,-284
臺北市信義區敦厚里,5339,5055,-284
高雄市小港區正苓里,4931,4648,-283
臺北市士林區明勝里,5102,4820,-282
臺中市烏日區九德里,16245,15963,-282
桃園市龜山區龜山里,8202,7921,-281
臺北市大安區敦安里,6629,6348,-281
高雄市鳳山區協和里,4009,3729,-280
高雄市左營區海勝里,6414,6134,-280
臺北市北投區桃源里,6283,6004,-279
金門縣金城鎮東門里,5820,5541,-279
臺北市大安區義安里,5448,5170,-278
臺北市內湖區大湖里,5742,5464,-278
臺北市中山區民安里,4631,4353,-278
臺北市信義區西村里,5891,5613,-278
臺北市信義區黎順里,4164,3888,-276
臺北市內湖區葫洲里,7927,7651,-276
臺北市內湖區瑞光里,4780,4504,-276
臺北市大安區民炤里,8424,8149,-275
臺北市大安區龍坡里,6144,5870,-274
臺北市信義區長春里,4368,4095,-273
桃園市大園區埔心里,7184,6913,-271
臺北市中山區晴光里,5603,5332,-271
臺北市松山區富泰里,4801,4532,-269
新竹縣竹東鎮鷄林里,4732,4463,-269
新北市永和區民樂里,5008,4739,-269
臺北市內湖區湖興里,8794,8526,-268
臺北市萬華區綠堤里,4440,4173,-267
臺南市北區長勝里,4468,4201,-267
臺南市中西區南廠里,4532,4266,-266
臺北市信義區正和里,4765,4499,-266
臺北市中正區三愛里,9045,8779,-266
臺北市南港區九如里,6701,6436,-265
臺南市東區泉南里,5428,5163,-265
臺北市萬華區凌霄里,3767,3503,-264
臺北市信義區中興里,3588,3325,-263
臺北市文山區萬隆里,7571,7308,-263
金門縣金湖鎮新市里,4762,4500,-262
臺北市士林區天福里,6692,6430,-262
臺北市文山區萬有里,5903,5641,-262
臺北市中正區文北里,5807,5545,-262
高雄市鳳山區和興里,6227,5965,-262
臺中市西屯區西平里,6104,5843,-261
新北市中和區新南里,8499,8239,-260
臺中市大里區國光里,7115,6856,-259
高雄市三民區寶國里,9717,9459,-258
臺北市南港區玉成里,5022,4766,-256
臺北市內湖區碧山里,7368,7112,-256
臺北市士林區蘭興里,6706,6451,-255
苗栗縣造橋鄉大西村,4044,3789,-255
新北市板橋區湳興里,5533,5279,-254
臺中市潭子區東寶里,14264,14011,-253
臺北市大同區蓬萊里,5163,4911,-252
桃園市龜山區新路里,6517,6265,-252
臺北市大安區黎元里,5722,5470,-252
桃園市平鎮區湧光里,6444,6192,-252
臺南市永康區正強里,9461,9209,-252
臺北市萬華區榮德里,3756,3504,-252
臺北市信義區永吉里,4128,3877,-251
高雄市楠梓區錦屏里,3327,3076,-251
臺北市信義區新仁里,3468,3217,-251
臺北市文山區萬盛里,4826,4576,-250
臺北市信義區中坡里,4515,4265,-250
臺北市大同區鄰江里,6629,6380,-249
臺北市中山區中山里,6850,6601,-249
臺北市信義區松光里,5012,4763,-249
臺北市大安區虎嘯里,3920,3672,-248
臺北市萬華區錦德里,5671,5424,-247
臺北市大安區法治里,4597,4350,-247
新北市泰山區義仁里,9038,8791,-247
臺北市大同區建泰里,3970,3723,-247
臺北市內湖區金湖里,10584,10338,-246
臺北市士林區福林里,3111,2865,-246
臺北市中山區龍洲里,5085,4840,-245
臺北市內湖區港墘里,6401,6156,-245
新竹市東區高峰里,6908,6663,-245
臺北市信義區大仁里,4103,3858,-245
臺北市北投區文化里,4476,4232,-244
臺北市北投區中和里,5108,4865,-243
臺北市北投區智仁里,6405,6162,-243
金門縣金城鎮南門里,6313,6070,-243
臺中市大里區仁化里,10538,10295,-243
新竹市北區新雅里,6082,5840,-242
臺南市北區大港里,6366,6124,-242
臺北市信義區五常里,3769,3527,-242
臺北市松山區莊敬里,5472,5230,-242
臺中市西區公舘里,6782,6540,-242
臺北市中正區永功里,6479,6238,-241
新北市永和區保安里,7487,7246,-241
臺北市萬華區雙園里,4819,4578,-241
臺北市內湖區石潭里,4203,3962,-241
臺北市北投區立農里,9719,9478,-241
臺南市東區崇明里,5068,4827,-241
臺南市東區德光里,4828,4588,-240
臺北市北投區裕民里,8035,7796,-239
臺中市北區建興里,6608,6370,-238
新北市板橋區海山里,8525,8287,-238
臺北市士林區東山里,5366,5128,-238
臺中市大里區金城里,11894,11657,-237
臺北市大安區芳和里,5869,5633,-236
臺北市信義區黎忠里,4904,4668,-236
高雄市前鎮區草衙里,10891,10655,-236
宜蘭縣羅東鎮賢文里,4570,4335,-235
臺中市西區吉龍里,7765,7530,-235
臺北市萬華區福音里,4071,3836,-235
臺中市潭子區甘蔗里,11391,11156,-235
桃園市大園區沙崙里,3232,2997,-235
臺北市北投區永明里,5335,5100,-235
臺北市北投區石牌里,5446,5211,-235
臺南市北區小北里,4533,4299,-234
臺中市西區忠誠里,6702,6468,-234
桃園市桃園區中德里,8173,7940,-233
高雄市小港區店鎮里,6835,6602,-233
臺北市大同區南芳里,4302,4069,-233
臺東縣臺東市馬蘭里,3752,3520,-232
高雄市三民區本館里,9708,9476,-232
臺北市中山區埤頭里,3392,3160,-232
新北市新莊區光華里,7895,7663,-232
臺北市北投區中心里,6659,6427,-232
基隆市安樂區鶯歌里,3392,3161,-231
臺北市松山區富錦里,5335,5104,-231
臺北市中山區新福里,5321,5091,-230
臺南市新營區永平里,3128,2898,-230
臺北市萬華區保德里,3428,3198,-230
臺北市文山區興安里,6998,6769,-229
新竹市東區科園里,8884,8656,-228
臺北市萬華區忠貞里,4914,4686,-228
新北市新莊區自立里,5698,5470,-228
臺北市松山區復勢里,6622,6395,-227
高雄市苓雅區五福里,4122,3895,-227
臺北市士林區臨溪里,3052,2825,-227
屏東縣屏東市華山里,5788,5561,-227
桃園市桃園區東埔里,5592,5365,-227
臺南市東區小東里,5168,4941,-227
臺中市西屯區何仁里,7372,7145,-227
高雄市三民區寶中里,3515,3289,-226
臺南市東區莊敬里,4439,4213,-226
臺北市南港區重陽里,5747,5521,-226
新北市新莊區信義里,5724,5498,-226
高雄市鳳山區興仁里,4172,3946,-226
臺北市松山區介壽里,4752,4526,-226
臺北市文山區萬興里,8828,8602,-226
臺北市中正區東門里,4128,3903,-225
臺北市松山區龍田里,11211,10986,-225
高雄市前鎮區鎮榮里,2467,2243,-224
高雄市前鎮區瑞平里,4475,4251,-224
臺北市士林區天祿里,5477,5253,-224
高雄市三民區安吉里,5260,5037,-223
臺北市士林區富光里,6184,5961,-223
新北市土城區埤林里,8904,8681,-223
新北市三峽區永舘里,7984,7762,-222
臺北市南港區鴻福里,4663,4441,-222
臺北市士林區義信里,3416,3195,-221
高雄市鳳山區老爺里,7814,7593,-221
臺北市信義區景新里,5289,5068,-221
高雄市左營區新中里,5829,5608,-221
臺南市永康區復華里,10928,10708,-220
新北市土城區清水里,8465,8245,-220
臺北市萬華區西門里,3843,3623,-220
臺北市內湖區金龍里,5524,5304,-220
臺北市信義區永春里,5055,4836,-219
臺北市中山區中央里,3892,3673,-219
屏東縣屏東市永安里,8301,8084,-217
臺中市北區賴村里,5191,4974,-217
高雄市鳳山區忠義里,5308,5091,-217
臺北市萬華區萬壽里,3397,3181,-216
彰化縣彰化市西安里,3364,3148,-216
臺北市大安區華聲里,4363,4147,-216
新北市板橋區福德里,5339,5123,-216
臺北市中正區螢圃里,5628,5412,-216
臺北市萬華區富民里,4999,4784,-215
臺北市士林區前港里,4786,4571,-215
臺南市安平區天妃里,3871,3656,-215
臺北市內湖區紫陽里,8335,8120,-215
新竹市東區三民里,6100,5885,-215
臺北市萬華區富福里,6144,5930,-214
新北市鶯歌區鳳祥里,4783,4569,-214
臺南市北區北華里,4617,4403,-214
臺南市東區圍下里,2331,2117,-214
臺北市大同區延平里,4297,4083,-214
臺北市文山區景美里,5452,5239,-213
高雄市苓雅區文昌里,4313,4100,-213
臺北市士林區聖山里,5272,5059,-213
彰化縣彰化市復興里,5238,5025,-213
臺北市士林區仁勇里,4059,3846,-213
臺北市中山區正義里,5354,5141,-213
臺北市松山區東勢里,4525,4312,-213
桃園市中壢區光明里,6544,6332,-212
新竹縣橫山鄉橫山村,3904,3692,-212
高雄市三民區正順里,4612,4400,-212
臺中市北屯區北興里,3743,3532,-211
臺南市永康區勝利里,8989,8778,-211
臺北市信義區景聯里,4675,4464,-211
臺北市北投區吉慶里,5605,5395,-210
臺北市士林區芝山里,7889,7679,-210
臺北市大安區新龍里,7167,6957,-210
高雄市左營區菜公里,35192,34982,-210
臺南市中西區藥王里,3846,3636,-210
臺北市信義區嘉興里,3217,3007,-210
臺中市西區藍興里,5050,4840,-210
新北市石門區老梅里,2495,2286,-209
高雄市路竹區文北里,3869,3660,-209
臺北市北投區開明里,6806,6597,-209
新北市三重區永福里,5670,5461,-209
臺北市大安區全安里,4485,4276,-209
高雄市三民區寶德里,5693,5484,-209
彰化縣彰化市萬安里,4946,4737,-209
新北市中和區文元里,5430,5222,-208
臺北市松山區新東里,5107,4899,-208
臺北市大同區建功里,4888,4680,-208
新北市新莊區裕民里,7504,7296,-208
臺南市中西區兌悅里,4480,4272,-208
彰化縣彰化市福山里,7982,7775,-207
高雄市前鎮區西山里,3783,3576,-207
新北市新店區國豐里,3387,3180,-207
高雄市鳳山區一甲里,3732,3525,-207
臺南市東區東光里,6051,5845,-206
新北市新店區中正里,6407,6201,-206
高雄市小港區港明里,3740,3534,-206
臺北市大安區福住里,6905,6699,-206
高雄市三民區鼎西里,8278,8072,-206
臺北市中山區劍潭里,3867,3662,-205
新北市三重區永豐里,6357,6152,-205
臺中市西屯區何成里,8648,8443,-205
新北市板橋區德翠里,7606,7402,-204
新北市中和區中正里,4192,3988,-204
臺北市信義區三犁里,5336,5132,-204
高雄市楠梓區玉屏里,2494,2291,-203
新北市板橋區港德里,4969,4766,-203
臺南市南區開南里,6625,6423,-202
臺南市歸仁區南保里,7140,6939,-201
臺北市文山區博嘉里,6123,5922,-201
臺南市北區開元里,3876,3676,-200
臺北市大安區學府里,2775,2575,-200
嘉義市西區美源里,4475,4275,-200
臺北市大安區臨江里,4216,4016,-200
基隆市安樂區七賢里,3017,2817,-200
臺北市大安區通化里,6343,6144,-199
臺南市南區建南里,5927,5729,-198
高雄市三民區寶盛里,5656,5458,-198
新北市板橋區華德里,7408,7211,-197
新北市板橋區仁愛里,3292,3095,-197
高雄市鳳山區正義里,7135,6938,-197
臺北市內湖區湖元里,5694,5498,-196
臺中市西區廣民里,1865,1669,-196
臺北市大同區景星里,2769,2573,-196
桃園市龍潭區中興里,5174,4978,-196
臺北市南港區新光里,3858,3663,-195
臺南市東區中西里,3676,3481,-195
雲林縣臺西鄉和豐村,3427,3232,-195
臺東縣臺東市東海里,3590,3395,-195
臺中市大甲區文武里,6785,6590,-195
高雄市苓雅區正大里,5744,5549,-195
臺北市萬華區全德里,4551,4357,-194
高雄市苓雅區英明里,2212,2018,-194
臺中市南屯區中和里,5247,5053,-194
彰化縣員林市中正里,4012,3818,-194
臺北市中正區文祥里,8567,8374,-193
新北市新莊區瓊林里,6162,5969,-193
桃園市桃園區大豐里,6096,5903,-193
臺北市大安區龍生里,7152,6959,-193
臺南市六甲區甲東里,3171,2979,-192
臺北市士林區福順里,5628,5436,-192
新北市新莊區立基里,6443,6251,-192
臺北市萬華區菜園里,6335,6143,-192
新竹市東區光明里,3926,3734,-192
彰化縣員林市大埔里,2796,2604,-192
臺北市大安區龍陣里,3532,3341,-191
臺中市北區中正里,1967,1776,-191
嘉義市西區後驛里,2549,2358,-191
新北市林口區東林里,4361,4170,-191
臺中市大里區大元里,5214,5024,-190
臺中市北區樂英里,2944,2754,-190
臺中市潭子區潭陽里,13441,13251,-190
高雄市小港區二苓里,4343,4153,-190
新北市板橋區港嘴里,6228,6038,-190
新北市泰山區泰友里,2289,2099,-190
苗栗縣頭份市建國里,4544,4355,-189
高雄市三民區鼎盛里,9049,8860,-189
苗栗縣苗栗市嘉盛里,4119,3930,-189
臺南市南區明亮里,4185,3996,-189
臺北市內湖區內溝里,4906,4718,-188
臺中市西屯區何南里,4967,4779,-188
臺中市西屯區鵬程里,3189,3001,-188
臺南市永康區崑山里,6972,6784,-188
高雄市三民區寶龍里,4899,4711,-188
臺北市松山區中華里,6716,6528,-188
臺中市北區賴旺里,5129,4942,-187
臺中市北區長青里,7265,7078,-187
臺北市中山區聚盛里,4294,4107,-187
臺北市中正區梅花里,3214,3027,-187
臺南市北區合興里,3973,3786,-187
新北市新店區小城里,3984,3797,-187
桃園市平鎮區廣仁里,5122,4936,-186
臺中市北屯區三和里,6758,6572,-186
新北市新莊區興漢里,3624,3438,-186
臺中市大雅區雅楓里,4463,4277,-186
臺中市北區崇德里,4174,3988,-186
嘉義市東區民族里,2094,1908,-186
高雄市前鎮區瑞隆里,4160,3974,-186
新北市新莊區全泰里,5276,5090,-186
臺中市太平區永平里,4931,4746,-185
高雄市楠梓區宏南里,975,790,-185
高雄市大寮區中興里,7479,7295,-184
南投縣埔里鎮西門里,3683,3499,-184
高雄市前鎮區瑞華里,5153,4970,-183
臺北市中山區正得里,3715,3533,-182
桃園市桃園區春日里,7476,7295,-181
臺北市北投區豐年里,4785,4604,-181
臺中市大里區塗城里,10089,9908,-181
高雄市苓雅區林榮里,4476,4295,-181
高雄市鳳山區北門里,4850,4669,-181
彰化縣社頭鄉廣興村,5504,5323,-181
新北市中和區錦中里,4502,4321,-181
臺南市北區力行里,2814,2633,-181
臺南市北區大興里,3456,3275,-181
臺南市南區國宅里,3401,3221,-180
新北市中和區復興里,5293,5113,-180
臺北市中正區幸福里,5865,5685,-180
臺北市松山區松基里,3727,3547,-180
高雄市前鎮區鎮海里,4644,4464,-180
高雄市鳳山區鎮西里,5736,5556,-180
新北市中和區平河里,9499,9319,-180
新北市中和區忠孝里,4918,4739,-179
臺北市信義區富台里,4557,4378,-179
臺中市北區錦洲里,3908,3729,-179
臺南市北區東興里,2490,2312,-178
高雄市前鎮區忠誠里,2413,2235,-178
新北市樹林區三多里,4353,4175,-178
臺北市中山區中原里,5221,5043,-178
苗栗縣銅鑼鄉銅鑼村,5233,5055,-178
臺北市萬華區孝德里,3341,3163,-178
臺中市太平區中興里,3932,3754,-178
臺北市信義區雅祥里,5105,4928,-177
彰化縣彰化市桃源里,2950,2773,-177
雲林縣北港鎮華勝里,5844,5667,-177
高雄市三民區寶興里,7488,7311,-177
高雄市前鎮區民權里,4773,4596,-177
臺南市北區和順里,5837,5661,-176
臺南市北區長興里,3260,3084,-176
基隆市安樂區四維里,5669,5493,-176
新北市新莊區中港里,6828,6652,-176
新竹市北區客雅里,2244,2068,-176
高雄市三民區德智里,2487,2311,-176
臺南市南區鹽埕里,4233,4057,-176
臺南市北區立人里,3071,2896,-175
新北市三重區博愛里,4782,4607,-175
高雄市前鎮區竹西里,4755,4580,-175
基隆市安樂區三民里,2998,2823,-175
新北市新店區大同里,4037,3862,-175
高雄市苓雅區林華里,3108,2934,-174
新北市中和區內南里,5239,5065,-174
彰化縣和美鎮和西里,3975,3801,-174
臺中市大甲區孟春里,5016,4842,-174
新北市永和區秀朗里,4094,3920,-174
桃園市桃園區中信里,6988,6814,-174
新北市板橋區聚安里,5516,5342,-174
臺北市士林區天壽里,5369,5195,-174
臺南市南區文華里,3729,3555,-174
臺北市中正區板溪里,3346,3173,-173
臺南市安南區安富里,6872,6699,-173
新北市五股區貿商里,3231,3059,-172
臺北市士林區德華里,5867,5695,-172
高雄市前鎮區復國里,3071,2899,-172
臺中市東區富仁里,4714,4542,-172
新北市土城區樂利里,5310,5139,-171
臺南市東區忠孝里,4745,4574,-171
屏東縣鹽埔鄉新圍村,3637,3466,-171
臺南市中西區府前里,2223,2052,-171
新北市土城區復興里,4749,4578,-171
桃園市平鎮區北興里,4881,4711,-170
桃園市八德區廣興里,3892,3722,-170
臺南市新化區武安里,3618,3448,-170
臺南市安南區州北里,5639,5469,-170
嘉義市東區興仁里,4398,4228,-170
臺北市松山區吉仁里,4222,4052,-170
臺北市大安區永康里,4053,3883,-170
高雄市三民區安宜里,3543,3374,-169
臺北市中正區廈安里,4988,4819,-169
新北市樹林區文林里,5463,5294,-169
臺南市東區崇德里,5584,5415,-169
新北市鶯歌區大湖里,5311,5142,-169
雲林縣斗六市八德里,3839,3670,-169
新北市中和區正南里,3664,3496,-168
臺北市內湖區麗山里,6374,6206,-168
新北市新店區德安里,6487,6319,-168
新北市新店區新生里,5973,5805,-168
高雄市苓雅區正仁里,2888,2720,-168
臺北市大安區昌隆里,3149,2981,-168
新北市樹林區彭興里,6173,6005,-168
新竹市東區頂竹里,3374,3206,-168
臺中市太平區光隆里,3847,3680,-167
臺北市萬華區日善里,3853,3686,-167
臺北市信義區黎安里,2097,1930,-167
高雄市前鎮區瑞和里,2416,2249,-167
桃園市桃園區龍山里,4170,4003,-167
臺中市大里區西湖里,3503,3336,-167
臺北市松山區新益里,4667,4501,-166
高雄市旗山區永和里,4055,3889,-166
臺中市太平區豐年里,5147,4981,-166
南投縣竹山鎮竹圍里,2748,2582,-166
臺中市南屯區黎明里,5033,4867,-166
高雄市苓雅區正言里,3104,2938,-166
新北市板橋區新海里,3715,3549,-166
高雄市鳳山區忠孝里,6647,6481,-166
高雄市楠梓區宏榮里,3297,3131,-166
臺南市北區賢北里,4414,4248,-166
臺南市白河區仙草里,1403,1238,-165
臺中市北屯區松勇里,6147,5982,-165
桃園市桃園區泰山里,4474,4309,-165
花蓮縣豐濱鄉豐濱村,1927,1762,-165
臺南市東區後甲里,3462,3297,-165
新北市新店區百忍里,4023,3858,-165
臺北市萬華區忠德里,4635,4470,-165
新北市三重區厚德里,3847,3682,-165
臺北市大同區朝陽里,4484,4319,-165
臺北市中正區龍光里,3677,3512,-165
臺南市北區大光里,5507,5342,-165
臺中市豐原區朴子里,3958,3794,-164
高雄市小港區六苓里,3254,3090,-164
臺南市東區大智里,7858,7694,-164
臺南市安南區鳳凰里,5261,5097,-164
臺中市東區振興里,3617,3454,-163
新竹市東區湖濱里,4226,4063,-163
高雄市三民區灣利里,3496,3333,-163
臺南市中西區光賢里,4158,3995,-163
臺北市北投區秀山里,3392,3229,-163
新北市林口區林口里,5860,5697,-163
新北市中和區秀景里,6553,6390,-163
臺南市北區正覺里,3591,3428,-163
新北市新店區雙城里,6019,5856,-163
彰化縣花壇鄉長沙村,6122,5959,-163
臺南市東區崇信里,5219,5056,-163
苗栗縣苗栗市維新里,4283,4120,-163
臺北市大同區光能里,5344,5181,-163
臺北市大同區玉泉里,3044,2881,-163
新北市淡水區幸福里,4182,4020,-162
新北市蘆洲區樹德里,3475,3313,-162
苗栗縣頭份市斗煥里,3545,3383,-162
臺中市霧峰區甲寅里,5545,5383,-162
臺中市大肚區福山里,4289,4127,-162
高雄市三民區安發里,5129,4967,-162
高雄市三民區灣愛里,3388,3226,-162
屏東縣新園鄉鹽埔村,4970,4808,-162
高雄市三民區豐裕里,2759,2597,-162
高雄市鳳山區龍成里,3240,3078,-162
新北市三重區福民里,3678,3516,-162
臺南市東山區東原里,2401,2239,-162
臺南市新營區南興里,2800,2638,-162
臺南市北區元美里,3877,3715,-162
新竹縣五峰鄉桃山村,1792,1631,-161
臺北市中山區聚葉里,4079,3918,-161
新北市三重區文化里,2449,2288,-161
屏東縣佳冬鄉塭豐村,2827,2666,-161
南投縣南投市三和里,3335,3174,-161
臺南市中西區小西門里,3751,3590,-161
臺北市萬華區騰雲里,3136,2975,-161
桃園市中壢區自立里,6069,5908,-161
新北市三重區崇德里,4144,3983,-161
新北市樹林區彭厝里,5303,5143,-160
新竹市東區東山里,4378,4218,-160
新北市板橋區龍翠里,5196,5036,-160
臺中市北區建德里,3881,3721,-160
臺南市中西區五條港里,2305,2145,-160
臺北市萬華區青山里,5864,5704,-160
彰化縣員林市崙雅里,2821,2661,-160
新北市新莊區立言里,5283,5123,-160
新北市鶯歌區永昌里,9069,8909,-160
苗栗縣苗栗市勝利里,4483,4324,-159
高雄市鳳山區國泰里,4227,4068,-159
臺南市安南區溪墘里,3868,3709,-159
新北市蘆洲區永康里,7284,7126,-158
新竹市北區武陵里,5475,5317,-158
桃園市中壢區普忠里,4505,4347,-158
苗栗縣頭份市尖下里,3024,2866,-158
臺中市東勢區新盛里,5846,5688,-158
臺中市北屯區平福里,4451,4293,-158
臺南市北區大豐里,4923,4765,-158
高雄市三民區安和里,2817,2660,-157
新北市中和區福南里,4394,4237,-157
花蓮縣花蓮市國威里,2358,2201,-157
嘉義市西區國華里,1562,1405,-157
臺北市中山區力行里,6191,6034,-157
屏東縣里港鄉載興村,2794,2637,-157
臺南市仁德區一甲里,3129,2972,-157
臺北市士林區葫東里,4301,4144,-157
臺北市松山區精忠里,4640,4484,-156
臺中市南區城隍里,4148,3992,-156
屏東縣東港鎮南平里,1888,1732,-156
苗栗縣三義鄉勝興村,4031,3875,-156
新北市中和區安順里,4454,4299,-155
新竹市東區振興里,6528,6373,-155
新北市中和區頂南里,3097,2942,-155
臺北市士林區岩山里,3508,3353,-155
高雄市三民區安泰里,4285,4130,-155
宜蘭縣蘇澳鎮聖愛里,3234,3079,-155
桃園市平鎮區復興里,6474,6319,-155
臺北市松山區東昌里,2929,2774,-155
新北市永和區水源里,4171,4016,-155
新北市板橋區華福里,2178,2023,-155
新北市土城區清溪里,7175,7020,-155
桃園市中壢區龍岡里,5690,5535,-155
高雄市三民區寶泰里,4518,4363,-155
臺中市東勢區南平里,2201,2047,-154
新北市新莊區海山里,5663,5509,-154
新北市中和區中興里,7196,7042,-154
新北市新莊區思源里,5670,5516,-154
苗栗縣頭份市成功里,4671,4517,-154
高雄市三民區鼎強里,4632,4478,-154
臺北市大安區仁慈里,5824,5670,-154
高雄市路竹區社西里,2658,2504,-154
新竹縣湖口鄉和興村,3374,3221,-153
臺北市內湖區明湖里,6030,5877,-153
桃園市楊梅區仁美里,4548,4395,-153
桃園市大園區大園里,7554,7401,-153
桃園市楊梅區梅新里,2441,2288,-153
桃園市楊梅區大平里,3843,3690,-153
臺南市新營區大宏里,3707,3554,-153
臺南市南區金華里,5721,5568,-153
高雄市前鎮區瑞崗里,2869,2716,-153
臺中市西區和龍里,2702,2549,-153
新北市永和區永貞里,3548,3395,-153
彰化縣花壇鄉花壇村,3931,3778,-153
新北市板橋區浮洲里,4010,3858,-152
高雄市苓雅區福居里,3022,2870,-152
臺中市神岡區豐洲里,8433,8281,-152
高雄市苓雅區福南里,1921,1769,-152
澎湖縣馬公市西衛里,6894,6742,-152
臺南市南區明興里,3867,3715,-152
高雄市鳳山區福興里,7098,6946,-152
高雄市三民區本安里,5712,5561,-151
臺中市東區東南里,4397,4246,-151
新北市汐止區新昌里,5813,5662,-151
臺中市大里區立德里,9516,9365,-151
臺南市仁德區文賢里,2596,2446,-150
臺中市北屯區水湳里,7719,7569,-150
臺中市西屯區上德里,5001,4851,-150
新北市板橋區文翠里,4153,4003,-150
彰化縣二林鎮北平里,3698,3548,-150
屏東縣屏東市大武里,9566,9416,-150
桃園市中壢區永福里,6472,6322,-150
苗栗縣公館鄉館東村,2937,2787,-150
臺北市信義區六藝里,3878,3728,-150
桃園市中壢區龍安里,2555,2405,-150
新北市鶯歌區南鶯里,6083,5933,-150
新竹市北區西雅里,3393,3243,-150
臺北市松山區福成里,2767,2618,-149
臺北市大同區國順里,2783,2634,-149
基隆市中山區德和里,6149,6000,-149
臺中市大甲區日南里,6838,6689,-149
臺中市后里區義德里,3201,3052,-149
新北市中和區福真里,4289,4140,-149
苗栗縣卓蘭鎮內灣里,2454,2305,-149
新北市永和區安和里,4016,3867,-149
臺北市中山區中吉里,5884,5735,-149
新北市雙溪區牡丹里,1710,1561,-149
臺中市大雅區大雅里,5302,5153,-149
金門縣金城鎮北門里,4686,4537,-149
高雄市前鎮區瑞豐里,3454,3305,-149
高雄市苓雅區正心里,3966,3818,-148
雲林縣虎尾鎮西安里,3932,3784,-148
臺中市豐原區田心里,7460,7312,-148
臺中市東區合作里,4866,4718,-148
新北市永和區中溪里,5269,5121,-148
屏東縣內埔鄉東寧村,5060,4912,-148
新北市板橋區振興里,4561,4413,-148
臺北市中山區復華里,4835,4687,-148
南投縣竹山鎮雲林里,4217,4069,-148
桃園市大溪區仁義里,3481,3333,-148
新北市中和區民有里,2903,2756,-147
新北市新店區福德里,4039,3892,-147
彰化縣員林市新生里,5227,5080,-147
花蓮縣花蓮市國魂里,2521,2374,-147
新北市三重區國隆里,2847,2701,-146
高雄市鼓山區民強里,2944,2798,-146
桃園市中壢區莊敬里,4092,3946,-146
新北市新莊區光榮里,4868,4722,-146
臺中市太平區平安里,2727,2581,-146
嘉義市東區宣信里,1566,1420,-146
苗栗縣竹南鎮頂埔里,2468,2322,-146
臺中市霧峰區萬豐里,3184,3038,-146
新北市三重區永順里,5450,5304,-146
南投縣埔里鎮北安里,3828,3682,-146
南投縣草屯鎮北勢里,2195,2049,-146
彰化縣彰化市崙平里,6305,6159,-146
臺中市北屯區三光里,8328,8182,-146
彰化縣鹿港鎮溝墘里,5141,4995,-146
新北市三峽區嘉添里,2492,2346,-146
高雄市苓雅區福隆里,2842,2696,-146
臺北市萬華區新忠里,3513,3367,-146
臺南市北區大和里,4294,4149,-145
彰化縣溪湖鎮湖東里,5944,5799,-145
桃園市龜山區中興里,5668,5523,-145
新竹市北區福林里,4675,4530,-145
高雄市三民區寶獅里,4048,3903,-145
新北市板橋區重慶里,9005,8860,-145
新北市樹林區和平里,4088,3943,-145
臺南市安平區平安里,3904,3759,-145
桃園市平鎮區北貴里,4911,4766,-145
高雄市路竹區竹南里,3389,3244,-145
臺中市南區福平里,6338,6193,-145
高雄市新興區開平里,4102,3957,-145
新北市新莊區自強里,2834,2689,-145
屏東縣內埔鄉老埤村,2693,2549,-144
宜蘭縣羅東鎮竹林里,3699,3555,-144
臺南市新營區忠政里,5417,5273,-144
桃園市八德區瑞德里,4276,4132,-144
宜蘭縣宜蘭市民族里,2800,2656,-144
高雄市苓雅區福地里,2975,2831,-144
新竹縣新豐鄉松林村,5962,5818,-144
臺北市文山區興邦里,5115,4971,-144
高雄市小港區山明里,13868,13724,-144
嘉義市西區導明里,1848,1705,-143
臺南市安南區溪頂里,5554,5411,-143
高雄市鳳山區南和里,3165,3022,-143
高雄市苓雅區同慶里,3354,3211,-143
桃園市桃園區玉山里,5912,5769,-143
新北市三重區福隆里,4865,4722,-143
臺北市北投區永和里,9533,9390,-143
嘉義縣民雄鄉山中村,4187,4044,-143
臺北市中山區興亞里,5421,5278,-143
屏東縣新園鄉五房村,3155,3012,-143
高雄市鼓山區平和里,3910,3767,-143
臺中市龍井區忠和里,6103,5960,-143
臺中市神岡區社南里,6549,6406,-143
苗栗縣苗栗市嘉新里,3365,3222,-143
新北市板橋區東丘里,4897,4755,-142
新北市永和區智光里,3531,3389,-142
新北市中和區景本里,2232,2090,-142
高雄市大社區大社里,5725,5583,-142
臺中市北區賴興里,4579,4437,-142
彰化縣鹿港鎮永安里,5478,5336,-142
臺北市大同區重慶里,6775,6634,-141
高雄市三民區寶慶里,3226,3085,-141
桃園市中壢區中央里,4134,3993,-141
臺中市清水區國姓里,2510,2369,-141
新北市五股區五股里,4623,4482,-141
基隆市仁愛區林泉里,2354,2213,-141
新北市新店區大豐里,3872,3731,-141
嘉義市西區書院里,2268,2127,-141
臺南市南區文南里,5781,5640,-141
高雄市楠梓區大昌里,2497,2356,-141
屏東縣東港鎮共和里,853,713,-140
雲林縣林內鄉林北村,2564,2424,-140
新竹市北區長和里,1838,1698,-140
澎湖縣馬公市朝陽里,6205,6065,-140
新北市中和區力行里,6320,6180,-140
屏東縣屏東市溝美里,2778,2638,-140
臺南市南區新興里,3124,2985,-139
臺中市新社區協成里,3475,3336,-139
雲林縣古坑鄉棋盤村,2406,2267,-139
新北市永和區潭安里,5020,4881,-139
彰化縣福興鄉福興村,4296,4157,-139
嘉義市東區興村里,4699,4560,-139
嘉義市東區過溝里,2538,2399,-139
高雄市小港區桂林里,9319,9180,-139
高雄市苓雅區林中里,3093,2954,-139
雲林縣二崙鄉港後村,2146,2007,-139
屏東縣萬丹鄉萬全村,3976,3837,-139
彰化縣二林鎮華崙里,4071,3932,-139
高雄市鼓山區前峰里,4556,4418,-138
嘉義縣竹崎鄉灣橋村,5912,5774,-138
高雄市苓雅區正義里,2862,2724,-138
新北市中和區建和里,3670,3532,-138
新北市中和區信和里,4498,4360,-138
苗栗縣苗栗市玉華里,4430,4292,-138
臺北市中山區朱園里,4668,4530,-138
彰化縣彰化市大竹里,3946,3808,-138
新北市永和區秀和里,5147,5009,-138
臺南市永康區塩洲里,6946,6808,-138
新北市樹林區三興里,5120,4982,-138
臺中市太平區建興里,3433,3296,-137
臺南市永康區二王里,9327,9190,-137
桃園市楊梅區新榮里,4408,4271,-137
臺中市后里區中和里,3015,2878,-137
新北市三峽區安溪里,7889,7752,-137
高雄市岡山區嘉興里,3948,3811,-137
臺中市中區光復里,2508,2371,-137
桃園市觀音區崙坪里,5689,5552,-137
桃園市八德區永豐里,3411,3274,-137
臺南市南區光明里,4820,4684,-136
桃園市八德區白鷺里,3786,3650,-136
高雄市新興區德生里,3460,3324,-136
新北市三重區尚德里,3250,3114,-136
臺中市南屯區鎮平里,1658,1523,-135
臺中市烏日區光明里,2556,2421,-135
臺中市南區西川里,5186,5051,-135
基隆市安樂區五福里,3990,3855,-135
臺南市南區田寮里,3619,3484,-135
臺南市北區永祥里,3489,3354,-135
新北市中和區南山里,5343,5208,-135
高雄市前鎮區瑞西里,2916,2782,-134
屏東縣屏東市斯文里,2017,1883,-134
新竹市東區軍功里,3584,3450,-134
新北市中和區景南里,3283,3149,-134
高雄市鳥松區華美里,4549,4415,-134
臺北市文山區樟文里,6362,6228,-134
苗栗縣通霄鎮通南里,3152,3018,-134
新北市永和區保平里,5038,4904,-134
新北市永和區光明里,3126,2992,-134
高雄市楠梓區廣昌里,3444,3310,-134
高雄市鼓山區河邊里,1548,1414,-134
高雄市小港區小港里,2728,2594,-134
基隆市信義區東信里,4685,4551,-134
高雄市楠梓區瑞屏里,4147,4014,-133
高雄市岡山區仁壽里,3846,3713,-133
新北市萬里區野柳里,3692,3559,-133
臺南市新化區協興里,3853,3720,-133
臺南市將軍區將軍里,1780,1647,-133
彰化縣員林市東北里,2788,2655,-133
屏東縣鹽埔鄉高朗村,3269,3136,-133
嘉義市東區芳草里,4160,4027,-133
新北市淡水區新義里,4441,4308,-133
苗栗縣頭份市自強里,2472,2339,-133
新北市新莊區中全里,3788,3655,-133
嘉義縣梅山鄉梅北村,5110,4977,-133
臺北市士林區翠山里,2747,2614,-133
新北市板橋區華翠里,3793,3661,-132
苗栗縣後龍鎮溪洲里,2684,2552,-132
屏東縣東港鎮嘉蓮里,2149,2017,-132
屏東縣新園鄉新園村,2646,2514,-132
新北市永和區民富里,3202,3070,-132
彰化縣永靖鄉港西村,2078,1946,-132
臺南市南區郡南里,4137,4005,-132
新北市新莊區民安里,6366,6234,-132
新北市板橋區溪福里,15025,14893,-132
宜蘭縣羅東鎮集祥里,1465,1334,-131
新北市新莊區南港里,5487,5356,-131
新北市中和區福和里,3788,3657,-131
臺北市士林區新安里,1971,1840,-131
高雄市三民區十美里,2035,1904,-131
南投縣竹山鎮桂林里,4407,4276,-131
苗栗縣卓蘭鎮老庄里,2219,2088,-131
屏東縣新園鄉港西村,2383,2253,-130
雲林縣虎尾鎮立仁里,4598,4468,-130
臺中市烏日區溪埧里,5212,5082,-130
高雄市三民區本文里,2265,2135,-130
新北市板橋區文德里,3207,3077,-130
基隆市安樂區嘉仁里,3613,3483,-130
臺南市新營區民生里,3804,3674,-130
高雄市鳳山區東門里,6360,6230,-130
高雄市仁武區烏林里,4558,4428,-130
臺中市中區繼光里,1894,1764,-130
高雄市三民區民享里,2257,2128,-129
臺中市西屯區港尾里,6115,5986,-129
臺中市西屯區大鵬里,5613,5484,-129
苗栗縣苗栗市上苗里,1916,1787,-129
南投縣國姓鄉南港村,1812,1683,-129
花蓮縣花蓮市國華里,2955,2826,-129
苗栗縣苑裡鎮苑南里,1806,1677,-129
新竹縣新豐鄉中崙村,3829,3700,-129
嘉義市東區北門里,2617,2488,-129
新北市中和區冠穗里,3441,3312,-129
新北市三重區長泰里,2355,2226,-129
新北市土城區員仁里,5840,5711,-129
彰化縣員林市惠來里,6701,6572,-129
新北市三重區永盛里,3535,3406,-129
桃園市觀音區白玉里,1141,1013,-128
臺北市士林區陽明里,3115,2987,-128
臺東縣臺東市民生里,3591,3463,-128
臺東縣大武鄉尚武村,1615,1487,-128
臺中市南區國光里,4421,4293,-128
新北市三重區永發里,6164,6036,-128
臺南市東區大福里,1915,1787,-128
高雄市梓官區信蚵里,2761,2633,-128
新北市板橋區崑崙里,10414,10286,-128
臺北市文山區萬祥里,4700,4572,-128
桃園市桃園區寶安里,10276,10148,-128
宜蘭縣羅東鎮國華里,5649,5521,-128
新北市板橋區莒光里,3007,2879,-128
臺中市西區中興里,4217,4089,-128
桃園市大園區三石里,3553,3425,-128
高雄市岡山區協榮里,2484,2356,-128
臺南市安南區理想里,5431,5304,-127
臺南市官田區東西庄里,2119,1992,-127
臺中市豐原區中陽里,6873,6746,-127
屏東縣內埔鄉黎明村,2859,2732,-127
桃園市八德區大順里,3156,3029,-127
臺南市南區再興里,2631,2504,-127
高雄市美濃區獅山里,2844,2717,-127
新竹縣竹北市東海里,3643,3516,-127
屏東縣屏東市維新里,3068,2941,-127
新北市新莊區立功里,3887,3760,-127
新北市石門區石門里,1833,1706,-127
新北市淡水區義山里,2857,2730,-127
基隆市信義區東安里,3092,2965,-127
花蓮縣花蓮市國盛里,4299,4172,-127
新北市板橋區福星里,3713,3587,-126
高雄市前鎮區明正里,5831,5705,-126
臺南市北區文成里,3594,3468,-126
新北市板橋區新生里,4522,4396,-126
臺中市西區東昇里,2903,2777,-126
高雄市梓官區茄苳里,2653,2527,-126
新竹縣竹東鎮上舘里,11159,11033,-126
南投縣南投市光明里,1120,994,-126
嘉義市東區新店里,4951,4825,-126
臺南市南區大忠里,5075,4949,-126
臺南市學甲區新達里,2400,2274,-126
臺中市西屯區大河里,4550,4424,-126
高雄市旗津區中華里,1832,1706,-126
屏東縣萬巒鄉萬金村,2350,2225,-125
南投縣南投市光華里,969,844,-125
桃園市桃園區中路里,4683,4558,-125
桃園市新屋區永安里,2560,2435,-125
臺北市北投區福興里,7564,7439,-125
苗栗縣苗栗市維祥里,3874,3749,-125
新北市中和區興南里,3197,3072,-125
屏東縣屏東市豐田里,4905,4780,-125
高雄市旗津區振興里,1854,1729,-125
基隆市安樂區六合里,4500,4375,-125
彰化縣彰化市磚󿾨里,3965,3840,-125
雲林縣西螺鎮振興里,1906,1781,-125
新竹縣竹北市聯興里,5344,5220,-124
新竹縣新埔鎮照門里,1622,1498,-124
臺中市北屯區大德里,5728,5604,-124
新北市泰山區新明里,3480,3356,-124
臺南市永康區五王里,6654,6530,-124
雲林縣虎尾鎮安慶里,1721,1597,-124
臺中市太平區建國里,3438,3314,-124
新北市中和區秀成里,3620,3496,-124
臺南市永康區東灣里,4207,4083,-124
高雄市鳳山區埤頂里,7149,7025,-124
桃園市平鎮區龍興里,3196,3072,-124
高雄市苓雅區福東里,2945,2821,-124
新竹市香山區虎林里,2758,2634,-124
高雄市鳳山區新泰里,5019,4895,-124
新北市三重區長安里,2313,2189,-124
彰化縣埔心鄉東門村,4334,4210,-124
宜蘭縣宜蘭市神農里,3024,2901,-123
新北市泰山區黎明里,3767,3644,-123
苗栗縣苗栗市南勢里,2273,2150,-123
臺中市北區錦村里,3664,3541,-123
新竹縣竹東鎮東寧里,3806,3683,-123
臺中市豐原區北陽里,16186,16063,-123
高雄市左營區合群里,2913,2790,-123
高雄市鳳山區福祥里,3304,3181,-123
高雄市左營區永清里,977,854,-123
新北市中和區國光里,3993,3870,-123
臺南市永康區復興里,2237,2114,-123
屏東縣東港鎮新勝里,2346,2223,-123
高雄市鼓山區華豐里,4393,4270,-123
彰化縣彰化市建寶里,2793,2670,-123
臺中市豐原區社皮里,11889,11766,-123
新北市中和區安平里,6085,5962,-123
高雄市旗津區慈愛里,2670,2547,-123
雲林縣水林鄉水北村,2571,2448,-123
嘉義市東區朝陽里,2311,2188,-123
臺中市西屯區何源里,7758,7635,-123
高雄市苓雅區福人里,2306,2183,-123
屏東縣屏東市勝利里,6331,6209,-122
臺南市南區永寧里,2027,1905,-122
臺南市東區大同里,3262,3140,-122
臺南市永康區中興里,3876,3754,-122
新北市新店區新和里,4375,4253,-122
基隆市仁愛區吉仁里,2862,2740,-122
高雄市阿蓮區南蓮里,3553,3431,-122
苗栗縣後龍鎮北龍里,1587,1465,-122
高雄市新興區德望里,2177,2055,-122
新北市新莊區昌隆里,4659,4537,-122
桃園市大溪區田心里,5411,5289,-122
桃園市中壢區永光里,6762,6640,-122
花蓮縣壽豐鄉豐裡村,1584,1462,-122
南投縣國姓鄉北山村,1730,1608,-122
新北市土城區永豐里,4624,4502,-122
高雄市新興區正氣里,1515,1394,-121
臺中市南區長春里,2269,2148,-121
基隆市信義區東明里,3929,3808,-121
嘉義市西區慶安里,1907,1786,-121
臺南市七股區大埕里,3199,3078,-121
臺中市太平區太平里,6548,6427,-121
臺中市北屯區忠平里,4673,4552,-121
桃園市蘆竹區蘆竹里,4834,4713,-121
新北市新莊區昌明里,3825,3704,-121
桃園市桃園區大興里,6432,6311,-121
臺南市東區崇成里,3810,3689,-121
臺南市柳營區旭山里,1821,1700,-121
新北市新莊區和平里,5035,4914,-121
臺南市白河區馬稠後里,1539,1418,-121
基隆市中山區中和里,6389,6268,-121
高雄市三民區安生里,1622,1502,-120
高雄市小港區港口里,3684,3564,-120
新北市樹林區󿾵寮里,5284,5164,-120
高雄市鳳山區鎮南里,5434,5314,-120
彰化縣秀水鄉鶴鳴村,3730,3610,-120
桃園市中壢區石頭里,2042,1922,-120
桃園市八德區瑞祥里,3924,3804,-120
苗栗縣竹南鎮正南里,3375,3255,-120
屏東縣恆春鎮城北里,2755,2635,-120
臺中市西屯區福和里,5128,5008,-120
彰化縣員林市三和里,7855,7735,-120
臺東縣卑南鄉溫泉村,1322,1202,-120
高雄市前鎮區興中里,3457,3337,-120
彰化縣花壇鄉中庄村,2790,2670,-120
臺北市北投區林泉里,3159,3039,-120
嘉義縣梅山鄉梅東村,2577,2458,-119
臺北市北投區泉源里,2472,2353,-119
臺南市東區大學里,1340,1221,-119
臺東縣成功鎮忠仁里,2555,2436,-119
基隆市中正區社寮里,2021,1902,-119
新北市新莊區光和里,3019,2900,-119
新北市土城區員信里,4615,4496,-119
嘉義市西區育英里,2173,2054,-119
臺中市北屯區松安里,5824,5705,-119
新北市新莊區恆安里,4762,4643,-119
臺南市關廟區香洋里,3710,3591,-119
臺中市南屯區楓樹里,7162,7043,-119
高雄市岡山區壽天里,4051,3933,-118
桃園市大園區內海里,2632,2514,-118
臺東縣臺東市民權里,1024,906,-118
臺中市大肚區大東里,3717,3599,-118
高雄市小港區宏亮里,3979,3861,-118
臺南市下營區茅營里,2523,2405,-118
臺南市後壁區菁寮里,1593,1475,-118
花蓮縣花蓮市主和里,3730,3612,-118
臺中市北區育德里,4266,4148,-118
高雄市三民區本元里,6349,6231,-118
彰化縣芳苑鄉新生村,1607,1489,-118
臺北市士林區德行里,4576,4458,-118
新北市新莊區中泰里,4709,4591,-118
高雄市前鎮區瑞南里,5797,5679,-118
高雄市前鎮區盛興里,2988,2870,-118
高雄市小港區港墘里,2012,1894,-118
臺中市西區忠明里,6767,6649,-118
新北市三重區大有里,5496,5378,-118
臺中市神岡區神岡里,3885,3767,-118
新北市金山區磺港里,2030,1913,-117
新北市新莊區中和里,4777,4660,-117
臺中市北屯區平安里,6124,6007,-117
屏東縣屏東市仁愛里,2651,2534,-117
臺中市西區双龍里,3253,3136,-117
臺中市北屯區平昌里,5207,5090,-117
新北市新店區百和里,3360,3243,-117
彰化縣彰化市民生里,1784,1667,-117
新北市永和區福和里,5341,5224,-117
新北市石門區富基里,1584,1467,-117
苗栗縣後龍鎮埔頂里,3297,3180,-117
臺南市安南區頂安里,5670,5553,-117
臺中市豐原區東湳里,4923,4806,-117
嘉義市東區後庄里,4745,4628,-117
新北市新店區復興里,3426,3309,-117
花蓮縣玉里鎮松浦里,1719,1602,-117
臺南市柳營區重溪里,2030,1913,-117
宜蘭縣蘇澳鎮蘇西里,2727,2611,-116
彰化縣員林市民生里,3247,3131,-116
苗栗縣竹南鎮中美里,2380,2264,-116
新北市三芝區埔坪里,7202,7086,-116
臺北市松山區美仁里,3778,3662,-116
屏東縣鹽埔鄉振興村,2116,2000,-116
屏東縣新園鄉南龍村,1608,1492,-116
南投縣竹山鎮延祥里,4235,4119,-116
苗栗縣頭屋鄉獅潭村,1969,1853,-116
桃園市中壢區中堅里,4778,4662,-116
金門縣金沙鎮汶沙里,5840,5724,-116
臺南市麻豆區興農里,1828,1712,-116
臺北市信義區松隆里,2286,2170,-116
雲林縣口湖鄉崙中村,1756,1640,-116
新北市蘆洲區永樂里,6786,6671,-115
嘉義市東區王田里,2677,2562,-115
彰化縣鹿港鎮山崙里,3646,3531,-115
桃園市觀音區廣興里,1640,1525,-115
屏東縣竹田鄉西勢村,2766,2651,-115
高雄市鹽埕區教仁里,2242,2127,-115
臺中市東勢區泰昌里,4146,4031,-115
屏東縣滿州鄉滿州村,1715,1600,-115
高雄市三民區灣華里,2916,2801,-115
苗栗縣通霄鎮通灣里,2592,2477,-115
彰化縣芬園鄉同安村,1379,1264,-115
宜蘭縣蘇澳鎮南建里,1377,1262,-115
高雄市林園區中芸里,2112,1997,-115
高雄市鼓山區雄峰里,2212,2097,-115
屏東縣林邊鄉永樂村,3635,3520,-115
苗栗縣銅鑼鄉福興村,1190,1075,-115
南投縣名間鄉新街村,4895,4780,-115
彰化縣彰化市西興里,4063,3948,-115
臺南市南區府南里,5582,5467,-115
彰化縣彰化市彰安里,3434,3319,-115
臺南市佳里區安西里,7127,7013,-114
桃園市中壢區五福里,4309,4195,-114
臺中市豐原區南田里,3791,3677,-114
高雄市三民區本武里,2081,1967,-114
臺中市西屯區何安里,6119,6005,-114
彰化縣彰化市南瑶里,9061,8947,-114
臺中市太平區勤益里,2571,2457,-114
苗栗縣公館鄉石墻村,1764,1650,-114
新北市板橋區復興里,1099,985,-114
高雄市小港區港正里,3051,2937,-114
臺南市南區新昌里,2523,2409,-114
臺南市北門區蚵寮里,1658,1544,-114
新北市三重區立德里,3566,3452,-114
臺中市霧峰區舊正里,2501,2387,-114
新北市板橋區廣福里,4276,4162,-114
臺南市永康區六合里,6477,6363,-114
臺中市北屯區松茂里,6130,6016,-114
臺南市南區彰南里,1845,1732,-113
彰化縣和美鎮好修里,1911,1798,-113
臺中市沙鹿區興仁里,3195,3082,-113
臺中市梧棲區中正里,4718,4605,-113
高雄市三民區寶安里,7858,7745,-113
高雄市燕巢區深水里,2777,2664,-113
臺南市安南區安西里,4264,4151,-113
新北市鶯歌區中湖里,6023,5910,-113
桃園市平鎮區雙連里,5770,5657,-113
新北市三重區福安里,3158,3045,-113
桃園市中壢區仁祥里,3380,3267,-113
高雄市三民區安康里,3120,3007,-113
臺北市中正區富水里,2689,2576,-113
新竹縣湖口鄉長安村,1326,1213,-113
高雄市旗山區南勝里,2407,2294,-113
新北市中和區瓦󿾨里,5764,5651,-113
新北市樹林區東園里,1859,1746,-113
臺中市大雅區忠義里,4313,4201,-112
高雄市旗津區北汕里,3103,2991,-112
嘉義市西區永和里,2301,2189,-112
新北市板橋區華中里,5513,5401,-112
屏東縣新園鄉興龍村,2426,2314,-112
高雄市三民區灣復里,3976,3864,-112
臺中市北區新興里,1708,1596,-112
新北市永和區正興里,2305,2193,-112
高雄市左營區果峰里,1779,1667,-112
臺南市後壁區上茄苳里,2543,2431,-112
高雄市前金區社東里,1728,1616,-112
臺南市官田區渡拔里,2856,2744,-112
桃園市中壢區德義里,3064,2952,-112
臺中市西屯區何德里,4350,4238,-112
南投縣鹿谷鄉鹿谷村,2127,2015,-112
彰化縣福興鄉麥厝村,2684,2572,-112
苗栗縣造橋鄉造橋村,2386,2274,-112
新北市土城區延壽里,4619,4507,-112
屏東縣東港鎮下廍里,2300,2188,-112
新北市土城區金城里,6382,6270,-112
新竹縣新埔鎮四座里,3852,3740,-112
高雄市林園區中汕里,2677,2565,-112
基隆市七堵區富民里,4119,4007,-112
苗栗縣苗栗市清華里,3663,3551,-112
高雄市美濃區清水里,2018,1906,-112
桃園市桃園區中和里,1588,1476,-112
雲林縣斗六市公誠里,2677,2566,-111
臺東縣成功鎮忠智里,2250,2139,-111
臺南市白河區詔豐里,2284,2173,-111
高雄市大樹區興田里,2151,2040,-111
新北市三重區五順里,4192,4081,-111
南投縣魚池鄉魚池村,2323,2212,-111
雲林縣臺西鄉蚊港村,1989,1878,-111
新北市土城區廣福里,5975,5864,-111
高雄市燕巢區西燕里,3928,3817,-111
高雄市燕巢區安招里,3883,3772,-111
臺南市佳里區子龍里,2677,2566,-111
臺中市中區綠川里,2062,1951,-111
新北市泰山區福興里,3853,3742,-111
嘉義市東區中央里,2599,2488,-111
臺東縣關山鎮里壠里,1990,1879,-111
彰化縣員林市和平里,3447,3336,-111
南投縣草屯鎮南埔里,4805,4694,-111
屏東縣林邊鄉竹林村,2183,2072,-111
高雄市鳳山區中和里,3880,3769,-111
桃園市桃園區三民里,5308,5197,-111
苗栗縣大湖鄉大寮村,1406,1296,-110
臺南市永康區西灣里,8630,8520,-110
高雄市前鎮區明孝里,2731,2621,-110
臺中市中區大誠里,2928,2818,-110
新北市鶯歌區同慶里,1811,1701,-110
高雄市鳳山區中民里,5027,4917,-110
新北市永和區和平里,5058,4948,-110
臺中市清水區下湳里,3385,3275,-110
桃園市大溪區瑞源里,4514,4404,-110
臺中市北區五常里,1658,1548,-110
高雄市鳳山區武漢里,5580,5470,-110
彰化縣埤頭鄉豊崙村,2696,2586,-110
新竹縣尖石鄉新樂村,1624,1514,-110
屏東縣屏東市龍華里,2652,2542,-110
臺北市中山區北安里,2721,2611,-110
新竹縣湖口鄉孝勢村,1471,1361,-110
臺北市大安區龍門里,4664,4554,-110
臺南市永康區王行里,3023,2913,-110
新北市林口區菁湖里,4548,4438,-110
桃園市龍潭區建林里,4481,4372,-109
新北市三重區慈愛里,3606,3497,-109
新竹縣新埔鎮旱坑里,2069,1960,-109
臺北市中正區林興里,4798,4689,-109
臺南市新營區中營里,1423,1314,-109
高雄市六龜區文武里,1673,1564,-109
臺南市新營區南紙里,4317,4208,-109
屏東縣枋山鄉加祿村,2210,2101,-109
南投縣竹山鎮中和里,1082,973,-109
屏東縣東港鎮朝安里,1914,1805,-109
新北市貢寮區福隆里,1846,1737,-109
南投縣南投市漳興里,3076,2967,-109
臺中市北屯區四民里,1954,1845,-109
連江縣南竿鄉復興村,1219,1110,-109
南投縣埔里鎮泰安里,2495,2386,-109
宜蘭縣蘇澳鎮聖湖里,2671,2563,-108
高雄市鼓山區忠正里,4199,4091,-108
桃園市中壢區興南里,3561,3453,-108
高雄市鳳山區國光里,3716,3608,-108
臺北市文山區明義里,4597,4489,-108
南投縣國姓鄉北港村,2097,1989,-108
新竹市北區光田里,2550,2442,-108
新北市板橋區自強里,5342,5234,-108
臺中市大安區海墘里,1651,1543,-108
新北市板橋區埔墘里,6433,6325,-108
新北市板橋區堂春里,4579,4471,-108
新北市三峽區溪北里,2530,2422,-108
臺中市北區大湖里,2485,2377,-108
新竹市香山區頂埔里,6119,6011,-108
臺南市東區崇善里,6001,5893,-108
高雄市美濃區福安里,2887,2779,-108
澎湖縣馬公市陽明里,2905,2797,-108
臺南市歸仁區文化里,3649,3541,-108
苗栗縣銅鑼鄉中平村,3639,3531,-108
臺南市永康區甲頂里,2675,2568,-107
高雄市大寮區潮寮里,3401,3294,-107
雲林縣臺西鄉牛厝村,2123,2016,-107
雲林縣林內鄉九芎村,3025,2918,-107
苗栗縣大湖鄉義和村,1768,1661,-107
基隆市仁愛區智仁里,3290,3183,-107
桃園市桃園區建國里,6096,5989,-107
新北市石門區尖鹿里,1756,1649,-107
屏東縣鹽埔鄉鹽北村,2148,2041,-107
新北市三重區光明里,7869,7762,-107
新竹縣芎林鄉石潭村,3075,2968,-107
新北市淡水區水源里,2313,2206,-107
臺南市學甲區三慶里,1518,1411,-107
南投縣南投市光榮里,1204,1097,-107
新北市新莊區立德里,2735,2628,-107
新北市板橋區陽明里,2820,2713,-107
高雄市三民區博惠里,4715,4609,-106
高雄市三民區鳳北里,1542,1436,-106
彰化縣永靖鄉永南村,2245,2139,-106
新北市中和區自強里,5182,5076,-106
高雄市鳳山區富榮里,2903,2797,-106
新北市新莊區中信里,9326,9220,-106
新北市三重區龍濱里,3478,3372,-106
臺中市西區公益里,3298,3192,-106
高雄市苓雅區福西里,2001,1895,-106
基隆市中山區通明里,1986,1880,-106
高雄市楠梓區隆昌里,3883,3777,-106
花蓮縣玉里鎮中城里,6216,6110,-106
彰化縣福興鄉廈粘村,2299,2193,-106
高雄市永安區維新里,4034,3928,-106
宜蘭縣蘇澳鎮南興里,1628,1522,-106
彰化縣員林市大明里,2860,2754,-106
新北市金山區美田里,4557,4451,-106
新北市金山區五湖里,1954,1848,-106
臺南市關廟區深坑里,1738,1632,-106
雲林縣東勢鄉嘉隆村,1846,1740,-106
屏東縣枋寮鄉天時村,2197,2091,-106
新北市新店區永平里,5935,5829,-106
臺南市新營區民權里,2852,2747,-105
桃園市中壢區後寮里,5869,5764,-105
苗栗縣竹南鎮中華里,3436,3331,-105
臺中市豐原區鎌村里,5615,5510,-105
高雄市三民區達德里,1509,1404,-105
桃園市大溪區復興里,1047,942,-105
新北市中和區廟美里,4574,4469,-105
新竹縣湖口鄉鳳凰村,5966,5861,-105
彰化縣芳苑鄉建平村,2425,2320,-105
苗栗縣後龍鎮新民里,1606,1501,-105
南投縣國姓鄉石門村,2060,1955,-105
臺南市白河區大竹里,1649,1544,-105
屏東縣滿州鄉港口村,1422,1317,-105
高雄市前鎮區鎮東里,1872,1767,-105
南投縣水里鄉新城村,1779,1674,-105
彰化縣和美鎮月眉里,3680,3575,-105
臺中市東區東信里,10660,10555,-105
高雄市林園區西溪里,4014,3909,-105
雲林縣莿桐鄉興貴村,2275,2170,-105
新北市永和區上林里,3645,3540,-105
花蓮縣花蓮市民德里,1967,1862,-105
新北市永和區上溪里,2020,1915,-105
雲林縣東勢鄉東南村,1752,1648,-104
高雄市岡山區平安里,1328,1224,-104
新竹市北區民富里,6391,6287,-104
雲林縣東勢鄉同安村,2152,2048,-104
苗栗縣泰安鄉錦水村,1305,1201,-104
高雄市三民區灣興里,2248,2144,-104
新北市萬里區萬里里,5022,4918,-104
臺中市北屯區后庄里,11738,11634,-104
花蓮縣花蓮市民孝里,4114,4010,-104
臺南市佳里區下營里,2059,1955,-104
桃園市中壢區龍興里,5128,5024,-104
南投縣竹山鎮中央里,1318,1214,-104
雲林縣虎尾鎮東仁里,3409,3305,-104
新北市中和區秀山里,4669,4565,-104
雲林縣水林鄉大山村,1201,1097,-104
臺中市沙鹿區竹林里,9431,9327,-104
臺中市大里區仁德里,7450,7346,-104
臺中市西區昇平里,6679,6575,-104
桃園市楊梅區埔心里,1659,1555,-104
高雄市三民區達仁里,1693,1589,-104
新北市泰山區楓樹里,4714,4610,-104
桃園市平鎮區廣興里,6692,6588,-104
高雄市楠梓區稔田里,1618,1514,-104
桃園市大溪區福安里,2575,2471,-104
高雄市美濃區中壇里,2335,2231,-104
彰化縣彰化市西勢里,4567,4463,-104
臺南市永康區成功里,2385,2281,-104
雲林縣斗六市鎮北里,3350,3246,-104
臺南市東區東聖里,2725,2621,-104
彰化縣田中鎮北路里,4087,3983,-104
彰化縣田中鎮頂潭里,1522,1418,-104
新北市鶯歌區南靖里,3796,3693,-103
彰化縣彰化市民權里,1277,1174,-103
臺南市中西區赤嵌里,4631,4528,-103
臺南市永康區永康里,10600,10497,-103
嘉義縣朴子市文化里,2029,1926,-103
新北市新莊區中宏里,3843,3740,-103
雲林縣西螺鎮正興里,3579,3476,-103
新北市蘆洲區九芎里,5718,5615,-103
桃園市八德區廣德里,3139,3036,-103
高雄市橋頭區仕和里,4296,4193,-103
臺中市西屯區大石里,2464,2361,-103
新北市新莊區文聖里,3615,3512,-103
臺南市南區松安里,2104,2001,-103
花蓮縣花蓮市國治里,1234,1131,-103
臺中市北區中達里,3102,2999,-103
臺中市大甲區平安里,2690,2587,-103
屏東縣里港鄉土庫村,2304,2201,-103
新北市汐止區忠山里,3434,3331,-103
新北市新店區美潭里,5396,5293,-103
臺中市新社區復盛里,2270,2167,-103
臺中市龍井區龍西里,2258,2155,-103
彰化縣二林鎮中西里,1990,1888,-102
宜蘭縣頭城鎮竹安里,2485,2383,-102
高雄市林園區仁愛里,3632,3530,-102
臺中市龍井區龍津里,6124,6022,-102
臺中市神岡區岸裡里,3374,3272,-102
雲林縣水林鄉春埔村,1119,1017,-102
新竹縣關西鎮東光里,1512,1410,-102
高雄市前鎮區瑞東里,2850,2748,-102
高雄市苓雅區朝陽里,1632,1530,-102
高雄市大寮區永芳里,7964,7862,-102
新北市新莊區全安里,4742,4640,-102
臺南市新營區五興里,1831,1729,-102
南投縣草屯鎮復興里,3354,3252,-102
雲林縣崙背鄉草湖村,1677,1575,-102
高雄市林園區潭頭里,3224,3122,-102
臺中市大安區龜売里,1810,1708,-102
高雄市三民區立業里,1109,1007,-102
基隆市七堵區實踐里,4467,4365,-102
宜蘭縣宜蘭市新民里,1770,1668,-102
雲林縣虎尾鎮德興里,3146,3044,-102
高雄市鳳山區武松里,2974,2872,-102
臺中市東勢區慶東里,2130,2029,-101
高雄市鳳山區國隆里,2778,2677,-101
臺東縣成功鎮三民里,3078,2977,-101
桃園市大溪區僑愛里,3082,2981,-101
臺中市豐原區中興里,3495,3394,-101
高雄市前鎮區良和里,3155,3054,-101
新北市新莊區仁義里,3882,3781,-101
新北市三重區五華里,5491,5390,-101
宜蘭縣宜蘭市擺厘里,3479,3378,-101
臺北市中正區光復里,3971,3870,-101
彰化縣田中鎮碧峰里,1240,1139,-101
新北市永和區竹林里,3811,3710,-101
苗栗縣頭份市珊湖里,2021,1920,-101
新北市中和區福美里,4559,4458,-101
新北市板橋區正泰里,3190,3089,-101
彰化縣員林市三義里,3187,3086,-101
雲林縣西螺鎮大新里,1950,1849,-101
高雄市大樹區久堂里,4747,4646,-101
新北市五股區五龍里,1523,1423,-100
新北市新店區建國里,3196,3096,-100
新北市板橋區福壽里,3402,3302,-100
南投縣集集鎮田寮里,1388,1288,-100
臺中市沙鹿區居仁里,1691,1591,-100
宜蘭縣宜蘭市新東里,3950,3850,-100
屏東縣東港鎮八德里,932,832,-100
嘉義縣東石鄉塭港村,1951,1851,-100
臺中市太平區頭汴里,2122,2022,-100
新北市中和區安樂里,3694,3594,-100
新北市三重區永清里,5750,5650,-100
新竹縣竹東鎮商華里,3669,3569,-100
新北市樹林區樹人里,3630,3530,-100
苗栗縣大湖鄉大湖村,1872,1772,-100
臺南市東區崇學里,3384,3284,-100
高雄市三民區達勇里,1084,984,-100
基隆市信義區信綠里,2382,2282,-100
屏東縣東港鎮興漁里,2203,2103,-100
臺東縣鹿野鄉鹿野村,1251,1151,-100
彰化縣芳苑鄉三合村,2572,2472,-100
新竹市東區南大里,1663,1563,-100
嘉義市東區東興里,2115,2015,-100
新北市中和區中安里,4432,4332,-100
桃園市中壢區龍昌里,6410,6310,-100
嘉義市西區保生里,5154,5055,-99
桃園市中壢區舊明里,1812,1713,-99
高雄市鹽埕區壽星里,1447,1348,-99
高雄市三民區力行里,1237,1138,-99
苗栗縣頭份市頭份里,4023,3924,-99
高雄市大寮區山頂里,8645,8546,-99
苗栗縣苑裡鎮房裡里,2630,2531,-99
臺南市南區大林里,2528,2429,-99
高雄市鳳山區新強里,6547,6448,-99
桃園市大園區竹圍里,3918,3819,-99
彰化縣溪湖鎮大竹里,2997,2898,-99
苗栗縣南庄鄉南江村,1616,1517,-99
苗栗縣銅鑼鄉朝陽村,1929,1830,-99
桃園市桃園區萬壽里,1158,1059,-99
新北市新莊區立志里,4153,4054,-99
新北市樹林區樹西里,5446,5347,-99
新北市樹林區樹興里,3913,3814,-99
臺東縣臺東市豐谷里,5893,5794,-99
臺北市文山區木柵里,9174,9075,-99
嘉義市東區中庄里,3896,3797,-99
臺中市神岡區圳前里,2798,2699,-99
高雄市鳳山區鎮東里,2889,2790,-99
新北市中和區中山里,2889,2790,-99
新北市板橋區振義里,4352,4254,-98
臺南市北區中樓里,1605,1507,-98
高雄市旗山區中正里,1689,1591,-98
高雄市左營區埤北里,1445,1347,-98
臺南市楠西區灣丘里,1304,1206,-98
花蓮縣花蓮市主權里,6479,6381,-98
新北市新店區永安里,5357,5259,-98
屏東縣屏東市豐源里,4422,4324,-98
宜蘭縣羅東鎮公正里,3551,3453,-98
新北市三峽區溪東里,3267,3169,-98
桃園市中壢區龍平里,3573,3475,-98
新北市新店區福民里,4287,4189,-98
臺中市龍井區竹坑里,3680,3582,-98
高雄市橋頭區東林里,2730,2632,-98
新北市永和區福林里,3519,3421,-98
新北市三重區福田里,3601,3503,-98
新北市中和區嘉慶里,4563,4465,-98
基隆市仁愛區英仁里,1439,1341,-98
苗栗縣公館鄉尖山村,1656,1558,-98
新北市中和區德穗里,4723,4625,-98
桃園市龜山區福源里,2375,2277,-98
高雄市苓雅區永康里,2374,2276,-98
基隆市暖暖區碇安里,5710,5612,-98
南投縣鹿谷鄉鳳凰村,1544,1446,-98
彰化縣芳苑鄉漢寶村,3765,3667,-98
臺南市新營區三仙里,3327,3229,-98
臺南市東區裕農里,3475,3377,-98
臺中市大甲區幸福里,3115,3018,-97
新北市三重區永吉里,3092,2995,-97
新北市板橋區光華里,2825,2728,-97
臺中市北區頂厝里,4843,4746,-97
宜蘭縣蘇澳鎮龍德里,3888,3791,-97
雲林縣二崙鄉油車村,2016,1919,-97
彰化縣員林市仁美里,3152,3055,-97
彰化縣永靖鄉永興村,1919,1822,-97
桃園市龍潭區高平里,3746,3649,-97
新竹縣關西鎮石光里,2078,1981,-97
苗栗縣後龍鎮南龍里,1769,1672,-97
桃園市中壢區興國里,2316,2219,-97
新北市三重區仁德里,2077,1980,-97
屏東縣內埔鄉富田村,2125,2028,-97
新北市蘆洲區民和里,2828,2731,-97
桃園市大溪區中新里,1768,1671,-97
宜蘭縣蘇澳鎮蘇北里,1154,1057,-97
臺東縣臺東市民族里,2351,2254,-97
新北市中和區東南里,4395,4298,-97
彰化縣和美鎮和北里,2269,2172,-97
臺南市安南區溪北里,3310,3213,-97
雲林縣褒忠鄉馬鳴村,1719,1622,-97
南投縣竹山鎮延平里,3317,3220,-97
新竹縣關西鎮北斗里,4349,4252,-97
桃園市平鎮區東勢里,6442,6345,-97
新北市三重區光田里,4538,4441,-97
桃園市八德區高明里,4628,4531,-97
嘉義縣水上鄉忠和村,2184,2087,-97
高雄市林園區廣應里,4102,4005,-97
新北市土城區員福里,5711,5614,-97
屏東縣內埔鄉大新村,1993,1896,-97
新北市三重區培德里,3922,3826,-96
新北市新店區寶安里,5508,5412,-96
桃園市中壢區龍東里,5984,5888,-96
彰化縣溪州鄉西畔村,2386,2290,-96
臺南市南區佛壇里,3047,2951,-96
屏東縣新埤鄉萬隆村,1970,1874,-96
新北市瑞芳區爪峯里,4218,4122,-96
臺南市中西區淺草里,2837,2741,-96
臺南市南區新生里,3794,3698,-96
新北市蘆洲區永德里,4729,4633,-96
花蓮縣吉安鄉仁里村,6871,6775,-96
新北市永和區永安里,4316,4220,-96
新北市板橋區廣德里,7079,6983,-96
嘉義市東區義教里,3369,3273,-96
嘉義縣中埔鄉和美村,7970,7874,-96
臺中市太平區宜佳里,7120,7024,-96
新北市泰山區同興里,4185,4089,-96
高雄市三民區本和里,8140,8044,-96
新北市三重區秀江里,1403,1307,-96
高雄市三民區鼎金里,4426,4331,-95
新北市永和區秀成里,3011,2916,-95
新北市永和區店街里,4303,4208,-95
新北市板橋區民權里,2735,2640,-95
新北市新莊區富國里,2448,2353,-95
高雄市永安區新港里,2624,2529,-95
新北市土城區裕生里,5778,5683,-95
新北市中和區泰安里,3587,3492,-95
高雄市大樹區井腳里,1812,1717,-95
新北市中和區積穗里,8485,8390,-95
彰化縣溪湖鎮番婆里,2137,2042,-95
新北市新莊區龍安里,2512,2417,-95
臺南市安平區怡平里,5020,4925,-95
新竹縣北埔鄉南興村,1370,1275,-95
臺中市大肚區頂街里,9106,9011,-95
臺南市下營區下營里,1783,1688,-95
臺南市玉井區玉田里,4178,4083,-95
桃園市龍潭區龍潭里,2267,2172,-95
高雄市苓雅區福康里,2107,2012,-95
臺中市外埔區水美里,4021,3926,-95
嘉義縣大林鎮大美里,1873,1778,-95
高雄市路竹區甲南里,3930,3835,-95
雲林縣斗南鎮中天里,1459,1364,-95
臺中市神岡區神洲里,3084,2989,-95
嘉義市東區林森里,3285,3190,-95
苗栗縣頭份市尖山里,1573,1478,-95
新北市永和區民族里,4925,4830,-95
新北市三重區重陽里,3762,3668,-94
臺南市麻豆區中興里,2318,2224,-94
屏東縣新埤鄉餉潭村,1492,1398,-94
臺中市龍井區山腳里,7071,6977,-94
基隆市暖暖區暖暖里,3052,2958,-94
臺南市南化區北寮里,1323,1229,-94
高雄市林園區鳳芸里,2078,1984,-94
高雄市楠梓區仁昌里,6228,6134,-94
臺南市東區崇誨里,2850,2756,-94
高雄市苓雅區衛武里,2160,2066,-94
宜蘭縣五結鄉季新村,3190,3096,-94
新北市新莊區思賢里,4460,4366,-94
雲林縣古坑鄉崁腳村,1368,1274,-94
高雄市大寮區光武里,203,109,-94
新北市板橋區長安里,5024,4930,-94
新北市新莊區幸福里,4544,4450,-94
臺南市將軍區巷埔里,1351,1257,-94
高雄市苓雅區城東里,2193,2099,-94
苗栗縣後龍鎮大山里,1743,1649,-94
臺東縣成功鎮三仙里,1564,1470,-94
臺南市下營區開化里,2135,2041,-94
臺南市龍崎區崎頂里,1161,1067,-94
臺中市梧棲區興農里,2798,2704,-94
臺南市下營區仁里里,2306,2212,-94
基隆市信義區義幸里,2566,2472,-94
臺中市西區平和里,2552,2458,-94
高雄市岡山區碧紅里,4549,4455,-94
屏東縣枋寮鄉東海村,3097,3004,-93
臺南市六甲區二甲里,3960,3867,-93
嘉義市東區太平里,5295,5202,-93
彰化縣鹿港鎮東崎里,6423,6330,-93
高雄市阿蓮區中路里,2369,2276,-93
新北市新店區江陵里,5570,5477,-93
臺中市東勢區隆興里,1674,1581,-93
臺南市安定區蘇林里,2421,2328,-93
臺南市新化區礁坑里,1107,1014,-93
高雄市湖內區海埔里,2053,1960,-93
高雄市美濃區廣林里,1664,1571,-93
新北市板橋區光仁里,3072,2979,-93
桃園市桃園區豐林里,7546,7453,-93
屏東縣獅子鄉草埔村,804,711,-93
臺北市士林區菁山里,1654,1561,-93
彰化縣大城鄉東港村,1408,1315,-93
雲林縣四湖鄉湖西村,2595,2502,-93
桃園市中壢區東興里,4098,4005,-93
屏東縣內埔鄉龍潭村,2801,2708,-93
嘉義縣民雄鄉中樂村,1874,1781,-93
高雄市美濃區廣德里,1505,1412,-93
雲林縣元長鄉下寮村,1721,1628,-93
新北市永和區永樂里,2536,2443,-93
彰化縣二林鎮豐田里,3030,2937,-93
臺中市北區明德里,6278,6185,-93
高雄市苓雅區民主里,4200,4107,-93
屏東縣枋山鄉楓港村,1158,1065,-93
宜蘭縣礁溪鄉六結村,1665,1572,-93
新竹縣竹東鎮南華里,1253,1160,-93
新北市板橋區龍安里,2953,2860,-93
新北市新莊區四維里,4885,4792,-93
雲林縣古坑鄉桂林村,1261,1168,-93
臺北市北投區湖山里,1672,1579,-93
雲林縣斗南鎮小東里,1749,1657,-92
苗栗縣竹南鎮龍鳳里,2565,2473,-92
高雄市美濃區龍肚里,1585,1493,-92
臺中市南區南門里,4005,3913,-92
桃園市中壢區中原里,4448,4356,-92
雲林縣斗南鎮西岐里,2564,2472,-92
新北市新莊區文明里,1893,1801,-92
苗栗縣頭屋鄉頭屋村,2895,2803,-92
宜蘭縣宜蘭市中興里,3514,3422,-92
新竹市東區綠水里,8946,8854,-92
臺南市麻豆區井東里,1997,1905,-92
臺中市清水區裕嘉里,1739,1647,-92
新北市土城區日新里,4852,4760,-92
新北市板橋區建國里,3691,3599,-92
彰化縣彰化市國聖里,2898,2806,-92
彰化縣員林市西東里,2459,2367,-92
彰化縣彰化市東興里,1821,1729,-92
臺南市麻豆區埤頭里,2652,2560,-92
新北市永和區民本里,4280,4188,-92
新北市板橋區華貴里,2719,2627,-92
彰化縣鹿港鎮玉順里,1402,1310,-92
臺南市仁德區仁義里,10589,10498,-91
彰化縣福興鄉西勢村,2360,2269,-91
臺中市西區公德里,5110,5019,-91
高雄市旗津區復興里,3404,3313,-91
屏東縣恆春鎮山海里,1892,1801,-91
新北市蘆洲區保佑里,4020,3929,-91
臺中市北區新北里,1913,1822,-91
高雄市鼓山區裕豐里,2782,2691,-91
臺南市將軍區忠嘉里,2783,2692,-91
新北市板橋區國光里,3811,3720,-91
臺南市麻豆區油車里,4243,4152,-91
臺南市東區富強里,5270,5179,-91
臺南市下營區紅甲里,2555,2464,-91
臺中市梧棲區草湳里,7474,7383,-91
高雄市新興區東坡里,1334,1243,-91
屏東縣東港鎮大潭里,1796,1705,-91
新北市板橋區自立里,2898,2807,-91
雲林縣林內鄉烏麻村,1213,1122,-91
屏東縣九如鄉九清村,1708,1617,-91
臺中市梧棲區永安里,3021,2930,-91
彰化縣彰化市下廍里,6633,6542,-91
高雄市旗山區湄洲里,1885,1794,-91
屏東縣屏東市瑞光里,8538,8448,-90
高雄市鹽埕區河濱里,1811,1721,-90
高雄市前鎮區竹東里,2503,2413,-90
宜蘭縣員山鄉枕山村,2645,2555,-90
新北市新莊區光正里,4907,4817,-90
屏東縣內埔鄉建興村,958,868,-90
屏東縣新園鄉共和村,2594,2504,-90
桃園市蘆竹區福昌里,6537,6447,-90
彰化縣田中鎮三安里,1821,1731,-90
臺東縣關山鎮中福里,964,874,-90
高雄市鳳山區海光里,3410,3320,-90
新北市貢寮區真理里,2255,2165,-90
基隆市中正區正砂里,2582,2492,-90
彰化縣線西鄉頂犁村,3088,2998,-90
宜蘭縣蘇澳鎮南成里,1249,1159,-90
苗栗縣頭份市合興里,3239,3149,-90
嘉義市東區仁義里,3518,3428,-90
臺中市東勢區慶福里,1461,1371,-90
嘉義縣新港鄉月潭村,1803,1713,-90
新北市永和區文化里,2911,2821,-90
基隆市安樂區長樂里,3832,3742,-90
臺中市西區利民里,2092,2002,-90
臺北市北投區建民里,4416,4326,-90
高雄市路竹區竹西里,2787,2697,-90
基隆市中正區正濱里,1046,956,-90
高雄市苓雅區廣澤里,1959,1869,-90
高雄市小港區港興里,2647,2557,-90
臺南市東區大德里,1688,1598,-90
臺南市新市區港墘里,4070,3981,-89
苗栗縣苗栗市建功里,4993,4904,-89
屏東縣萬巒鄉佳和村,1654,1565,-89
屏東縣內埔鄉振豐村,1870,1781,-89
高雄市美濃區合和里,2753,2664,-89
臺中市后里區聯合里,1883,1794,-89
嘉義縣梅山鄉大南村,1896,1807,-89
苗栗縣頭屋鄉象山村,2093,2004,-89
新北市樹林區樹德里,3773,3684,-89
高雄市苓雅區苓中里,1813,1724,-89
臺北市內湖區金瑞里,7036,6947,-89
嘉義縣中埔鄉同仁村,2185,2096,-89
宜蘭縣羅東鎮維揚里,3827,3738,-89
雲林縣元長鄉長南村,3868,3779,-89
臺南市鹽水區坔頭港里,1567,1478,-89
高雄市鹽埕區陸橋里,1305,1216,-89
高雄市鳳山區瑞興里,5819,5730,-89
高雄市前金區文東里,1316,1227,-89
雲林縣臺西鄉海口村,2316,2227,-89
苗栗縣銅鑼鄉九湖村,1398,1309,-89
雲林縣斗六市鎮南里,4244,4156,-88
桃園市桃園區中原里,5673,5585,-88
新北市新店區玫瑰里,6177,6089,-88
花蓮縣玉里鎮泰昌里,1544,1456,-88
新竹縣五峰鄉大隘村,1648,1560,-88
臺南市鹽水區津城里,1676,1588,-88
屏東縣長治鄉繁華村,2736,2648,-88
臺北市文山區興得里,6061,5973,-88
雲林縣褒忠鄉中勝村,1786,1698,-88
臺南市後壁區長短樹里,2244,2156,-88
臺中市后里區太平里,2596,2508,-88
花蓮縣玉里鎮國武里,1409,1321,-88
彰化縣田中鎮南路里,1400,1312,-88
屏東縣麟洛鄉新田村,2403,2315,-88
彰化縣員林市源潭里,2184,2096,-88
桃園市大溪區康安里,1553,1465,-88
臺北市大安區古風里,4316,4228,-88
桃園市龜山區山德里,5578,5490,-88
新北市新莊區豐年里,3890,3802,-88
新竹縣竹東鎮中山里,2039,1951,-88
臺南市新營區太北里,1997,1909,-88
臺南市新營區埤寮里,1990,1902,-88
臺中市北區金龍里,4937,4849,-88
臺南市歸仁區後市里,3893,3805,-88
新竹縣竹東鎮東華里,805,717,-88
苗栗縣公館鄉福基村,1228,1140,-88
高雄市鼓山區光榮里,3809,3721,-88
彰化縣溪湖鎮汴頭里,3684,3596,-88
屏東縣新埤鄉打鐵村,1035,947,-88
臺南市仁德區中洲里,3045,2957,-88
臺南市後壁區竹新里,1557,1470,-87
彰化縣社頭鄉平和村,1178,1091,-87
高雄市美濃區吉東里,2087,2000,-87
高雄市鳳山區誠信里,2440,2353,-87
臺東縣東河鄉北源村,1750,1663,-87
臺中市梧棲區安仁里,1008,921,-87
彰化縣二林鎮振興里,1438,1351,-87
高雄市鳳山區新樂里,5184,5097,-87
臺中市后里區后里里,4484,4397,-87
高雄市三民區鼎泰里,25385,25298,-87
新北市三重區萬壽里,2075,1988,-87
苗栗縣大湖鄉靜湖村,2070,1983,-87
苗栗縣銅鑼鄉竹森村,1235,1148,-87
桃園市桃園區福安里,5229,5142,-87
屏東縣屏東市長春里,2357,2270,-87
屏東縣佳冬鄉玉光村,2407,2320,-87
高雄市小港區港后里,3082,2995,-87
臺東縣臺東市興國里,1055,968,-87
臺南市安南區佃東里,4010,3923,-87
嘉義縣竹崎鄉昇平村,2030,1943,-87
雲林縣西螺鎮新豐里,1805,1718,-87
新北市汐止區茄苳里,4882,4795,-87
臺中市大甲區奉化里,2532,2445,-87
基隆市安樂區干城里,2346,2259,-87
新北市新莊區中誠里,2304,2217,-87
屏東縣枋寮鄉地利村,1631,1544,-87
高雄市楠梓區建昌里,3071,2984,-87
屏東縣麟洛鄉麟趾村,2900,2813,-87
高雄市苓雅區苓東里,1588,1501,-87
高雄市鳳山區中崙里,2800,2713,-87
基隆市仁愛區育仁里,864,778,-86
桃園市桃園區龍岡里,7038,6952,-86
臺中市北區健行里,7775,7689,-86
基隆市信義區仁壽里,1319,1233,-86
高雄市彌陀區彌陀里,2091,2005,-86
基隆市信義區禮東里,1663,1577,-86
南投縣埔里鎮合成里,1914,1828,-86
臺南市東區成大里,2280,2194,-86
高雄市苓雅區林貴里,2117,2031,-86
桃園市桃園區中泰里,5126,5040,-86
新北市板橋區溪洲里,6247,6161,-86
高雄市三民區寶玉里,9993,9907,-86
新北市土城區安和里,5144,5058,-86
高雄市三民區寶民里,3688,3602,-86
臺南市北門區三光里,1378,1292,-86
基隆市中正區入船里,903,817,-86
雲林縣斗六市江厝里,2634,2548,-86
新北市永和區永福里,2857,2771,-86
臺南市新化區𦰡拔里,2492,2406,-86
嘉義縣水上鄉大崙村,2403,2317,-86
宜蘭縣羅東鎮樹林里,4380,4294,-86
臺中市大甲區大甲里,1273,1187,-86
桃園市中壢區金華里,4925,4839,-86
桃園市蘆竹區山腳里,4305,4219,-86
臺北市南港區南港里,6808,6722,-86
臺中市大甲區太白里,1515,1429,-86
彰化縣員林市光明里,974,888,-86
彰化縣福興鄉頂粘村,2811,2725,-86
臺南市佳里區文新里,6356,6270,-86
新北市三重區田中里,6619,6533,-86
臺南市南區鯤鯓里,2024,1938,-86
新竹縣芎林鄉文林村,2803,2717,-86
新竹市東區成功里,754,668,-86
桃園市新屋區社子里,1619,1533,-86
臺南市歸仁區媽廟里,2292,2206,-86
彰化縣二林鎮趙甲里,1814,1728,-86
臺南市南區喜北里,2545,2459,-86
新北市三重區錦通里,1553,1467,-86
臺中市大甲區岷山里,2579,2494,-85
高雄市旗山區東平里,2243,2158,-85
屏東縣林邊鄉水利村,2106,2021,-85
新竹市北區興南里,1743,1658,-85
臺東縣臺東市建國里,1444,1359,-85
雲林縣四湖鄉溪底村,1045,960,-85
苗栗縣頭份市流東里,2572,2487,-85
高雄市仁武區竹後里,2514,2429,-85
臺南市安平區文平里,6008,5923,-85
高雄市大社區翠屏里,1937,1852,-85
金門縣烈嶼鄉林湖村,3736,3651,-85
新竹縣竹北市竹義里,7145,7060,-85
基隆市信義區智誠里,1688,1603,-85
南投縣埔里鎮同聲里,2602,2517,-85
雲林縣水林鄉蘇秦村,1129,1044,-85
高雄市苓雅區林德里,1983,1898,-85
高雄市橋頭區頂鹽里,1502,1417,-85
高雄市新興區光耀里,2820,2735,-85
雲林縣元長鄉鹿北村,1335,1250,-85
雲林縣北港鎮樹腳里,3560,3475,-85
新北市新莊區福營里,2647,2562,-85
苗栗縣三灣鄉銅鏡村,984,899,-85
臺中市豐原區翁社里,2435,2350,-85
臺北市萬華區新起里,6702,6617,-85
桃園市楊梅區上田里,3065,2980,-85
臺中市北區賴厝里,6101,6016,-85
南投縣竹山鎮延正里,1979,1894,-85
臺中市沙鹿區沙鹿里,1244,1159,-85
高雄市彌陀區文安里,1974,1889,-85
高雄市路竹區文南里,3002,2917,-85
宜蘭縣宜蘭市復興里,3069,2984,-85
新北市瑞芳區瑞濱里,2219,2135,-84
雲林縣二崙鄉大同村,1000,916,-84
新北市板橋區華興里,4365,4281,-84
臺東縣長濱鄉寧埔村,1327,1243,-84
臺南市歸仁區許厝里,3935,3851,-84
新北市瑞芳區吉安里,3418,3334,-84
新竹縣湖口鄉湖口村,3326,3242,-84
臺南市七股區七股里,1066,982,-84
臺中市北區明新里,3172,3088,-84
高雄市前鎮區明義里,2637,2553,-84
嘉義市東區華南里,2281,2197,-84
高雄市小港區三苓里,3238,3154,-84
新竹市香山區內湖里,5251,5167,-84
高雄市三民區灣子里,4392,4308,-84
桃園市楊梅區秀才里,3999,3915,-84
新北市三重區永德里,5221,5137,-84
基隆市中正區碧砂里,1421,1337,-84
花蓮縣玉里鎮永昌里,1476,1392,-84
臺北市中山區正守里,3323,3239,-84
高雄市鼓山區鼓岩里,1293,1209,-84
桃園市八德區大信里,4172,4088,-84
苗栗縣頭屋鄉明德村,1102,1018,-84
桃園市蘆竹區長興里,3186,3102,-84
南投縣鹿谷鄉永隆村,1815,1731,-84
新竹市北區境福里,5823,5739,-84
屏東縣枋寮鄉隆山村,4845,4762,-83
高雄市阿蓮區復安里,1911,1828,-83
新北市林口區瑞平里,987,904,-83
臺中市太平區福隆里,4272,4189,-83
屏東縣林邊鄉光林村,1794,1711,-83
彰化縣彰化市光復里,825,742,-83
新竹市東區建華里,3109,3026,-83
臺中市潭子區頭家東里,5285,5202,-83
基隆市仁愛區朝棟里,3130,3047,-83
高雄市左營區尾北里,3700,3617,-83
雲林縣莿桐鄉四合村,2044,1961,-83
彰化縣彰化市長樂里,1157,1074,-83
臺中市南區積善里,2925,2842,-83
雲林縣東勢鄉新坤村,1191,1108,-83
臺中市豐原區大湳里,2962,2879,-83
屏東縣鹽埔鄉新二村,4051,3968,-83
臺中市北屯區北屯里,3943,3860,-83
宜蘭縣蘇澳鎮南正里,1040,957,-83
臺東縣成功鎮信義里,2018,1935,-83
高雄市苓雅區日中里,2381,2298,-83
高雄市美濃區東門里,1367,1284,-83
高雄市小港區大苓里,2891,2808,-83
高雄市前鎮區鎮昌里,2252,2169,-83
苗栗縣公館鄉館中村,1904,1821,-83
臺中市清水區田寮里,2945,2862,-83
臺中市后里區義里里,3798,3715,-83
新北市萬里區北基里,3146,3063,-83
新竹市東區復中里,5509,5427,-82
嘉義縣布袋鎮復興里,2648,2566,-82
新竹縣新埔鎮新民里,1233,1151,-82
高雄市梓官區梓和里,2643,2561,-82
新北市三峽區安坑里,1525,1443,-82
高雄市左營區屏山里,1751,1669,-82
南投縣草屯鎮雙冬里,2623,2541,-82
雲林縣斗南鎮田頭里,2623,2541,-82
臺中市太平區中平里,4997,4915,-82
臺中市東勢區延平里,2589,2507,-82
嘉義縣布袋鎮光復里,1883,1801,-82
臺南市永康區安康里,5862,5780,-82
嘉義縣溪口鄉疊溪村,1195,1113,-82
高雄市橋頭區橋頭里,2507,2425,-82
高雄市鳳山區忠誠里,3975,3893,-82
臺南市將軍區苓仔寮里,2226,2144,-82
桃園市龍潭區龍祥里,4271,4189,-82
臺中市大肚區新興里,3103,3021,-82
新北市三重區維德里,3075,2993,-82
彰化縣田中鎮新民里,5115,5033,-82
南投縣埔里鎮東門里,3069,2987,-82
嘉義縣竹崎鄉復金村,2171,2089,-82
澎湖縣馬公市重慶里,1135,1053,-82
臺中市和平區梨山里,2315,2233,-82
南投縣國姓鄉福龜村,2032,1950,-82
高雄市三民區安寧里,2045,1963,-82
宜蘭縣蘇澳鎮港邊里,1522,1440,-82
苗栗縣苑裡鎮苑東里,2631,2549,-82
基隆市安樂區外寮里,4593,4511,-82
臺中市神岡區溪洲里,3329,3247,-82
高雄市新興區華聲里,1065,983,-82
彰化縣田中鎮平和里,1697,1615,-82
新北市板橋區東安里,2706,2624,-82
新北市新莊區國泰里,1580,1498,-82
彰化縣田尾鄉南曾村,1581,1500,-81
高雄市三民區灣勝里,2090,2009,-81
臺北市北投區文林里,4392,4311,-81
桃園市楊梅區中山里,3794,3713,-81
新北市樹林區樹福里,3755,3674,-81
高雄市三民區本上里,5991,5910,-81
屏東縣滿州鄉响林村,678,597,-81
臺南市大內區石城里,1655,1574,-81
苗栗縣大湖鄉富興村,1588,1507,-81
高雄市鳳山區二甲里,5469,5388,-81
彰化縣田尾鄉新興村,1255,1174,-81
高雄市楠梓區泰昌里,1713,1632,-81
彰化縣大城鄉豐美村,1069,988,-81
彰化縣大城鄉菜寮村,1247,1166,-81
高雄市林園區北汕里,1846,1765,-81
高雄市大社區神農里,5718,5637,-81
新竹市北區曲溪里,6081,6000,-81
新竹市北區舊社里,7347,7266,-81
臺南市將軍區鯤鯓里,2103,2022,-81
桃園市新屋區九斗里,2719,2638,-81
基隆市仁愛區虹橋里,2116,2035,-81
高雄市美濃區龍山里,2377,2296,-81
新北市新店區日興里,6030,5949,-81
彰化縣秀水鄉秀水村,2086,2005,-81
臺北市中山區康樂里,2632,2551,-81
雲林縣四湖鄉崙北村,1859,1778,-81
彰化縣秀水鄉金興村,2201,2120,-81
苗栗縣苗栗市綠苗里,978,897,-81
新竹市東區公園里,4248,4168,-80
基隆市仁愛區花崗里,1497,1417,-80
新北市中和區正行里,3057,2977,-80
新竹縣竹東鎮大鄉里,5611,5531,-80
新北市五股區興珍里,4873,4793,-80
彰化縣芬園鄉大埔村,1662,1582,-80
雲林縣斗六市光興里,868,788,-80
嘉義縣新港鄉月眉村,1894,1814,-80
彰化縣溪州鄉圳寮村,1774,1694,-80
彰化縣花壇鄉橋頭村,4061,3981,-80
臺南市歸仁區西埔里,1978,1898,-80
臺南市麻豆區謝厝寮里,1900,1820,-80
苗栗縣南庄鄉員林村,1173,1093,-80
屏東縣屏東市新興里,3009,2929,-80
新竹市北區磐石里,7123,7043,-80
高雄市鳳山區中榮里,5020,4940,-80
南投縣水里鄉農富村,536,456,-80
屏東縣東港鎮東隆里,1443,1363,-80
臺南市東山區科里里,1378,1298,-80
新北市板橋區鄉雲里,3933,3853,-80
澎湖縣馬公市光復里,2261,2181,-80
高雄市左營區尾西里,1134,1054,-80
新北市新店區頂城里,1782,1702,-80
高雄市仁武區中華里,1839,1759,-80
高雄市大樹區龍目里,2019,1939,-80
彰化縣永靖鄉光雲村,1915,1835,-80
新北市三重區田心里,4246,4166,-80
基隆市中山區和慶里,7615,7535,-80
苗栗縣卓蘭鎮上新里,2358,2278,-80
彰化縣田中鎮復興里,1770,1690,-80
新北市板橋區流芳里,1561,1481,-80
屏東縣滿州鄉永靖村,1418,1338,-80
雲林縣褒忠鄉有才村,970,890,-80
臺南市新化區護國里,3158,3078,-80
高雄市彌陀區鹽埕里,2377,2297,-80
臺中市南區長榮里,3022,2942,-80
宜蘭縣蘇澳鎮南寧里,1174,1094,-80
臺南市仁德區保安里,3196,3116,-80
雲林縣北港鎮番溝里,906,827,-79
新北市泰山區貴賢里,3891,3812,-79
雲林縣臺西鄉永豐村,1611,1532,-79
臺中市西屯區何明里,4218,4139,-79
桃園市中壢區振興里,5635,5556,-79
臺南市白河區關嶺里,1136,1057,-79
新北市永和區信義里,2697,2618,-79
新北市板橋區後埔里,3884,3805,-79
苗栗縣後龍鎮中和里,1179,1100,-79
臺南市南區廣州里,2558,2479,-79
苗栗縣公館鄉五谷村,2601,2522,-79
桃園市桃園區明德里,3965,3886,-79
臺東縣臺東市中正里,877,798,-79
新北市新莊區自信里,2605,2526,-79
新竹市香山區中埔里,3456,3377,-79
新竹縣湖口鄉湖南村,1868,1789,-79
苗栗縣苑裡鎮苑港里,1441,1362,-79
新北市板橋區五權里,4287,4208,-79
基隆市七堵區百福里,7228,7149,-79
新北市新店區中華里,4480,4401,-79
新北市中和區錦和里,5768,5689,-79
花蓮縣壽豐鄉志學村,2976,2897,-79
新北市中和區景平里,5513,5434,-79
基隆市信義區禮儀里,1773,1694,-79
嘉義市西區新富里,1933,1854,-79
雲林縣四湖鄉蔡厝村,988,909,-79
雲林縣四湖鄉施湖村,1360,1281,-79
臺中市東勢區詒福里,1917,1838,-79
臺中市南區平和里,4109,4030,-79
高雄市杉林區月美里,1400,1321,-79
桃園市楊梅區富岡里,2170,2091,-79
高雄市左營區埤東里,1133,1054,-79
彰化縣花壇鄉永春村,2248,2169,-79
臺中市大里區立仁里,6336,6257,-79
臺中市大里區西榮里,6748,6669,-79
高雄市小港區鳳源里,4203,4124,-79
高雄市三民區德仁里,2134,2055,-79
桃園市楊梅區水美里,4907,4828,-79
彰化縣二水鄉上豊村,1107,1028,-79
新竹縣關西鎮仁安里,1169,1091,-78
臺中市豐原區豐田里,12303,12225,-78
桃園市桃園區信光里,8719,8641,-78
新北市中和區景新里,3646,3568,-78
新北市板橋區金華里,4144,4066,-78
彰化縣彰化市中庄里,2893,2815,-78
高雄市旗津區中洲里,2052,1974,-78
彰化縣彰化市五權里,5198,5120,-78
新北市三重區慈生里,2383,2305,-78
彰化縣埔鹽鄉埔鹽村,2043,1965,-78
雲林縣四湖鄉󿿀東村,1186,1108,-78
臺東縣卑南鄉初鹿村,1466,1388,-78
嘉義縣六腳鄉灣南村,1360,1282,-78
雲林縣臺西鄉五港村,2053,1975,-78
南投縣埔里鎮蜈蚣里,2966,2888,-78
高雄市旗津區上竹里,3240,3162,-78
新北市中和區錦盛里,4035,3957,-78
新北市新店區太平里,3208,3130,-78
雲林縣四湖鄉󿿀子村,1018,940,-78
臺北市北投區尊賢里,5111,5033,-78
新北市永和區民生里,4238,4160,-78
臺北市大安區古莊里,7505,7427,-78
苗栗縣南庄鄉南富村,1206,1128,-78
新北市三峽區五寮里,942,864,-78
高雄市苓雅區林西里,1734,1656,-78
屏東縣高樹鄉南華村,1428,1350,-78
雲林縣土庫鎮奮起里,1480,1402,-78
臺南市學甲區光華里,1394,1316,-78
宜蘭縣宜蘭市思源里,5271,5193,-78
桃園市大園區大海里,1991,1913,-78
新北市三芝區後厝里,2252,2174,-78
高雄市鼓山區維生里,1356,1278,-78
雲林縣莿桐鄉麻園村,1737,1659,-78
屏東縣里港鄉茄苳村,1789,1711,-78
新北市蘆洲區得仁里,3190,3112,-78
雲林縣西螺鎮東興里,1119,1041,-78
苗栗縣苑裡鎮中正里,2551,2473,-78
臺南市關廟區東勢里,3644,3566,-78
雲林縣土庫鎮埤腳里,1407,1329,-78
高雄市彌陀區海尾里,996,918,-78
臺中市西屯區廣福里,2940,2862,-78
桃園市平鎮區平鎮里,5328,5250,-78
嘉義縣鹿草鄉後堀村,1332,1254,-78
彰化縣埤頭鄉芙朝村,1769,1692,-77
臺中市豐原區中山里,1013,936,-77
新北市瑞芳區傑魚里,2243,2166,-77
雲林縣元長鄉瓦󿾨村,1708,1631,-77
雲林縣二崙鄉來惠村,1845,1768,-77
高雄市鼓山區哨船頭里,1129,1052,-77
桃園市中壢區普強里,4529,4452,-77
南投縣信義鄉明德村,1720,1643,-77
新竹縣新埔鎮巨埔里,1326,1249,-77
宜蘭縣宜蘭市泰山里,2560,2483,-77
臺中市豐原區民生里,1424,1347,-77
高雄市旗山區大德里,2753,2676,-77
屏東縣崁頂鄉港東村,2328,2251,-77
基隆市中正區正船里,1416,1339,-77
臺中市東區新庄里,3563,3486,-77
臺中市大肚區王田里,5197,5120,-77
連江縣南竿鄉福沃村,925,848,-77
雲林縣西螺鎮廣福里,2715,2638,-77
臺中市東勢區中嵙里,2181,2104,-77
高雄市岡山區協和里,4248,4171,-77
高雄市杉林區集來里,1402,1325,-77
高雄市橋頭區仕隆里,2687,2610,-77
臺南市山上區新莊里,1099,1022,-77
新北市新店區下城里,3451,3374,-77
臺南市南區南都里,3087,3010,-77
桃園市八德區瑞泰里,5061,4984,-77
新北市金山區金美里,5714,5637,-77
桃園市蘆竹區南興里,6722,6645,-77
新北市萬里區大鵬里,3120,3043,-77
雲林縣西螺鎮鹿場里,1743,1666,-77
南投縣埔里鎮枇杷里,9062,8985,-77
高雄市新興區榮治里,850,773,-77
宜蘭縣頭城鎮頂埔里,1571,1494,-77
高雄市鳳山區文華里,10296,10219,-77
高雄市鳳山區文德里,10120,10043,-77
屏東縣恆春鎮鵝鑾里,1325,1248,-77
桃園市桃園區西埔里,3697,3620,-77
屏東縣佳冬鄉賴家村,871,795,-76
臺南市鹽水區竹林里,1228,1152,-76
宜蘭縣員山鄉同樂村,2794,2718,-76
新竹縣竹東鎮榮樂里,1650,1574,-76
宜蘭縣羅東鎮東安里,4443,4367,-76
高雄市鼓山區厚生里,3449,3373,-76
臺中市霧峰區北勢里,2616,2540,-76
臺南市六甲區水林里,2478,2402,-76
臺中市豐原區東勢里,1812,1736,-76
新北市永和區忠義里,854,778,-76
新北市土城區瑞興里,3228,3152,-76
臺南市歸仁區辜厝里,3869,3793,-76
新北市三峽區中正里,5511,5435,-76
高雄市新興區玉衡里,880,804,-76
臺中市神岡區新庄里,4987,4911,-76
彰化縣彰化市華陽里,2101,2025,-76
彰化縣永靖鄉竹子村,1513,1437,-76
桃園市桃園區西湖里,1754,1678,-76
苗栗縣苗栗市水源里,2882,2806,-76
嘉義市西區獅子里,3410,3334,-76
屏東縣枋寮鄉保生村,1099,1023,-76
嘉義縣中埔鄉隆興村,2155,2079,-76
臺北市北投區湖田里,986,910,-76
雲林縣北港鎮光復里,2142,2066,-76
基隆市中山區文化里,1478,1402,-76
基隆市仁愛區博愛里,1698,1622,-76
彰化縣彰化市文化里,1592,1516,-76
新竹市北區金竹里,7306,7230,-76
雲林縣元長鄉長北村,1710,1634,-76
高雄市三民區千秋里,2218,2142,-76
宜蘭縣礁溪鄉玉田村,2440,2364,-76
臺南市東區路東里,1819,1743,-76
高雄市楠梓區惠豐里,5503,5427,-76
嘉義縣布袋鎮東安里,1495,1419,-76
新北市平溪區十分里,936,860,-76
彰化縣彰化市忠孝里,1452,1376,-76
臺南市東區龍山里,5683,5608,-75
南投縣名間鄉東湖村,1883,1808,-75
桃園市龍潭區上華里,4077,4002,-75
新北市中和區嘉新里,4173,4098,-75
屏東縣崁頂鄉北勢村,1873,1798,-75
臺中市后里區眉山里,3858,3783,-75
臺中市新社區福興里,1304,1229,-75
高雄市新興區大明里,1189,1114,-75
臺南市東山區南勢里,1254,1179,-75
南投縣埔里鎮清新里,4256,4181,-75
雲林縣二崙鄉永定村,1643,1568,-75
臺中市清水區高北里,1411,1336,-75
新竹市香山區樹下里,2496,2421,-75
高雄市六龜區新寮里,754,679,-75
高雄市六龜區新發里,1128,1053,-75
雲林縣北港鎮大同里,1372,1297,-75
臺東縣大武鄉大鳥村,1350,1275,-75
基隆市中山區居仁里,1471,1396,-75
苗栗縣頭份市蘆竹里,1560,1485,-75
宜蘭縣員山鄉尚德村,2431,2356,-75
高雄市美濃區吉洋里,2099,2024,-75
臺北市中正區愛國里,3483,3408,-75
新北市板橋區吉翠里,3907,3832,-75
彰化縣二林鎮頂厝里,1558,1483,-75
彰化縣田中鎮三民里,1858,1783,-75
臺中市大甲區銅安里,1696,1621,-75
宜蘭縣羅東鎮北成里,3595,3520,-75
新北市烏來區烏來里,2899,2824,-75
臺北市內湖區港都里,5925,5850,-75
苗栗縣苑裡鎮上舘里,1852,1777,-75
基隆市中正區和憲里,1138,1063,-75
彰化縣彰化市南安里,2613,2538,-75
高雄市大寮區拷潭里,1630,1555,-75
臺南市後壁區新東里,1857,1782,-75
臺中市西區安龍里,3286,3211,-75
桃園市八德區陸光里,5279,5204,-75
基隆市中山區協和里,1761,1686,-75
高雄市小港區泰山里,3877,3802,-75
彰化縣田尾鄉海豐村,1578,1503,-75
彰化縣田尾鄉北曾村,1877,1802,-75
南投縣南投市福山里,2192,2117,-75
嘉義市東區豐年里,1517,1442,-75
新北市新店區青潭里,5563,5488,-75
雲林縣土庫鎮新庄里,1651,1577,-74
臺南市鹽水區三明里,1761,1687,-74
臺南市歸仁區武東里,2213,2139,-74
苗栗縣頭份市下興里,3024,2950,-74
新北市板橋區嵐翠里,2549,2475,-74
新北市永和區雙和里,4112,4038,-74
屏東縣新埤鄉新埤村,2205,2131,-74
嘉義縣鹿草鄉光潭村,1162,1088,-74
臺北市松山區中崙里,4427,4353,-74
臺北市中正區南門里,2900,2826,-74
花蓮縣花蓮市國防里,1070,996,-74
桃園市龍潭區北興里,2787,2713,-74
臺南市北區重興里,2072,1998,-74
臺南市鹽水區橋南里,4361,4287,-74
臺南市安定區港尾里,1808,1734,-74
彰化縣田尾鄉豐田村,975,901,-74
苗栗縣頭屋鄉曲洞村,1011,937,-74
雲林縣元長鄉山內村,1103,1029,-74
苗栗縣三義鄉双湖村,2155,2081,-74
基隆市中山區中興里,1424,1350,-74
苗栗縣西湖鄉三湖村,1020,946,-74
苗栗縣三灣鄉三灣村,2568,2494,-74
臺東縣長濱鄉長濱村,2228,2154,-74
臺南市後壁區福安里,1995,1921,-74
苗栗縣南庄鄉獅山村,938,864,-74
雲林縣斗六市社口里,2744,2670,-74
高雄市前鎮區竹南里,8524,8450,-74
臺南市大內區環湖里,841,767,-74
高雄市鹽埕區江南里,722,648,-74
臺中市大肚區瑞井里,6072,5998,-74
屏東縣潮州鎮四春里,1955,1881,-74
苗栗縣公館鄉鶴山村,1701,1627,-74
基隆市七堵區正明里,2289,2215,-74
高雄市岡山區信義里,1874,1800,-74
宜蘭縣宜蘭市南門里,1670,1596,-74
臺中市烏日區湖日里,2977,2903,-74
臺東縣卑南鄉東興村,1378,1304,-74
高雄市苓雅區苓昇里,1339,1265,-74
臺中市太平區大興里,2915,2842,-73
南投縣竹山鎮竹山里,2301,2228,-73
嘉義縣鹿草鄉三角村,1612,1539,-73
屏東縣枋山鄉善餘村,966,893,-73
苗栗縣頭份市忠孝里,3976,3903,-73
臺中市太平區聖和里,1802,1729,-73
高雄市楠梓區國昌里,4206,4133,-73
彰化縣員林市新興里,884,811,-73
雲林縣水林鄉松北村,1343,1270,-73
屏東縣內埔鄉龍泉村,2820,2747,-73
嘉義縣新港鄉南崙村,1060,987,-73
雲林縣西螺鎮新安里,1547,1474,-73
嘉義縣大林鎮過溪里,1637,1564,-73
屏東縣東港鎮中興里,815,742,-73
宜蘭縣蘇澳鎮存仁里,1019,946,-73
高雄市旗津區中興里,2892,2819,-73
高雄市前鎮區瑞昌里,3638,3565,-73
彰化縣彰化市東芳里,4249,4176,-73
彰化縣永靖鄉浮圳村,1437,1364,-73
屏東縣屏東市中正里,5567,5494,-73
南投縣竹山鎮鯉魚里,877,804,-73
高雄市大樹區水寮里,2605,2532,-73
高雄市大樹區興山里,1261,1188,-73
臺南市學甲區中洲里,1576,1503,-73
高雄市苓雅區建軍里,2260,2187,-73
屏東縣竹田鄉竹田村,1665,1592,-73
基隆市中山區西康里,1798,1725,-73
新北市貢寮區仁里里,1932,1859,-73
嘉義市西區北榮里,2713,2640,-73
桃園市平鎮區龍恩里,3353,3280,-73
花蓮縣玉里鎮源城里,1421,1348,-73
桃園市大園區圳頭里,3073,3000,-73
新北市雙溪區平林里,1038,965,-73
新北市新莊區中華里,3064,2991,-73
新北市三重區永春里,2028,1956,-72
桃園市八德區大昌里,3439,3367,-72
苗栗縣通霄鎮五北里,1653,1581,-72
新北市汐止區長青里,1003,931,-72
彰化縣員林市忠孝里,2798,2726,-72
屏東縣霧臺鄉霧台村,1327,1255,-72
屏東縣車城鄉溫泉村,1016,944,-72
高雄市鼓山區興宗里,1402,1330,-72
花蓮縣豐濱鄉靜浦村,757,685,-72
新北市土城區延祿里,4381,4309,-72
高雄市三民區同德里,2969,2897,-72
桃園市大溪區月眉里,1494,1422,-72
高雄市旗山區南洲里,1438,1366,-72
桃園市中壢區山東里,4409,4337,-72
高雄市路竹區北嶺里,1483,1411,-72
花蓮縣花蓮市民主里,756,684,-72
臺南市東區富裕里,2503,2431,-72
臺中市太平區德隆里,5844,5772,-72
南投縣鹿谷鄉彰雅村,1460,1388,-72
臺中市西區大忠里,5254,5182,-72
臺南市柳營區神農里,1576,1504,-72
臺南市佳里區東寧里,2539,2467,-72
彰化縣二水鄉光化村,1052,980,-72
新北市三重區永煇里,2629,2557,-72
嘉義縣大林鎮中林里,1807,1735,-72
臺中市東區十甲里,5622,5550,-72
臺南市新化區知義里,2466,2394,-72
彰化縣二林鎮西斗里,1234,1162,-72
臺中市大甲區頂店里,5628,5556,-72
屏東縣枋寮鄉人和村,2365,2293,-72
臺南市楠西區楠西里,2037,1965,-72
南投縣國姓鄉長流村,1563,1491,-72
彰化縣員林市黎明里,2140,2068,-72
新北市新店區吉祥里,4901,4829,-72
彰化縣彰化市陽明里,2137,2065,-72
嘉義縣布袋鎮西安里,1314,1242,-72
雲林縣斗六市久安里,2778,2706,-72
高雄市田寮區新興里,1334,1262,-72
新北市中和區福善里,4356,4284,-72
高雄市前鎮區瑞文里,2722,2650,-72
雲林縣口湖鄉台子村,2209,2137,-72
桃園市桃園區青溪里,5352,5280,-72
桃園市新屋區赤欄里,1551,1480,-71
臺南市後壁區侯伯里,1511,1440,-71
新竹市東區水源里,3941,3870,-71
新北市石門區茂林里,701,630,-71
臺中市外埔區土城里,1878,1807,-71
臺中市北屯區平陽里,5926,5855,-71
高雄市鹽埕區藍橋里,1500,1429,-71
臺南市北門區文山里,1395,1324,-71
苗栗縣卓蘭鎮豐田里,1108,1037,-71
屏東縣竹田鄉鳳明村,1390,1319,-71
臺中市太平區光華里,6027,5956,-71
屏東縣長治鄉德榮村,1319,1248,-71
臺中市大雅區三和里,6492,6421,-71
嘉義縣六腳鄉豐美村,1206,1135,-71
臺中市豐原區豐西里,1847,1776,-71
臺東縣大武鄉大武村,1537,1466,-71
桃園市桃園區雲林里,7530,7459,-71
嘉義市西區番社里,1603,1532,-71
新北市永和區潭墘里,4761,4690,-71
雲林縣西螺鎮吳厝里,1537,1466,-71
臺中市沙鹿區洛泉里,2623,2552,-71
高雄市新興區黎明里,945,874,-71
新北市中和區秀士里,2551,2480,-71
新北市中和區壽德里,4795,4724,-71
臺南市東山區聖賢里,2095,2024,-71
宜蘭縣員山鄉湖西村,1581,1510,-71
臺中市大里區瑞城里,14284,14213,-71
屏東縣屏東市廣興里,2477,2406,-71
新北市三重區安慶里,2151,2080,-71
基隆市中正區中正里,1840,1769,-71
臺南市永康區西橋里,3579,3508,-71
桃園市平鎮區東安里,3368,3297,-71
基隆市暖暖區八西里,1634,1563,-71
新北市新莊區合鳳里,4801,4730,-71
臺中市新社區東興里,1434,1363,-71
雲林縣大埤鄉大德村,1176,1105,-71
嘉義縣溪口鄉美北村,1135,1064,-71
雲林縣元長鄉子茂村,1519,1448,-71
宜蘭縣礁溪鄉林美村,1351,1280,-71
屏東縣佳冬鄉豐隆村,792,721,-71
新北市三重區長元里,2566,2496,-70
高雄市鳳山區海洋里,4508,4438,-70
臺南市西港區竹林里,1549,1479,-70
嘉義市西區福安里,5102,5032,-70
雲林縣古坑鄉高林村,1323,1253,-70
彰化縣秀水鄉安東村,4735,4665,-70
新竹縣新豐鄉新豐村,2405,2335,-70
新北市瑞芳區龍鎮里,1392,1322,-70
屏東縣枋山鄉枋山村,1145,1075,-70
南投縣名間鄉大庄村,2071,2001,-70
臺中市霧峰區六股里,2880,2810,-70
南投縣水里鄉鉅工村,1136,1066,-70
新竹市北區湳雅里,3353,3283,-70
新北市樹林區三福里,4247,4177,-70
屏東縣內埔鄉隘寮村,1513,1443,-70
高雄市前鎮區明禮里,1677,1607,-70
桃園市平鎮區北勢里,2926,2856,-70
新北市樹林區東陽里,6310,6240,-70
臺中市北屯區平順里,3766,3696,-70
臺中市大里區大明里,4930,4860,-70
新北市樹林區中華里,3603,3533,-70
雲林縣斗南鎮阿丹里,1287,1217,-70
臺南市安南區安慶里,7237,7167,-70
彰化縣二林鎮外竹里,1178,1108,-70
雲林縣口湖鄉崙東村,1656,1586,-70
苗栗縣後龍鎮南港里,1348,1278,-70
新北市三重區錦安里,1908,1838,-70
臺南市佳里區塭內里,3080,3010,-70
桃園市八德區瑞發里,3867,3797,-70
屏東縣滿州鄉長樂村,1491,1421,-70
桃園市龜山區大崗里,4879,4809,-70
雲林縣虎尾鎮惠來里,2691,2621,-70
新北市永和區得和里,4406,4336,-70
臺南市學甲區大灣里,1104,1034,-70
彰化縣員林市鎮興里,2368,2298,-70
新北市土城區廷寮里,5127,5057,-70
屏東縣長治鄉德協村,1203,1133,-70
新北市泰山區福泰里,2992,2922,-70
新北市中和區華南里,5235,5165,-70
基隆市暖暖區過港里,4210,4140,-70
屏東縣潮州鎮泗林里,1870,1800,-70
新北市板橋區港尾里,3062,2992,-70
臺中市大甲區江南里,1660,1590,-70
高雄市新興區振華里,1199,1129,-70
新北市三重區福樂里,3923,3853,-70
新北市雙溪區魚行里,792,722,-70
臺中市北區邱厝里,2740,2670,-70
高雄市新興區振成里,1174,1104,-70
臺北市士林區永福里,1292,1222,-70
新北市中和區和興里,4594,4524,-70
臺北市內湖區南湖里,6114,6044,-70
新北市五股區觀音里,1482,1412,-70
臺中市豐原區西勢里,2726,2657,-69
新北市三峽區介壽里,7106,7037,-69
新北市淡水區賢孝里,1685,1616,-69
苗栗縣竹南鎮大厝里,6647,6578,-69
高雄市三民區德行里,1207,1138,-69
臺南市善化區昌隆里,2262,2193,-69
雲林縣虎尾鎮頂溪里,2994,2925,-69
臺中市西區後龍里,4285,4216,-69
花蓮縣豐濱鄉磯崎村,488,419,-69
新北市永和區秀元里,3215,3146,-69
高雄市前鎮區德昌里,2160,2091,-69
彰化縣員林市出水里,1918,1849,-69
嘉義縣東石鄉鰲鼓村,1430,1361,-69
南投縣魚池鄉大林村,1238,1169,-69
彰化縣鹿港鎮洋厝里,2851,2782,-69
高雄市鳥松區仁美里,7350,7281,-69
雲林縣斗六市龍潭里,2155,2086,-69
高雄市前鎮區仁愛里,1474,1405,-69
屏東縣屏東市擇仁里,956,887,-69
澎湖縣馬公市風櫃里,1635,1566,-69
屏東縣萬丹鄉後村村,1201,1132,-69
苗栗縣造橋鄉豐湖村,1172,1103,-69
高雄市鳳山區生明里,2327,2258,-69
臺南市楠西區東勢里,2558,2489,-69
屏東縣高樹鄉高樹村,2445,2376,-69
臺中市西屯區何福里,5127,5058,-69
嘉義市東區東川里,2112,2043,-69
雲林縣土庫鎮北平里,1035,966,-69
高雄市鼓山區峰南里,934,865,-69
雲林縣古坑鄉水碓村,1434,1365,-69
新北市中和區民享里,2566,2497,-69
臺中市中區公園里,1789,1720,-69
嘉義縣溪口鄉游東村,1128,1059,-69
高雄市左營區明建里,792,723,-69
屏東縣恆春鎮大光里,2699,2630,-69
屏東縣新埤鄉建功村,1152,1084,-68
新北市瑞芳區龍川里,1907,1839,-68
臺南市關廟區花園里,4017,3949,-68
花蓮縣壽豐鄉水璉村,837,769,-68
苗栗縣後龍鎮秀水里,807,739,-68
彰化縣大城鄉西城村,984,916,-68
彰化縣秀水鄉安溪村,2446,2378,-68
臺東縣臺東市富岡里,1682,1614,-68
新北市新莊區後港里,7292,7224,-68
臺中市北屯區平德里,7634,7566,-68
桃園市楊梅區瑞原里,4460,4392,-68
苗栗縣西湖鄉五湖村,918,850,-68
高雄市大社區嘉誠里,1077,1009,-68
嘉義縣民雄鄉東湖村,2156,2088,-68
臺南市關廟區南雄里,1708,1640,-68
新北市新店區粗坑里,3228,3160,-68
宜蘭縣羅東鎮仁德里,1363,1295,-68
臺中市石岡區德興里,1662,1594,-68
嘉義縣布袋鎮中安里,1530,1462,-68
彰化縣和美鎮面前里,2647,2579,-68
高雄市前鎮區信義里,1599,1531,-68
新北市三重區永安里,4361,4293,-68
屏東縣南州鄉溪南村,1063,995,-68
高雄市大樹區溪埔里,1832,1764,-68
基隆市中正區平寮里,1406,1338,-68
高雄市六龜區寶來里,1036,968,-68
基隆市信義區仁義里,1350,1282,-68
高雄市楠梓區秀昌里,2512,2444,-68
苗栗縣苗栗市恭敬里,1595,1527,-68
臺南市新營區姑爺里,1051,983,-68
苗栗縣通霄鎮福興里,739,671,-68
新竹縣北埔鄉北埔村,1329,1261,-68
高雄市六龜區荖濃里,1576,1508,-68
新北市雙溪區新基里,866,798,-68
苗栗縣通霄鎮內湖里,2128,2060,-68
屏東縣新園鄉港墘村,1001,933,-68
新北市板橋區松柏里,2361,2293,-68
臺中市豐原區北湳里,3384,3316,-68
臺南市安平區華平里,5590,5522,-68
臺東縣東河鄉泰源村,1321,1253,-68
臺南市白河區竹門里,987,919,-68
雲林縣北港鎮草湖里,1578,1510,-68
南投縣埔里鎮福興里,1141,1074,-67
彰化縣伸港鄉定興村,3170,3103,-67
臺南市七股區竹橋里,1411,1344,-67
苗栗縣通霄鎮通東里,1258,1191,-67
嘉義縣水上鄉龍德村,2230,2163,-67
臺南市東山區東正里,1642,1575,-67
高雄市岡山區後協里,6430,6363,-67
高雄市前金區國民里,1063,996,-67
臺中市大甲區德化里,2122,2055,-67
苗栗縣苑裡鎮山脚里,1571,1504,-67
臺南市關廟區布袋里,1387,1320,-67
屏東縣屏東市橋南里,1824,1757,-67
雲林縣崙背鄉枋南村,907,840,-67
屏東縣潮州鎮三共里,7528,7461,-67
雲林縣崙背鄉舊庄村,1312,1245,-67
臺東縣臺東市新興里,1142,1075,-67
新竹縣竹北市崇義里,2261,2194,-67
新竹縣橫山鄉力行村,945,878,-67
新北市三重區六合里,3916,3849,-67
屏東縣東港鎮興和里,1263,1196,-67
嘉義縣布袋鎮永安里,1241,1174,-67
臺南市東區東安里,1639,1572,-67
宜蘭縣宜蘭市北津里,2645,2578,-67
臺中市南區福興里,4486,4419,-67
雲林縣古坑鄉永光村,2467,2400,-67
宜蘭縣宜蘭市文化里,3806,3739,-67
臺中市霧峰區本堂里,6975,6908,-67
桃園市觀音區保障里,2436,2369,-67
苗栗縣公館鄉鶴岡村,1852,1785,-67
高雄市小港區山東里,3423,3356,-67
苗栗縣公館鄉仁安村,1481,1414,-67
新竹縣湖口鄉長嶺村,3881,3814,-67
新北市瑞芳區龍興里,2264,2197,-67
屏東縣里港鄉過江村,2422,2355,-67
雲林縣古坑鄉新庄村,1685,1618,-67
屏東縣屏東市鵬程里,306,239,-67
屏東縣內埔鄉東勢村,3249,3182,-67
屏東縣佳冬鄉石光村,2191,2124,-67
宜蘭縣宜蘭市孝廉里,1330,1263,-67
高雄市旗津區永安里,1262,1195,-67
屏東縣新園鄉仙吉村,2904,2837,-67
臺南市麻豆區新興里,2232,2165,-67
彰化縣埔鹽鄉出水村,1095,1028,-67
宜蘭縣羅東鎮西安里,3439,3372,-67
雲林縣東勢鄉四美村,1102,1035,-67
臺東縣太麻里鄉三和村,697,631,-66
臺東縣長濱鄉竹湖村,991,925,-66
彰化縣埔心鄉羅厝村,1554,1488,-66
南投縣埔里鎮北梅里,3815,3749,-66
臺南市白河區廣蓮里,1665,1599,-66
臺南市鹽水區月港里,1815,1749,-66
臺中市北區錦平里,2135,2069,-66
嘉義市東區後湖里,4184,4118,-66
新北市永和區永興里,3306,3240,-66
新北市板橋區新興里,3322,3256,-66
基隆市中正區中濱里,1406,1340,-66
彰化縣竹塘鄉內新村,642,576,-66
屏東縣內埔鄉內埔村,4555,4489,-66
基隆市仁愛區曲水里,913,847,-66
基隆市暖暖區八中里,517,451,-66
嘉義縣番路鄉下坑村,2057,1991,-66
雲林縣莿桐鄉六合村,2082,2016,-66
桃園市蘆竹區坑口里,3002,2936,-66
新北市淡水區水碓里,6066,6000,-66
桃園市桃園區大樹里,4910,4844,-66
苗栗縣通霄鎮烏眉里,1042,976,-66
高雄市鼓山區綠川里,1591,1525,-66
嘉義縣竹崎鄉紫雲村,1638,1572,-66
花蓮縣玉里鎮啟模里,1895,1829,-66
雲林縣土庫鎮興新里,1722,1656,-66
臺中市東勢區北興里,1582,1516,-66
臺中市東勢區東安里,1239,1173,-66
新竹縣橫山鄉內灣村,1057,991,-66
雲林縣大埤鄉興安村,813,747,-66
高雄市苓雅區福祥里,1358,1292,-66
新竹縣新埔鎮內立里,1301,1235,-66
雲林縣古坑鄉荷苞村,1654,1588,-66
雲林縣虎尾鎮西屯里,1758,1692,-66
雲林縣虎尾鎮埒內里,3072,3006,-66
高雄市鳳山區鳳崗里,1257,1191,-66
高雄市苓雅區普照里,3473,3407,-66
基隆市仁愛區誠仁里,1057,991,-66
彰化縣彰化市福田里,1430,1364,-66
高雄市杉林區新庄里,1643,1577,-66
高雄市內門區觀亭里,1928,1862,-66
屏東縣屏東市湖西里,1752,1686,-66
宜蘭縣宜蘭市中山里,1050,984,-66
嘉義市西區新西里,2456,2390,-66
高雄市左營區頂西里,1047,982,-65
新北市蘆洲區仁復里,2265,2200,-65
臺北市士林區平等里,1553,1488,-65
新竹縣關西鎮南和里,966,901,-65
雲林縣四湖鄉飛沙村,969,904,-65
彰化縣埔心鄉埤脚村,1071,1006,-65
新北市中和區德行里,6881,6816,-65
新北市貢寮區雙玉里,736,671,-65
雲林縣四湖鄉林東村,1094,1029,-65
宜蘭縣冬山鄉南興村,3808,3743,-65
嘉義市東區興南里,1865,1800,-65
基隆市中山區西榮里,766,701,-65
臺中市清水區頂湳里,2067,2002,-65
嘉義縣朴子市安福里,2357,2292,-65
臺中市東區東興里,3284,3219,-65
宜蘭縣羅東鎮中山里,1642,1577,-65
彰化縣社頭鄉山湖村,1351,1286,-65
高雄市茄萣區嘉泰里,1266,1201,-65
屏東縣南州鄉七塊村,1176,1111,-65
新北市土城區清化里,1677,1612,-65
臺中市石岡區石岡里,1502,1437,-65
連江縣莒光鄉大坪村,573,508,-65
宜蘭縣礁溪鄉匏崙村,1082,1017,-65
彰化縣員林市南東里,2082,2017,-65
新竹縣新埔鎮新北里,688,623,-65
臺中市外埔區鐵山里,2474,2409,-65
新竹市東區仙水里,5870,5805,-65
花蓮縣新城鄉新城村,1478,1413,-65
基隆市七堵區堵南里,2420,2355,-65
新北市中和區福祥里,5173,5108,-65
新北市永和區桂林里,3861,3796,-65
臺南市玉井區竹圍里,1640,1575,-65
桃園市龍潭區佳安里,4163,4098,-65
苗栗縣三義鄉鯉魚潭村,1424,1359,-65
苗栗縣竹南鎮竹南里,2279,2214,-65
高雄市鳳山區曹公里,2204,2139,-65
臺中市清水區西寧里,1912,1847,-65
彰化縣彰化市中正里,1743,1678,-65
花蓮縣花蓮市國風里,4422,4357,-65
彰化縣彰化市成功里,1765,1700,-65
嘉義縣義竹鄉義竹村,1665,1600,-65
彰化縣線西鄉線西村,2775,2710,-65
臺中市龍井區南寮里,1936,1871,-65
彰化縣溪州鄉大庄村,2163,2098,-65
雲林縣元長鄉龍岩村,1134,1069,-65
南投縣南投市鳳山里,1225,1160,-65
新北市永和區永元里,4948,4883,-65
雲林縣北港鎮溝皂里,1316,1251,-65
屏東縣萬丹鄉寶厝村,2651,2586,-65
臺中市沙鹿區興安里,4234,4169,-65
新北市永和區勵行里,1304,1239,-65
臺東縣大武鄉大竹村,894,829,-65
嘉義縣鹿草鄉竹山村,1029,964,-65
臺南市安南區安東里,3229,3164,-65
彰化縣福興鄉福寶村,1586,1521,-65
屏東縣新園鄉新東村,2639,2574,-65
臺南市新營區興業里,2056,1991,-65
高雄市苓雅區華堂里,3310,3246,-64
高雄市大社區中里里,3664,3600,-64
高雄市前鎮區瑞北里,3567,3503,-64
桃園市中壢區中榮里,1128,1064,-64
臺南市東山區高原里,1018,954,-64
屏東縣潮州鎮富春里,1406,1342,-64
高雄市岡山區仁義里,2160,2096,-64
彰化縣溪州鄉柑園村,1384,1320,-64
彰化縣員林市中東里,2074,2010,-64
屏東縣林邊鄉崎峯村,1424,1360,-64
新竹縣寶山鄉三峰村,1157,1093,-64
彰化縣彰化市興北里,2090,2026,-64
臺南市東區東明里,3518,3454,-64
苗栗縣公館鄉中義村,2669,2605,-64
新北市三峽區有木里,790,726,-64
苗栗縣通霄鎮新埔里,1320,1256,-64
屏東縣高樹鄉新南村,1700,1636,-64
高雄市前鎮區竹內里,3148,3084,-64
基隆市仁愛區獅球里,1110,1046,-64
宜蘭縣羅東鎮漢民里,4731,4667,-64
彰化縣芬園鄉竹林村,2089,2025,-64
花蓮縣光復鄉大安村,951,887,-64
花蓮縣光復鄉大興村,600,536,-64
彰化縣永靖鄉五汴村,1631,1567,-64
高雄市鼓山區壽山里,1519,1455,-64
新北市中和區安穗里,4779,4715,-64
高雄市苓雅區林興里,1453,1389,-64
臺中市清水區高東里,1436,1372,-64
臺南市東山區東河里,964,900,-64
雲林縣崙背鄉港尾村,1494,1430,-64
南投縣竹山鎮山崇里,2128,2064,-64
臺中市外埔區大東里,7615,7551,-64
臺中市沙鹿區西勢里,2506,2442,-64
新北市三重區仁忠里,3340,3276,-64
臺中市后里區墩西里,2376,2312,-64
臺中市大安區南庄里,1190,1126,-64
雲林縣口湖鄉成龍村,1056,992,-64
臺中市大甲區庄美里,2563,2499,-64
雲林縣褒忠鄉龍岩村,1365,1301,-64
臺中市東勢區茂興里,2101,2037,-64
苗栗縣後龍鎮外埔里,1169,1106,-63
新北市新莊區建安里,6937,6874,-63
桃園市觀音區塔腳里,1257,1194,-63
花蓮縣花蓮市主商里,776,713,-63
屏東縣九如鄉玉水村,1450,1387,-63
花蓮縣瑞穗鄉瑞穗村,2160,2097,-63
彰化縣芳苑鄉王功村,2473,2410,-63
桃園市龍潭區聖德里,3568,3505,-63
臺東縣成功鎮忠孝里,1072,1009,-63
嘉義縣新港鄉中洋村,1202,1139,-63
新竹縣峨眉鄉富興村,1585,1522,-63
高雄市前金區社西里,1198,1135,-63
新北市金山區重和里,1324,1261,-63
臺南市佳里區海澄里,2516,2453,-63
苗栗縣南庄鄉東河村,1130,1067,-63
新北市樹林區圳生里,1646,1583,-63
南投縣魚池鄉大雁村,738,675,-63
彰化縣埔心鄉瓦南村,1653,1590,-63
臺中市霧峰區丁台里,2770,2707,-63
嘉義縣溪口鄉溪北村,763,700,-63
嘉義縣溪口鄉溪東村,1480,1417,-63
彰化縣永靖鄉獨鰲村,1018,955,-63
臺中市東區干城里,2221,2158,-63
雲林縣四湖鄉林厝村,1166,1103,-63
宜蘭縣員山鄉內城村,1734,1671,-63
彰化縣花壇鄉中口村,848,785,-63
臺中市大甲區順天里,1859,1796,-63
嘉義市西區湖邊里,2520,2457,-63
雲林縣水林鄉山腳村,920,857,-63
新竹縣北埔鄉埔尾村,3028,2965,-63
新竹縣芎林鄉五龍村,597,534,-63
新竹縣北埔鄉水磜村,978,915,-63
臺南市安南區大安里,4244,4181,-63
雲林縣二崙鄉大庄村,1446,1383,-63
高雄市美濃區德興里,1679,1616,-63
彰化縣彰化市永生里,1387,1324,-63
嘉義縣大林鎮平林里,6976,6913,-63
彰化縣二林鎮萬合里,1321,1258,-63
基隆市安樂區永康里,2230,2167,-63
臺南市玉井區層林里,684,621,-63
高雄市新興區浩然里,1963,1900,-63
臺北市文山區老泉里,966,903,-63
高雄市前鎮區信德里,2530,2467,-63
新北市新店區仁愛里,2091,2028,-63
高雄市杉林區上平里,1751,1689,-62
花蓮縣富里鄉東里村,1136,1074,-62
屏東縣琉球鄉大福村,1943,1881,-62
嘉義縣竹崎鄉獅埜村,1400,1338,-62
嘉義縣民雄鄉松山村,2000,1938,-62
臺南市七股區龍山里,1849,1787,-62
臺中市后里區墩東里,5921,5859,-62
花蓮縣花蓮市國裕里,4897,4835,-62
高雄市前鎮區瑞興里,2849,2787,-62
屏東縣佳冬鄉昌隆村,1084,1022,-62
宜蘭縣壯圍鄉大福村,1984,1922,-62
臺南市將軍區長沙里,1509,1447,-62
高雄市美濃區祿興里,2915,2853,-62
嘉義縣新港鄉溪北村,1521,1459,-62
臺南市玉井區玉井里,1408,1346,-62
雲林縣元長鄉五塊村,1023,961,-62
嘉義縣新港鄉安和村,1164,1102,-62
嘉義縣東石鄉副瀨村,1016,954,-62
臺南市新市區豐華里,1101,1039,-62
新北市板橋區明翠里,4900,4838,-62
屏東縣佳冬鄉大同村,1307,1245,-62
臺東縣達仁鄉森永村,471,409,-62
屏東縣高樹鄉鹽樹村,1342,1280,-62
雲林縣古坑鄉朝陽村,2443,2381,-62
新竹縣竹東鎮仁愛里,4017,3955,-62
雲林縣水林鄉水南村,2297,2235,-62
彰化縣大城鄉山腳村,1474,1412,-62
新北市中和區佳和里,5058,4996,-62
桃園市桃園區長安里,4399,4337,-62
南投縣南投市鳳鳴里,709,647,-62
花蓮縣花蓮市主勤里,1034,973,-61
雲林縣土庫鎮東平里,2138,2077,-61
苗栗縣三義鄉双潭村,1569,1508,-61
苗栗縣泰安鄉清安村,980,919,-61
雲林縣北港鎮光民里,796,735,-61
新北市新莊區仁愛里,2786,2725,-61
臺南市玉井區望明里,1646,1585,-61
高雄市苓雅區鼓中里,1060,999,-61
高雄市苓雅區仁政里,1353,1292,-61
雲林縣崙背鄉東明村,1321,1260,-61
彰化縣北斗鎮西德里,5608,5547,-61
臺中市后里區仁里里,1297,1236,-61
高雄市鼓山區惠安里,1260,1199,-61
臺南市鹽水區歡雅里,1897,1836,-61
臺北市松山區復建里,4772,4711,-61
南投縣名間鄉炭寮村,1146,1085,-61
高雄市湖內區中賢里,2516,2455,-61
雲林縣二崙鄉崙西村,2056,1995,-61
彰化縣線西鄉下犁村,2239,2178,-61
雲林縣褒忠鄉新湖村,1308,1247,-61
屏東縣屏東市凌雲里,438,377,-61
宜蘭縣壯圍鄉過嶺村,1696,1635,-61
桃園市中壢區興和里,3294,3233,-61
南投縣中寮鄉清水村,990,929,-61
嘉義縣朴子市永和里,3056,2995,-61
新北市中和區秀明里,5146,5085,-61
苗栗縣造橋鄉朝陽村,1449,1388,-61
臺中市潭子區潭秀里,1550,1489,-61
雲林縣西螺鎮光華里,1325,1264,-61
苗栗縣西湖鄉湖東村,1285,1224,-61
臺中市石岡區萬興里,1700,1639,-61
嘉義市西區重興里,2394,2333,-61
臺南市學甲區豐和里,1358,1297,-61
新北市蘆洲區光明里,5141,5080,-61
屏東縣泰武鄉佳平村,1079,1018,-61
嘉義縣竹崎鄉內埔村,1805,1744,-61
彰化縣永靖鄉湳墘村,960,899,-61
臺南市學甲區平和里,1173,1112,-61
屏東縣竹田鄉大湖村,1384,1323,-61
臺中市太平區永隆里,3075,3014,-61
宜蘭縣宜蘭市建軍里,1940,1879,-61
臺南市七股區後港里,1123,1062,-61
臺南市西港區慶安里,4995,4934,-61
花蓮縣萬榮鄉馬遠村,1349,1289,-60
臺中市龍井區新東里,5686,5626,-60
高雄市前金區後金里,784,724,-60
花蓮縣玉里鎮觀音里,1730,1670,-60
花蓮縣萬榮鄉見晴村,693,633,-60
彰化縣花壇鄉金墩村,2080,2020,-60
新北市石碇區烏塗里,705,645,-60
臺南市學甲區仁得里,4376,4316,-60
桃園市平鎮區新貴里,3714,3654,-60
嘉義縣東石鄉圍潭村,761,701,-60
雲林縣水林鄉順興村,929,869,-60
桃園市八德區大仁里,5102,5042,-60
南投縣鹿谷鄉初鄉村,1591,1531,-60
花蓮縣花蓮市主農里,4457,4397,-60
臺中市大肚區永順里,2019,1959,-60
嘉義縣竹崎鄉和平村,2604,2544,-60
彰化縣線西鄉塭仔村,1504,1444,-60
南投縣名間鄉新厝村,887,827,-60
臺南市關廟區新光里,801,741,-60
桃園市桃園區自強里,8868,8808,-60
桃園市中壢區中建里,1263,1203,-60
新北市三峽區竹崙里,2122,2062,-60
高雄市旗山區鯤洲里,800,740,-60
彰化縣彰化市石牌里,1321,1261,-60
彰化縣鹿港鎮龍山里,859,799,-60
桃園市楊梅區光華里,3763,3703,-60
雲林縣口湖鄉梧北村,1353,1293,-60
基隆市中山區民治里,853,793,-60
高雄市苓雅區林圍里,3083,3023,-60
嘉義縣大林鎮明華里,1339,1279,-60
雲林縣斗南鎮南昌里,2617,2557,-60
基隆市中正區中船里,1330,1270,-60
高雄市六龜區新威里,827,767,-60
新竹縣芎林鄉新鳳村,1854,1794,-60
彰化縣溪湖鎮忠覺里,1489,1429,-60
臺中市外埔區廍子里,1385,1325,-60
雲林縣元長鄉頂寮村,1302,1242,-60
臺東縣臺東市寶桑里,1031,971,-60
彰化縣鹿港鎮菜園里,1171,1111,-60
屏東縣屏東市安樂里,500,440,-60
臺南市南化區小崙里,893,833,-60
南投縣水里鄉民和村,966,907,-59
彰化縣和美鎮地潭里,1001,942,-59
臺北市士林區溪山里,1566,1507,-59
高雄市旗山區瑞吉里,2394,2335,-59
新竹市北區崇禮里,1257,1198,-59
宜蘭縣蘇澳鎮南安里,1041,982,-59
臺南市安南區布袋里,1752,1693,-59
彰化縣彰化市華北里,1735,1676,-59
新北市新店區大鵬里,2740,2681,-59
苗栗縣頭份市上埔里,3096,3037,-59
新北市新莊區民有里,4188,4129,-59
桃園市大溪區義和里,2032,1973,-59
基隆市中正區義重里,1156,1097,-59
臺中市大雅區六寶里,7573,7514,-59
南投縣信義鄉神木村,767,708,-59
高雄市楠梓區盛昌里,6482,6423,-59
新北市樹林區樹南里,4355,4296,-59
新北市土城區峯廷里,7653,7594,-59
臺中市大里區長榮里,10845,10786,-59
桃園市中壢區龍德里,4880,4821,-59
臺南市山上區南洲里,1725,1666,-59
高雄市梓官區赤東里,2505,2446,-59
桃園市新屋區笨港里,1188,1129,-59
臺南市北門區錦湖里,1052,993,-59
高雄市鹽埕區南端里,1091,1032,-59
彰化縣永靖鄉崙美村,900,841,-59
新北市平溪區嶺腳里,688,629,-59
高雄市岡山區維仁里,1180,1121,-59
新北市三峽區弘道里,1229,1170,-59
臺南市北門區玉港里,799,740,-59
高雄市左營區莒光里,1987,1928,-59
雲林縣口湖鄉港西村,935,876,-59
雲林縣四湖鄉鹿場村,1020,961,-59
臺中市大安區中庄里,3112,3053,-59
雲林縣大埤鄉松竹村,1073,1014,-59
高雄市苓雅區福海里,1182,1123,-59
新北市石門區草里里,1092,1033,-59
臺南市北區振興里,2174,2115,-59
彰化縣埤頭鄉合興村,4010,3951,-59
新北市樹林區中山里,5595,5536,-59
高雄市鼓山區延平里,854,795,-59
臺南市六甲區七甲里,2232,2173,-59
臺東縣太麻里鄉泰和村,1620,1561,-59
臺中市外埔區三崁里,2205,2146,-59
臺東縣池上鄉福文村,1310,1251,-59
桃園市中壢區新明里,4473,4414,-59
屏東縣南州鄉萬華村,1124,1065,-59
彰化縣福興鄉番婆村,2868,2809,-59
臺南市新營區民榮里,5216,5157,-59
臺中市西屯區福中里,3850,3791,-59
連江縣莒光鄉青帆村,477,418,-59
臺中市豐原區豐原里,2639,2580,-59
臺南市佳里區佳興里,2365,2306,-59
新北市土城區清和里,6490,6431,-59
雲林縣北港鎮好收里,1827,1768,-59
彰化縣芳苑鄉興仁村,1499,1440,-59
彰化縣芳苑鄉草湖村,1642,1583,-59
雲林縣水林鄉塭底村,741,683,-58
彰化縣和美鎮中圍里,3401,3343,-58
屏東縣屏東市豐榮里,2909,2851,-58
雲林縣崙背鄉五魁村,948,890,-58
彰化縣北斗鎮七星里,1676,1618,-58
雲林縣崙背鄉豐榮村,2010,1952,-58
苗栗縣後龍鎮東明里,1721,1663,-58
臺南市學甲區明宜里,2220,2162,-58
彰化縣和美鎮雅溝里,1613,1555,-58
苗栗縣通霄鎮內島里,855,797,-58
嘉義縣民雄鄉金興村,3332,3274,-58
雲林縣莿桐鄉興桐村,1364,1306,-58
屏東縣竹田鄉泗洲村,1255,1197,-58
桃園市楊梅區紅梅里,3175,3117,-58
臺南市歸仁區歸仁里,2724,2666,-58
高雄市大寮區後庄里,8974,8916,-58
桃園市八德區大義里,4535,4477,-58
臺南市官田區烏山頭里,1357,1299,-58
桃園市桃園區朝陽里,2341,2283,-58
桃園市桃園區文昌里,984,926,-58
臺中市新社區大南里,2183,2125,-58
屏東縣內埔鄉中林村,1799,1741,-58
臺中市西區民生里,2648,2590,-58
花蓮縣瑞穗鄉瑞祥村,1091,1033,-58
嘉義縣六腳鄉蒜頭村,1307,1249,-58
屏東縣屏東市太平里,755,697,-58
彰化縣芳苑鄉三成村,1118,1060,-58
彰化縣芬園鄉茄荖村,2715,2657,-58
臺南市麻豆區安業里,1514,1456,-58
臺南市北門區北門里,934,876,-58
高雄市梓官區赤崁里,2061,2003,-58
高雄市梓官區梓信里,2486,2428,-58
臺南市永康區三合里,4049,3991,-58
宜蘭縣員山鄉頭分村,1542,1484,-58
雲林縣二崙鄉田尾村,2111,2053,-58
新竹市東區前溪里,3565,3507,-58
臺中市中區大墩里,2694,2636,-58
高雄市鹽埕區新樂里,928,870,-58
雲林縣斗南鎮東仁里,1397,1339,-58
臺南市楠西區鹿田里,1033,975,-58
嘉義縣布袋鎮東港里,2113,2055,-58
彰化縣溪湖鎮大庭里,1620,1562,-58
屏東縣林邊鄉鎮安村,1256,1198,-58
臺中市新社區崑山里,1359,1301,-58
雲林縣土庫鎮西平里,2055,1998,-57
臺東縣成功鎮博愛里,681,624,-57
嘉義縣東石鄉網寮村,1366,1309,-57
新竹縣關西鎮南山里,1249,1192,-57
高雄市左營區路東里,808,751,-57
苗栗縣卓蘭鎮景山里,1136,1079,-57
新北市汐止區鄉長里,2399,2342,-57
宜蘭縣宜蘭市成功里,3876,3819,-57
苗栗縣苗栗市玉清里,2661,2604,-57
雲林縣斗南鎮新崙里,1698,1641,-57
臺中市大安區頂安里,1051,994,-57
雲林縣斗六市十三里,1318,1261,-57
苗栗縣三義鄉西湖村,1678,1621,-57
嘉義縣竹崎鄉鹿滿村,1613,1556,-57
新北市新店區國校里,2652,2595,-57
苗栗縣後龍鎮中龍里,944,887,-57
臺中市新社區永源里,3460,3403,-57
屏東縣高樹鄉菜寮村,842,785,-57
彰化縣彰化市台鳳里,5154,5097,-57
新北市淡水區民安里,767,710,-57
新北市鶯歌區二甲里,1036,979,-57
桃園市平鎮區平興里,7018,6961,-57
桃園市平鎮區貿易里,2561,2504,-57
新竹市北區台溪里,1867,1810,-57
屏東縣佳冬鄉燄溫村,1261,1204,-57
桃園市中壢區和平里,3261,3204,-57
桃園市大溪區福仁里,1205,1148,-57
屏東縣東港鎮盛漁里,1627,1570,-57
高雄市新興區興昌里,1967,1910,-57
桃園市中壢區興平里,2978,2921,-57
嘉義縣民雄鄉大崎村,2664,2607,-57
南投縣中寮鄉義和村,1205,1148,-57
高雄市林園區林園里,3735,3678,-57
高雄市三民區德東里,891,834,-57
屏東縣潮州鎮彭城里,1030,973,-57
彰化縣埔心鄉梧鳳村,1036,979,-57
臺南市安定區安定里,1642,1585,-57
高雄市彌陀區舊港里,1822,1765,-57
臺中市大甲區西岐里,1980,1923,-57
嘉義縣六腳鄉灣北村,1343,1286,-57
南投縣集集鎮八張里,1647,1590,-57
新北市板橋區光復里,3467,3410,-57
臺南市南化區西埔里,850,793,-57
臺北市中山區恆安里,5005,4948,-57
臺東縣鹿野鄉瑞豐村,1007,950,-57
高雄市小港區龍鳳里,3529,3472,-57
臺南市下營區賀建里,1477,1420,-57
高雄市小港區合作里,3057,3000,-57
雲林縣崙背鄉大有村,1710,1653,-57
新北市新莊區建福里,2556,2499,-57
雲林縣水林鄉海埔村,1160,1103,-57
臺南市仁德區二行里,2423,2366,-57
嘉義縣竹崎鄉塘興村,992,936,-56
苗栗縣銅鑼鄉樟樹村,1477,1421,-56
彰化縣溪州鄉張厝村,818,762,-56
臺南市鹽水區文昌里,1150,1094,-56
臺南市七股區三股里,1507,1451,-56
彰化縣埔鹽鄉天盛村,988,932,-56
宜蘭縣冬山鄉大進村,910,854,-56
雲林縣元長鄉潭西村,822,766,-56
彰化縣芬園鄉嘉興村,1873,1817,-56
雲林縣元長鄉合和村,1232,1176,-56
屏東縣萬丹鄉香社村,1775,1719,-56
桃園市龍潭區武漢里,1816,1760,-56
高雄市前鎮區瑞誠里,2857,2801,-56
高雄市左營區光輝里,2868,2812,-56
高雄市岡山區本洲里,2037,1981,-56
臺東縣長濱鄉樟原村,691,635,-56
屏東縣潮州鎮五魁里,1642,1586,-56
嘉義縣中埔鄉石硦村,1348,1292,-56
彰化縣竹塘鄉小西村,856,800,-56
嘉義縣朴子市崁前里,1018,962,-56
雲林縣口湖鄉港東村,1714,1658,-56
桃園市蘆竹區海湖里,3619,3563,-56
彰化縣埤頭鄉崙子村,1561,1505,-56
新北市瑞芳區龍山里,1507,1451,-56
桃園市蘆竹區宏竹里,3609,3553,-56
臺南市北區成德里,5677,5621,-56
彰化縣田尾鄉仁里村,1898,1842,-56
新北市瑞芳區東和里,1903,1847,-56
高雄市鹽埕區瀨南里,636,580,-56
彰化縣田尾鄉打簾村,2072,2016,-56
嘉義縣民雄鄉西安村,4035,3979,-56
新竹縣新埔鎮南平里,1154,1098,-56
新竹市東區竹蓮里,873,817,-56
雲林縣口湖鄉口湖村,1273,1217,-56
新北市淡水區屯山里,1173,1117,-56
高雄市苓雅區林靖里,1691,1635,-56
新北市三重區田安里,6424,6368,-56
臺中市豐原區頂街里,1057,1001,-56
彰化縣二水鄉二水村,976,920,-56
臺中市梧棲區中和里,632,576,-56
屏東縣萬巒鄉五溝村,1202,1146,-56
高雄市田寮區南安里,1124,1068,-56
臺中市大肚區社腳里,2892,2836,-56
高雄市新興區新江里,1254,1198,-56
桃園市平鎮區南勢里,7084,7028,-56
高雄市梓官區智蚵里,3268,3212,-56
苗栗縣泰安鄉中興村,646,590,-56
屏東縣車城鄉福興村,1588,1532,-56
彰化縣溪湖鎮中山里,2813,2757,-56
澎湖縣馬公市啟明里,1022,966,-56
南投縣仁愛鄉大同村,1970,1914,-56
高雄市三民區博愛里,1288,1232,-56
屏東縣屏東市公館里,1737,1681,-56
嘉義市西區港坪里,4143,4087,-56
彰化縣福興鄉同安村,2882,2826,-56
屏東縣枋寮鄉中寮村,702,646,-56
嘉義市西區保安里,3872,3817,-55
臺中市清水區文昌里,869,814,-55
新北市淡水區蕃薯里,1126,1071,-55
彰化縣溪湖鎮中竹里,1005,950,-55
屏東縣竹田鄉糶糴村,805,750,-55
彰化縣田中鎮香山里,984,929,-55
臺東縣鹿野鄉龍田村,1211,1156,-55
臺中市清水區高南里,1561,1506,-55
臺中市大肚區自強里,4084,4029,-55
苗栗縣苗栗市新苗里,965,910,-55
新竹縣關西鎮西安里,2276,2221,-55
臺北市大安區龍安里,8427,8372,-55
桃園市龜山區大同里,7154,7099,-55
嘉義市西區新厝里,5168,5113,-55
雲林縣水林鄉𣐤埔村,753,698,-55
高雄市小港區鳳林里,3446,3391,-55
臺南市安南區砂崙里,1547,1492,-55
雲林縣土庫鎮忠正里,955,900,-55
雲林縣水林鄉萬興村,790,735,-55
新北市三重區正德里,1224,1169,-55
桃園市桃園區忠義里,4359,4304,-55
嘉義縣東石鄉掌潭村,858,803,-55
桃園市桃園區永安里,5554,5499,-55
臺中市大安區永安里,2061,2006,-55
雲林縣西螺鎮廣興里,1026,971,-55
臺中市烏日區仁德里,9599,9544,-55
臺中市沙鹿區斗抵里,5378,5323,-55
新竹縣湖口鄉波羅村,2653,2598,-55
臺東縣臺東市建業里,1472,1417,-55
雲林縣水林鄉後寮村,783,728,-55
苗栗縣通霄鎮通西里,2227,2172,-55
雲林縣斗南鎮將軍里,1958,1903,-55
臺中市東勢區明正里,1572,1517,-55
新北市鶯歌區東鶯里,1148,1093,-55
桃園市八德區龍友里,2611,2556,-55
臺東縣卑南鄉明峰村,1326,1271,-55
宜蘭縣冬山鄉大興村,1032,977,-55
新北市石門區德茂里,1291,1236,-55
新北市永和區新廍里,2289,2234,-55
南投縣仁愛鄉南豐村,1544,1489,-55
新北市板橋區青翠里,3079,3024,-55
臺中市霧峰區南勢里,1564,1509,-55
宜蘭縣五結鄉上四村,1741,1686,-55
苗栗縣南庄鄉東村,1296,1241,-55
桃園市中壢區永興里,1079,1024,-55
高雄市路竹區新達里,1453,1398,-55
高雄市燕巢區尖山里,1271,1216,-55
新北市三重區大安里,1743,1688,-55
臺南市東區新東里,2743,2688,-55
屏東縣內埔鄉興南村,1461,1406,-55
新北市三重區中山里,2867,2813,-54
高雄市杉林區杉林里,703,649,-54
彰化縣彰化市古夷里,2862,2808,-54
新北市蘆洲區鷺江里,5741,5687,-54
彰化縣芳苑鄉新街村,879,825,-54
臺南市龍崎區牛埔里,353,299,-54
彰化縣埤頭鄉埤頭村,1895,1841,-54
彰化縣埔心鄉太平村,2442,2388,-54
雲林縣元長鄉客厝村,962,908,-54
臺南市六甲區六甲里,3425,3371,-54
屏東縣琉球鄉本福村,2407,2353,-54
嘉義縣東石鄉洲仔村,944,890,-54
高雄市燕巢區橫山里,2108,2054,-54
新竹縣峨眉鄉石井村,653,599,-54
高雄市橋頭區筆秀里,1785,1731,-54
高雄市路竹區鴨寮里,2355,2301,-54
桃園市大園區海口里,2256,2202,-54
南投縣名間鄉仁和村,1003,949,-54
臺南市鹽水區義中里,1791,1737,-54
彰化縣大城鄉臺西村,1001,947,-54
新竹市北區大鵬里,301,247,-54
南投縣南投市內新里,1686,1632,-54
屏東縣鹽埔鄉鹽南村,1982,1928,-54
臺中市西屯區何厝里,3832,3778,-54
高雄市六龜區興龍里,938,884,-54
臺中市龍井區麗水里,2694,2640,-54
高雄市鼓山區樹德里,1294,1240,-54
臺中市南區江川里,3202,3148,-54
苗栗縣卓蘭鎮中街里,827,773,-54
苗栗縣後龍鎮灣寶里,1446,1392,-54
南投縣魚池鄉中明村,1144,1090,-54
雲林縣東勢鄉龍潭村,900,846,-54
彰化縣二水鄉合和村,954,900,-54
彰化縣田中鎮中路里,2324,2270,-54
臺中市霧峰區萊園里,1275,1221,-54
彰化縣社頭鄉橋頭村,2437,2383,-54
高雄市鼓山區建國里,2766,2712,-54
雲林縣四湖鄉內湖村,862,808,-54
宜蘭縣礁溪鄉大忠村,2997,2943,-54
彰化縣社頭鄉東興村,1757,1703,-54
臺南市南區喜南里,1386,1332,-54
雲林縣莿桐鄉甘西村,1776,1722,-54
雲林縣四湖鄉湖寮村,844,790,-54
彰化縣彰化市永福里,1033,979,-54
新北市貢寮區貢寮里,949,895,-54
高雄市苓雅區人和里,1946,1892,-54
南投縣水里鄉永豐村,1586,1532,-54
嘉義縣梅山鄉圳北村,692,638,-54
嘉義縣梅山鄉梅南村,1024,970,-54
新北市貢寮區龍門里,729,675,-54
臺中市豐原區富春里,871,817,-54
彰化縣員林市浮圳里,2660,2606,-54
新北市三重區光陽里,6427,6373,-54
新北市蘆洲區復興里,3695,3642,-53
高雄市大樹區和山里,1136,1083,-53
臺中市大雅區二和里,7367,7314,-53
屏東縣東港鎮船頭里,6667,6614,-53
高雄市三民區長明里,1198,1145,-53
高雄市苓雅區林南里,3691,3638,-53
高雄市鼓山區正德里,2248,2195,-53
宜蘭縣羅東鎮開明里,1627,1574,-53
高雄市鹽埕區新化里,669,616,-53
苗栗縣苗栗市玉苗里,1040,987,-53
臺中市潭子區大富里,3343,3290,-53
基隆市仁愛區文昌里,786,733,-53
屏東縣鹽埔鄉久愛村,1027,974,-53
高雄市林園區東林里,3453,3400,-53
雲林縣元長鄉崙仔村,937,884,-53
雲林縣臺西鄉富琦村,1718,1665,-53
雲林縣口湖鄉水井村,1084,1031,-53
桃園市蘆竹區錦中里,3953,3900,-53
高雄市左營區埤西里,953,900,-53
臺北市松山區慈祐里,8076,8023,-53
高雄市茂林區茂林里,908,855,-53
新竹縣橫山鄉沙坑村,1068,1015,-53
宜蘭縣五結鄉利澤村,2247,2194,-53
高雄市苓雅區城西里,624,571,-53
新北市汐止區建成里,5488,5435,-53
新竹縣關西鎮錦山里,1080,1027,-53
宜蘭縣礁溪鄉二龍村,1380,1327,-53
臺中市大甲區朝陽里,1762,1709,-53
新北市三芝區新庄里,904,851,-53
嘉義市西區西榮里,2612,2559,-53
彰化縣埤頭鄉和豊村,2902,2849,-53
雲林縣西螺鎮安定里,2154,2101,-53
南投縣埔里鎮南門里,892,839,-53
新北市三重區大園里,2948,2895,-53
新北市新莊區文德里,1914,1861,-53
苗栗縣通霄鎮平元里,2197,2144,-53
苗栗縣通霄鎮城南里,1015,962,-53
屏東縣萬巒鄉成德村,1639,1586,-53
桃園市龜山區山頂里,6506,6453,-53
嘉義縣義竹鄉岸腳村,764,711,-53
臺南市安南區公親里,1385,1332,-53
臺南市白河區白河里,1916,1863,-53
新竹市東區立功里,1122,1069,-53
臺南市六甲區大丘里,666,613,-53
臺南市南區大恩里,3817,3764,-53
花蓮縣吉安鄉勝安村,5803,5750,-53
彰化縣福興鄉鎮平村,1433,1380,-53
臺中市大肚區永和里,987,934,-53
嘉義縣布袋鎮振寮里,830,777,-53
南投縣南投市康壽里,1714,1661,-53
彰化縣溪州鄉成功村,2136,2083,-53
新北市永和區民權里,4710,4657,-53
臺中市北屯區東山里,2434,2381,-53
彰化縣花壇鄉灣東村,1091,1038,-53
嘉義縣鹿草鄉碧潭村,1043,990,-53
南投縣埔里鎮廣成里,1287,1234,-53
嘉義市東區中山里,2227,2174,-53
新北市三重區中正里,1438,1385,-53
宜蘭縣頭城鎮城西里,643,591,-52
基隆市中山區通化里,1102,1050,-52
新竹縣關西鎮金山里,636,584,-52
臺南市白河區崎內里,818,766,-52
花蓮縣玉里鎮德武里,880,828,-52
高雄市茄萣區和協里,1325,1273,-52
彰化縣永靖鄉四芳村,775,723,-52
新北市新店區文明里,2529,2477,-52
雲林縣斗南鎮西伯里,965,913,-52
高雄市永安區永華里,2069,2017,-52
南投縣水里鄉上安村,1201,1149,-52
南投縣竹山鎮田子里,674,622,-52
新北市板橋區廣新里,3756,3704,-52
臺中市東勢區下新里,1877,1825,-52
南投縣名間鄉中山村,2599,2547,-52
宜蘭縣冬山鄉補城村,1382,1330,-52
臺南市新化區唪口里,2569,2517,-52
高雄市新興區永寧里,1486,1434,-52
雲林縣褒忠鄉潮厝村,964,912,-52
臺中市西屯區福恩里,5753,5701,-52
南投縣竹山鎮秀林里,782,730,-52
嘉義縣新港鄉宮後村,1801,1749,-52
苗栗縣頭屋鄉北坑村,828,776,-52
彰化縣福興鄉大崙村,1427,1375,-52
屏東縣潮州鎮光華里,5588,5536,-52
臺南市將軍區平沙里,1317,1265,-52
屏東縣枋寮鄉安樂村,1855,1803,-52
高雄市大樹區統嶺里,770,718,-52
臺中市石岡區梅子里,2117,2065,-52
雲林縣斗南鎮靖興里,971,919,-52
苗栗縣公館鄉玉谷村,1678,1626,-52
彰化縣埔心鄉埤霞村,858,806,-52
花蓮縣花蓮市民意里,2277,2225,-52
臺中市神岡區圳堵里,2493,2441,-52
嘉義縣六腳鄉六斗村,1052,1000,-52
臺南市白河區庄內里,1885,1833,-52
彰化縣二林鎮東和里,2496,2444,-52
嘉義縣布袋鎮新厝里,809,757,-52
臺南市安南區原佃里,2603,2551,-52
宜蘭縣宜蘭市延平里,4175,4123,-52
屏東縣鹽埔鄉洛陽村,1823,1771,-52
南投縣國姓鄉大旗村,758,706,-52
臺北市內湖區港華里,9804,9752,-52
嘉義縣太保市新埤里,1439,1387,-52
桃園市桃園區成功里,4686,4634,-52
臺南市楠西區照興里,1115,1063,-52
嘉義縣水上鄉國姓村,1382,1330,-52
新北市蘆洲區成功里,8036,7984,-52
新北市五股區更寮里,1258,1206,-52
彰化縣溪湖鎮光平里,1530,1478,-52
澎湖縣七美鄉南港村,1389,1337,-52
新北市新莊區萬安里,3857,3805,-52
屏東縣恆春鎮仁壽里,1052,1000,-52
花蓮縣秀林鄉銅門村,1537,1485,-52
新北市中和區連城里,6612,6560,-52
臺南市山上區明和里,1921,1869,-52
高雄市甲仙區大田里,1784,1732,-52
高雄市鹽埕區港都里,1213,1161,-52
基隆市中正區信義里,995,943,-52
新北市金山區三界里,723,671,-52
雲林縣古坑鄉永昌村,2403,2351,-52
雲林縣水林鄉西井村,708,656,-52
嘉義縣民雄鄉興南村,3170,3118,-52
彰化縣田中鎮三光里,1084,1032,-52
嘉義市東區頂寮里,3009,2957,-52
臺南市六甲區王爺里,827,775,-52
彰化縣芳苑鄉文津村,1215,1163,-52
桃園市平鎮區東社里,3950,3899,-51
高雄市路竹區頂寮里,1410,1359,-51
苗栗縣獅潭鄉豐林村,640,589,-51
花蓮縣富里鄉竹田村,1222,1171,-51
彰化縣鹿港鎮海埔里,4279,4228,-51
南投縣中寮鄉八仙村,899,848,-51
彰化縣鹿港鎮新宮里,997,946,-51
新北市板橋區松翠里,3465,3414,-51
高雄市楠梓區加昌里,10122,10071,-51
屏東縣麟洛鄉田中村,1331,1280,-51
高雄市茄萣區萬福里,1025,974,-51
宜蘭縣宜蘭市北門里,1321,1270,-51
臺南市關廟區山西里,2326,2275,-51
臺南市玉井區豐里里,1082,1031,-51
南投縣國姓鄉長豐村,834,783,-51
臺東縣關山鎮月眉里,812,761,-51
彰化縣彰化市莿桐里,3585,3534,-51
宜蘭縣羅東鎮成功里,1889,1838,-51
臺南市永康區大橋里,6732,6681,-51
嘉義縣義竹鄉頭竹村,1352,1301,-51
屏東縣竹田鄉頭崙村,1481,1430,-51
臺南市南化區南化里,1535,1484,-51
新竹市北區湳中里,8084,8033,-51
新北市金山區六股里,759,708,-51
苗栗縣通霄鎮福源里,928,877,-51
雲林縣口湖鄉埔北村,1000,949,-51
新竹縣新埔鎮清水里,478,427,-51
臺南市大內區石湖里,1130,1079,-51
苗栗縣通霄鎮平安里,2416,2365,-51
新北市淡水區協元里,1587,1536,-51
南投縣南投市永豐里,3293,3242,-51
嘉義縣中埔鄉沄水村,1135,1084,-51
屏東縣高樹鄉廣興村,1270,1219,-51
高雄市苓雅區正道里,4610,4559,-51
雲林縣土庫鎮崙內里,1749,1698,-51
雲林縣口湖鄉下崙村,2298,2247,-51
彰化縣埤頭鄉崙腳村,864,813,-51
彰化縣芳苑鄉芳苑村,1063,1012,-51
高雄市小港區鳳鳴里,3548,3497,-51
基隆市安樂區慈仁里,1041,990,-51
高雄市前鎮區興化里,772,721,-51
彰化縣竹塘鄉土庫村,743,692,-51
新北市中和區秀仁里,3519,3468,-51
彰化縣竹塘鄉新廣村,1280,1229,-51
苗栗縣後龍鎮大庄里,5219,5168,-51
新竹縣橫山鄉新興村,1810,1759,-51
臺南市白河區內角里,759,708,-51
屏東縣高樹鄉舊寮村,1352,1301,-51
彰化縣溪州鄉菜公村,989,938,-51
屏東縣屏東市前進里,3368,3317,-51
新北市樹林區樹北里,988,937,-51
臺北市內湖區蘆洲里,1423,1372,-51
彰化縣花壇鄉長春村,1901,1850,-51
基隆市中正區德義里,784,733,-51
雲林縣莿桐鄉五華村,1567,1516,-51
新北市板橋區大豐里,4826,4775,-51
高雄市前金區榮復里,1200,1149,-51
高雄市鳥松區坔埔里,4014,3963,-51
彰化縣埔鹽鄉廍子村,1468,1417,-51
雲林縣莿桐鄉義和村,1268,1217,-51
宜蘭縣南澳鄉南澳村,1480,1429,-51
新北市淡水區永吉里,961,910,-51
雲林縣大埤鄉聯美村,1243,1192,-51
苗栗縣大湖鄉大南村,609,558,-51
新北市蘆洲區福安里,3400,3350,-50
高雄市旗津區安順里,1009,959,-50
高雄市三民區港東里,1512,1462,-50
嘉義縣六腳鄉溪厝村,666,616,-50
臺東縣臺東市大同里,877,827,-50
南投縣魚池鄉新城村,1591,1541,-50
嘉義縣東石鄉型厝村,1534,1484,-50
臺中市北區光大里,2355,2305,-50
新北市板橋區純翠里,5614,5564,-50
彰化縣大城鄉三豐村,719,669,-50
臺中市中區中華里,2370,2320,-50
臺南市新化區豐榮里,3909,3859,-50
新北市永和區協和里,3048,2998,-50
南投縣名間鄉松柏村,1380,1330,-50
雲林縣元長鄉後湖村,799,749,-50
高雄市路竹區社中里,981,931,-50
新北市三芝區茂長里,705,655,-50
南投縣竹山鎮延山里,973,923,-50
高雄市茄萣區吉定里,1291,1241,-50
彰化縣二水鄉文化村,1096,1046,-50
高雄市小港區鳳興里,2866,2816,-50
雲林縣口湖鄉湖東村,1398,1348,-50
南投縣鹿谷鄉秀峰村,856,806,-50
南投縣中寮鄉廣興村,894,844,-50
高雄市鳳山區新富里,4802,4752,-50
雲林縣口湖鄉蚵寮村,1614,1564,-50
高雄市新興區建華里,890,840,-50
雲林縣口湖鄉湖口村,1136,1086,-50
臺中市南區崇倫里,6672,6622,-50
高雄市旗山區中洲里,920,870,-50
雲林縣元長鄉內寮村,675,625,-50
苗栗縣苗栗市新川里,1366,1316,-50
新竹市北區金華里,5800,5750,-50
桃園市龜山區新嶺里,4611,4561,-50
臺中市太平區黃竹里,735,685,-50
新北市樹林區東山里,3342,3292,-50
苗栗縣造橋鄉龍昇村,1085,1035,-50
雲林縣林內鄉坪頂村,587,537,-50
新北市樹林區圳福里,4660,4610,-50
臺中市石岡區金星里,1463,1413,-50
花蓮縣光復鄉南富村,957,907,-50
苗栗縣大湖鄉栗林村,1158,1108,-50
屏東縣滿州鄉里德村,460,410,-50
新竹縣關西鎮玉山里,527,477,-50
雲林縣虎尾鎮興中里,1897,1847,-50
花蓮縣瑞穗鄉富興村,677,627,-50
雲林縣虎尾鎮中溪里,1565,1515,-50
桃園市龜山區陸光里,4178,4128,-50
新北市板橋區大安里,4074,4024,-50
彰化縣溪州鄉三條村,1013,963,-50
新竹市東區榮光里,344,294,-50
雲林縣土庫鎮溪邊里,1291,1241,-50
嘉義縣水上鄉柳新村,2090,2040,-50
新竹縣北埔鄉大林村,859,809,-50
臺南市安南區梅花里,4797,4747,-50
嘉義縣水上鄉塗溝村,889,839,-50
雲林縣二崙鄉復興村,1147,1097,-50
高雄市三民區千北里,1162,1112,-50
屏東縣新埤鄉箕湖村,1253,1203,-50
臺東縣達仁鄉安朔村,672,622,-50
嘉義縣東石鄉港墘村,1384,1334,-50
高雄市內門區永富里,1097,1047,-50
臺南市歸仁區新厝里,2952,2902,-50
新北市萬里區龜吼里,2881,2832,-49
嘉義縣民雄鄉菁埔村,1978,1929,-49
臺中市東勢區粵寧里,2335,2286,-49
臺中市大甲區武陵里,1402,1353,-49
南投縣集集鎮富山里,645,596,-49
宜蘭縣員山鄉中華村,699,650,-49
嘉義縣布袋鎮見龍里,1012,963,-49
嘉義縣東石鄉下揖村,823,774,-49
高雄市阿蓮區清蓮里,3112,3063,-49
臺南市善化區坐駕里,5153,5104,-49
屏東縣車城鄉保力村,1370,1321,-49
花蓮縣豐濱鄉新社村,711,662,-49
花蓮縣花蓮市民勤里,4355,4306,-49
彰化縣福興鄉二港村,1539,1490,-49
臺中市太平區東汴里,1355,1306,-49
臺南市歸仁區歸南里,2609,2560,-49
嘉義市西區翠岱里,1715,1666,-49
臺中市神岡區三角里,3089,3040,-49
屏東縣恆春鎮水泉里,1633,1584,-49
高雄市鹽埕區江西里,1171,1122,-49
高雄市苓雅區意誠里,4167,4118,-49
臺南市北門區慈安里,840,791,-49
臺南市南區喜東里,2446,2397,-49
南投縣草屯鎮明正里,4480,4431,-49
臺東縣太麻里鄉大王村,2059,2010,-49
高雄市林園區中門里,2880,2831,-49
新北市三重區幸福里,4810,4761,-49
屏東縣林邊鄉仁和村,1861,1812,-49
屏東縣崁頂鄉力社村,1664,1615,-49
新北市貢寮區吉林里,534,485,-49
彰化縣二水鄉源泉村,729,680,-49
高雄市大樹區檨腳里,4007,3958,-49
彰化縣田尾鄉饒平村,3123,3074,-49
臺中市豐原區三村里,7595,7546,-49
嘉義縣民雄鄉福興村,2252,2203,-49
臺中市大甲區龍泉里,1808,1759,-49
臺南市七股區樹林里,2202,2153,-49
南投縣竹山鎮桶頭里,995,946,-49
屏東縣瑪家鄉北葉村,994,945,-49
彰化縣埔鹽鄉西湖村,2447,2398,-49
新北市樹林區三龍里,2197,2148,-49
高雄市六龜區六龜里,1089,1040,-49
苗栗縣南庄鄉西村,726,677,-49
臺東縣關山鎮豐泉里,1371,1322,-49
高雄市阿蓮區港後里,2514,2465,-49
新北市雙溪區三港里,417,368,-49
新竹縣峨眉鄉湖光村,943,894,-49
新竹縣寶山鄉油田村,646,597,-49
苗栗縣苑裡鎮玉田里,2033,1984,-49
高雄市內門區內豊里,1373,1324,-49
高雄市六龜區中興里,1604,1555,-49
基隆市仁愛區德厚里,1939,1890,-49
新北市淡水區長庚里,1504,1455,-49
雲林縣東勢鄉安南村,947,898,-49
彰化縣彰化市安溪里,2321,2272,-49
彰化縣二林鎮南光里,4192,4143,-49
新北市永和區秀得里,2818,2769,-49
基隆市七堵區永平里,2212,2163,-49
桃園市中壢區普慶里,3280,3231,-49
嘉義縣六腳鄉崙陽村,1154,1105,-49
新竹市香山區美山里,1302,1253,-49
高雄市茄萣區大定里,1222,1173,-49
基隆市中山區安民里,1135,1086,-49
彰化縣鹿港鎮頭崙里,3194,3145,-49
新北市土城區青山里,3178,3129,-49
嘉義縣水上鄉三鎮村,727,678,-49
宜蘭縣頭城鎮二城里,1309,1260,-49
新北市淡水區文化里,1900,1851,-49
臺東縣池上鄉新興村,973,925,-48
南投縣南投市永興里,913,865,-48
高雄市鼓山區麗興里,1073,1025,-48
新北市貢寮區美豐里,808,760,-48
嘉義市東區新開里,2322,2274,-48
彰化縣二林鎮香田里,1204,1156,-48
高雄市梓官區赤西里,946,898,-48
嘉義縣義竹鄉六桂村,1292,1244,-48
臺南市柳營區人和里,842,794,-48
彰化縣員林市三信里,2910,2862,-48
臺南市白河區大林里,653,605,-48
高雄市苓雅區福壽里,1561,1513,-48
南投縣中寮鄉永和村,573,525,-48
臺南市學甲區宅港里,913,865,-48
新竹市香山區大湖里,1020,972,-48
屏東縣獅子鄉竹坑村,358,310,-48
新北市中和區清穗里,3288,3240,-48
臺南市白河區河東里,1485,1437,-48
高雄市旗山區大林里,1534,1486,-48
屏東縣里港鄉三廍村,2142,2094,-48
彰化縣田中鎮大崙里,1509,1461,-48
嘉義縣中埔鄉龍門村,941,893,-48
彰化縣大城鄉西港村,1000,952,-48
高雄市苓雅區美田里,1275,1227,-48
臺南市東山區大客里,1224,1176,-48
嘉義縣義竹鄉仁里村,965,917,-48
屏東縣屏東市頂柳里,1267,1219,-48
南投縣埔里鎮薰化里,1141,1093,-48
新竹縣竹東鎮忠孝里,1868,1820,-48
彰化縣芳苑鄉博愛村,782,734,-48
南投縣信義鄉人和村,1511,1463,-48
嘉義縣義竹鄉埤前村,836,788,-48
桃園市中壢區自強里,4185,4137,-48
高雄市阿蓮區阿蓮里,5829,5781,-48
臺東縣臺東市仁愛里,790,742,-48
彰化縣和美鎮大霞里,1744,1696,-48
嘉義縣六腳鄉三義村,824,776,-48
臺中市東區富台里,1943,1895,-48
臺南市北區公園里,2014,1966,-48
屏東縣佳冬鄉六根村,1466,1418,-48
雲林縣水林鄉灣西村,1066,1018,-48
新北市三重區中民里,1312,1264,-48
屏東縣鹽埔鄉鹽中村,2687,2639,-48
屏東縣屏東市永光里,1170,1122,-48
高雄市鹽埕區慈愛里,403,355,-48
臺中市大甲區孔門里,1009,961,-48
高雄市新興區德政里,741,693,-48
高雄市美濃區吉和里,1533,1485,-48
高雄市前金區草江里,1135,1087,-48
雲林縣口湖鄉青蚶村,599,551,-48
高雄市左營區廟北里,963,915,-48
臺中市大甲區文曲里,1275,1227,-48
花蓮縣吉安鄉太昌村,4274,4226,-48
臺南市新化區太平里,5203,5155,-48
新北市永和區仁愛里,2756,2708,-48
南投縣信義鄉羅娜村,1727,1679,-48
高雄市岡山區忠孝里,3425,3377,-48
嘉義市東區頂庄里,2624,2576,-48
苗栗縣通霄鎮梅南里,1767,1720,-47
苗栗縣通霄鎮白西里,821,774,-47
屏東縣萬巒鄉萬巒村,1385,1338,-47
高雄市前鎮區鎮陽里,1035,988,-47
臺中市霧峰區本鄉里,2708,2661,-47
新竹縣新埔鎮新生里,679,632,-47
屏東縣東港鎮豐漁里,678,631,-47
苗栗縣通霄鎮楓樹里,504,457,-47
臺南市大內區大內里,870,823,-47
高雄市六龜區義寶里,1205,1158,-47
嘉義縣東石鄉溪下村,1092,1045,-47
高雄市鹽埕區中原里,689,642,-47
嘉義縣新港鄉大興村,1702,1655,-47
雲林縣東勢鄉東北村,1381,1334,-47
屏東縣枋寮鄉新開村,1008,961,-47
雲林縣二崙鄉大華村,1045,998,-47
嘉義縣六腳鄉蒜東村,908,861,-47
南投縣名間鄉新光村,1995,1948,-47
新北市林口區麗林里,9880,9833,-47
臺東縣卑南鄉美農村,1206,1159,-47
屏東縣里港鄉塔樓村,1807,1760,-47
高雄市茄萣區嘉定里,1255,1208,-47
嘉義縣六腳鄉港美村,781,734,-47
雲林縣東勢鄉復興村,599,552,-47
臺中市霧峰區坑口里,3528,3481,-47
新竹市東區關帝里,563,516,-47
南投縣鹿谷鄉竹林村,1689,1642,-47
屏東縣屏東市新生里,6308,6261,-47
臺南市東山區三榮里,1061,1014,-47
新北市蘆洲區中路里,4318,4271,-47
高雄市旗山區新光里,877,830,-47
臺中市清水區高西里,1508,1461,-47
高雄市旗山區竹峰里,1833,1786,-47
桃園市中壢區仁和里,4479,4432,-47
新北市新莊區富民里,3959,3912,-47
高雄市田寮區三和里,408,361,-47
高雄市燕巢區瓊林里,2422,2375,-47
彰化縣埔心鄉油車村,1453,1406,-47
彰化縣溪州鄉水尾村,1784,1737,-47
新北市板橋區新民里,4605,4558,-47
新北市三重區奕壽里,1805,1758,-47
高雄市大樹區水安里,2659,2612,-47
苗栗縣大湖鄉南湖村,730,683,-47
臺南市南化區東和里,720,673,-47
嘉義縣竹崎鄉龍山村,2046,1999,-47
雲林縣土庫鎮宮北里,1653,1606,-47
臺南市南區竹溪里,1823,1776,-47
新北市石門區山溪里,990,943,-47
臺南市安平區金城里,2322,2275,-47
屏東縣屏東市北勢里,2751,2704,-47
彰化縣溪湖鎮西勢里,2606,2559,-47
臺東縣臺東市鐵花里,454,407,-47
南投縣集集鎮玉映里,580,533,-47
新北市三重區吉利里,1468,1421,-47
苗栗縣頭份市廣興里,1045,998,-47
基隆市中正區八斗里,1647,1601,-46
嘉義縣朴子市溪口里,913,867,-46
雲林縣口湖鄉梧南村,2058,2012,-46
嘉義縣水上鄉民生村,3177,3131,-46
高雄市旗津區南汕里,2265,2219,-46
臺北市文山區指南里,4128,4082,-46
新竹縣北埔鄉大湖村,622,576,-46
雲林縣水林鄉松中村,572,526,-46
新北市五股區五福里,3659,3613,-46
新北市淡水區草東里,801,755,-46
苗栗縣西湖鄉二湖村,753,707,-46
雲林縣西螺鎮九隆里,871,825,-46
新北市蘆洲區溪墘里,3308,3262,-46
新北市新店區忠孝里,2811,2765,-46
基隆市仁愛區兆連里,809,763,-46
宜蘭縣羅東鎮南豪里,1653,1607,-46
雲林縣東勢鄉昌南村,940,894,-46
高雄市彌陀區漯底里,1376,1330,-46
南投縣鹿谷鄉內湖村,1162,1116,-46
屏東縣屏東市厚生里,3295,3249,-46
基隆市中山區仁正里,861,815,-46
嘉義縣六腳鄉雙涵村,981,935,-46
彰化縣彰化市信義里,1004,958,-46
南投縣集集鎮廣明里,1026,980,-46
彰化縣大城鄉上山村,1225,1179,-46
嘉義縣番路鄉民和村,980,934,-46
雲林縣林內鄉林南村,1214,1168,-46
彰化縣芬園鄉溪頭村,1915,1869,-46
新北市三芝區錫板里,766,720,-46
嘉義縣溪口鄉美南村,1256,1210,-46
南投縣竹山鎮社寮里,1590,1544,-46
雲林縣斗南鎮石溪里,983,937,-46
新北市三峽區溪南里,1624,1578,-46
彰化縣溪湖鎮田中里,982,936,-46
苗栗縣竹南鎮公舘里,1360,1314,-46
新北市金山區清泉里,938,892,-46
嘉義縣民雄鄉興中村,2160,2114,-46
雲林縣西螺鎮福田里,1781,1735,-46
苗栗縣南庄鄉蓬萊村,1005,959,-46
雲林縣水林鄉蕃薯村,1063,1017,-46
臺中市神岡區山皮里,1226,1180,-46
臺中市北屯區新平里,4909,4863,-46
花蓮縣光復鄉北富村,1028,982,-46
臺中市大甲區新美里,4187,4141,-46
屏東縣新園鄉內庄村,966,920,-46
屏東縣長治鄉繁昌村,2010,1964,-46
屏東縣高樹鄉新豐村,1622,1576,-46
臺南市大內區內郭里,719,673,-46
臺南市善化區六分里,795,749,-46
花蓮縣卓溪鄉古風村,1147,1101,-46
高雄市鼓山區桃源里,622,576,-46
臺南市七股區塩埕里,480,434,-46
臺南市佳里區營溪里,1162,1116,-46
花蓮縣花蓮市民生里,1402,1356,-46
桃園市新屋區槺榔里,1245,1199,-46
桃園市蘆竹區坑子里,1956,1910,-46
臺南市東區東門里,2120,2074,-46
花蓮縣壽豐鄉溪口村,1177,1131,-46
臺東縣臺東市光明里,3379,3333,-46
臺南市南區同安里,2587,2541,-46
臺南市柳營區果毅里,1348,1302,-46
臺南市柳營區太康里,1657,1611,-46
南投縣中寮鄉中寮村,743,698,-45
南投縣名間鄉大坑村,833,788,-45
高雄市鳳山區文山里,7142,7097,-45
嘉義市西區福全里,4857,4812,-45
臺北市士林區公館里,1426,1381,-45
花蓮縣花蓮市民族里,577,532,-45
屏東縣竹田鄉二崙村,1103,1058,-45
基隆市七堵區八德里,1763,1718,-45
南投縣草屯鎮土城里,1886,1841,-45
臺南市白河區昇安里,1533,1488,-45
新北市三重區瑞德里,2519,2474,-45
屏東縣高樹鄉建興村,1319,1274,-45
苗栗縣竹南鎮公義里,1178,1133,-45
屏東縣萬巒鄉萬和村,1987,1942,-45
嘉義縣布袋鎮菜舖里,455,410,-45
新北市三重區正義里,1900,1855,-45
臺中市大安區西安里,2066,2021,-45
桃園市八德區茄苳里,3107,3062,-45
雲林縣北港鎮東陽里,872,827,-45
嘉義市西區文化里,2512,2467,-45
雲林縣北港鎮公舘里,615,570,-45
雲林縣北港鎮仁安里,504,459,-45
臺中市豐原區葫蘆里,771,726,-45
嘉義市西區紅瓦里,2079,2034,-45
苗栗縣卓蘭鎮苗豐里,806,761,-45
桃園市龜山區南美里,2970,2925,-45
雲林縣斗南鎮舊社里,3235,3190,-45
高雄市旗山區大山里,1420,1375,-45
桃園市八德區大竹里,1804,1759,-45
嘉義縣布袋鎮龍江里,853,808,-45
屏東縣潮州鎮三和里,2492,2447,-45
臺中市太平區坪林里,3840,3795,-45
苗栗縣通霄鎮坪頂里,1355,1310,-45
臺南市安南區鹿耳里,1058,1013,-45
新北市八里區荖阡里,1949,1904,-45
嘉義縣梅山鄉安靖村,928,883,-45
臺中市太平區宜昌里,4463,4418,-45
南投縣水里鄉水里村,828,783,-45
高雄市橋頭區甲南里,2737,2692,-45
高雄市前金區長城里,1491,1446,-45
南投縣埔里鎮史港里,666,621,-45
彰化縣福興鄉番社村,1749,1704,-45
桃園市大溪區新峰里,939,894,-45
臺中市東勢區泰興里,819,774,-45
屏東縣新園鄉瓦󿾨村,1916,1871,-45
花蓮縣光復鄉西富村,1066,1021,-45
雲林縣元長鄉鹿南村,950,905,-45
彰化縣伸港鄉七嘉村,3743,3698,-45
彰化縣社頭鄉龍井村,959,914,-45
高雄市甲仙區東安里,512,467,-45
彰化縣社頭鄉社頭村,3305,3260,-45
雲林縣臺西鄉光華村,769,724,-45
臺東縣臺東市新生里,7545,7500,-45
臺南市中西區南美里,3983,3938,-45
花蓮縣富里鄉豐南村,707,662,-45
嘉義縣中埔鄉頂埔村,1085,1040,-45
嘉義縣竹崎鄉竹崎村,2921,2876,-45
新北市瑞芳區柑坪里,1245,1200,-45
高雄市美濃區興隆里,1293,1248,-45
彰化縣埔鹽鄉南新村,1534,1489,-45
彰化縣埔鹽鄉打廉村,1070,1025,-45
高雄市小港區濟南里,4778,4733,-45
臺南市佳里區忠仁里,3368,3323,-45
臺東縣東河鄉隆昌村,603,558,-45
宜蘭縣宜蘭市慈安里,2090,2045,-45
金門縣烈嶼鄉西口村,2636,2591,-45
新竹縣峨眉鄉中盛村,759,714,-45
澎湖縣馬公市山水里,1955,1910,-45
屏東縣麟洛鄉麟蹄村,1678,1633,-45
臺南市左鎮區中正里,821,776,-45
彰化縣永靖鄉五福村,1703,1659,-44
高雄市大寮區義仁里,2048,2004,-44
彰化縣鹿港鎮大有里,1387,1343,-44
苗栗縣大湖鄉明湖村,675,631,-44
嘉義縣溪口鄉游西村,761,717,-44
苗栗縣獅潭鄉新店村,996,952,-44
臺東縣東河鄉東河村,1097,1053,-44
嘉義縣布袋鎮興中里,1240,1196,-44
嘉義縣溪口鄉林腳村,926,882,-44
臺南市左鎮區內庄里,418,374,-44
彰化縣埔鹽鄉瓦󿾨村,1447,1403,-44
南投縣埔里鎮杷城里,3147,3103,-44
高雄市旗山區上洲里,1131,1087,-44
宜蘭縣員山鄉永和村,2082,2038,-44
高雄市旗山區廣福里,729,685,-44
高雄市林園區林內里,2371,2327,-44
苗栗縣卓蘭鎮新榮里,1244,1200,-44
新北市鶯歌區北鶯里,4573,4529,-44
新北市蘆洲區忠孝里,2563,2519,-44
彰化縣大城鄉東城村,1523,1479,-44
臺東縣鹿野鄉瑞和村,765,721,-44
苗栗縣造橋鄉錦水村,576,532,-44
苗栗縣造橋鄉平興村,521,477,-44
嘉義縣六腳鄉蘇厝村,1625,1581,-44
新北市新店區美城里,2796,2752,-44
臺南市安定區蘇厝里,2397,2353,-44
南投縣埔里鎮北門里,2896,2852,-44
屏東縣枋寮鄉太源村,1073,1029,-44
南投縣信義鄉自強村,827,783,-44
苗栗縣銅鑼鄉新隆村,617,573,-44
彰化縣田中鎮東路里,1248,1204,-44
臺中市北屯區陳平里,5389,5345,-44
臺南市玉井區三和里,839,795,-44
苗栗縣銅鑼鄉興隆村,660,616,-44
彰化縣彰化市福安里,1166,1122,-44
南投縣名間鄉南雅村,1195,1151,-44
彰化縣竹塘鄉竹林村,959,915,-44
南投縣集集鎮吳厝里,1006,962,-44
基隆市仁愛區明德里,759,715,-44
彰化縣彰化市田中里,1068,1024,-44
新北市雙溪區共和里,425,381,-44
南投縣國姓鄉柑林村,1271,1227,-44
嘉義縣竹崎鄉白杞村,723,679,-44
嘉義縣義竹鄉西過村,878,834,-44
花蓮縣玉里鎮大禹里,1247,1203,-44
臺北市北投區立賢里,5894,5850,-44
雲林縣水林鄉大溝村,1106,1062,-44
高雄市鼓山區鼓峰里,2139,2095,-44
嘉義縣中埔鄉和興村,6469,6425,-44
新北市金山區和平里,543,499,-44
嘉義縣朴子市順天里,726,682,-44
臺中市東勢區下城里,959,915,-44
臺北市文山區興泰里,4061,4017,-44
新竹縣關西鎮東平里,1045,1001,-44
宜蘭縣三星鄉義德村,1386,1342,-44
宜蘭縣三星鄉天福村,841,797,-44
臺中市清水區楊厝里,1389,1345,-44
基隆市安樂區定邦里,1149,1105,-44
彰化縣彰化市寶廍里,1515,1472,-43
高雄市岡山區程香里,4881,4838,-43
臺中市清水區清水里,2613,2570,-43
新北市三重區龍門里,1948,1905,-43
臺東縣太麻里鄉華源村,673,630,-43
高雄市橋頭區西林里,1597,1554,-43
屏東縣九如鄉玉泉村,1847,1804,-43
彰化縣芳苑鄉路上村,736,693,-43
宜蘭縣蘇澳鎮蘇東里,586,543,-43
屏東縣里港鄉大平村,1292,1249,-43
南投縣中寮鄉永平村,1955,1912,-43
苗栗縣苑裡鎮海岸里,1219,1176,-43
南投縣國姓鄉乾溝村,897,854,-43
臺南市善化區田寮里,1946,1903,-43
彰化縣永靖鄉崙子村,1632,1589,-43
嘉義縣水上鄉水頭村,2861,2818,-43
屏東縣竹田鄉美崙村,716,673,-43
嘉義縣東石鄉東石村,2210,2167,-43
高雄市茂林區萬山里,443,400,-43
屏東縣南州鄉溪洲村,1896,1853,-43
臺南市麻豆區北勢里,1251,1208,-43
彰化縣溪州鄉瓦厝村,1018,975,-43
臺中市北區文莊里,3795,3752,-43
新北市蘆洲區忠義里,3438,3395,-43
彰化縣溪州鄉東州村,2292,2249,-43
屏東縣萬丹鄉灣內村,1645,1602,-43
彰化縣溪湖鎮光華里,521,478,-43
彰化縣北斗鎮居仁里,1531,1488,-43
南投縣草屯鎮中原里,2365,2322,-43
高雄市鼓山區山下里,1492,1449,-43
彰化縣和美鎮仁愛里,3323,3280,-43
嘉義縣民雄鄉東榮村,2689,2646,-43
雲林縣崙背鄉水尾村,1364,1321,-43
高雄市小港區順苓里,5296,5253,-43
彰化縣和美鎮四張里,3377,3334,-43
嘉義縣大林鎮三和里,2309,2266,-43
基隆市信義區智慧里,815,772,-43
嘉義縣太保市南新里,2165,2122,-43
南投縣信義鄉同富村,1664,1621,-43
嘉義縣竹崎鄉沙坑村,927,884,-43
屏東縣萬丹鄉社上村,1900,1857,-43
苗栗縣頭屋鄉鳴鳳村,335,292,-43
嘉義縣朴子市中正里,733,690,-43
臺中市豐原區南嵩里,3963,3920,-43
苗栗縣後龍鎮復興里,799,756,-43
新北市五股區德泰里,4699,4656,-43
新北市雙溪區上林里,685,642,-43
雲林縣北港鎮劉厝里,1307,1264,-43
嘉義縣新港鄉菜公村,1129,1086,-43
嘉義縣朴子市梅華里,1190,1147,-43
臺中市霧峰區南柳里,2287,2244,-43
苗栗縣大湖鄉新開村,1163,1120,-43
新竹縣關西鎮大同里,902,859,-43
嘉義縣義竹鄉溪洲村,696,653,-43
新北市貢寮區和美里,1081,1038,-43
新北市板橋區新埔里,2151,2108,-43
基隆市仁愛區仁德里,1020,978,-42
高雄市三民區千歲里,1245,1203,-42
花蓮縣花蓮市民有里,787,745,-42
高雄市左營區果惠里,1605,1563,-42
高雄市大社區保安里,3634,3592,-42
臺中市霧峰區桐林里,1412,1370,-42
苗栗縣西湖鄉金獅村,557,515,-42
桃園市中壢區龍慈里,5751,5709,-42
嘉義縣鹿草鄉松竹村,1048,1006,-42
苗栗縣卓蘭鎮新厝里,1724,1682,-42
高雄市鼓山區裕興里,3582,3540,-42
臺東縣太麻里鄉金崙村,2009,1967,-42
彰化縣員林市林厝里,3301,3259,-42
高雄市前金區新生里,4096,4054,-42
屏東縣屏東市興樂里,876,834,-42
屏東縣九如鄉後庄村,2061,2019,-42
臺中市大安區南埔里,1225,1183,-42
彰化縣北斗鎮重慶里,651,609,-42
桃園市大園區溪海里,5620,5578,-42
苗栗縣公館鄉玉泉村,2795,2753,-42
臺中市石岡區土牛里,1156,1114,-42
新竹市香山區南港里,974,932,-42
高雄市內門區三平里,749,707,-42
臺東縣鹿野鄉瑞隆村,1010,968,-42
雲林縣臺西鄉溪頂村,1658,1616,-42
雲林縣褒忠鄉埔姜村,1707,1665,-42
臺南市大內區內江里,1011,969,-42
彰化縣竹塘鄉竹元村,1407,1365,-42
高雄市小港區青島里,2627,2585,-42
高雄市左營區祥和里,397,355,-42
雲林縣東勢鄉月眉村,1314,1272,-42
花蓮縣富里鄉石牌村,1024,982,-42
臺北市北投區東華里,4711,4669,-42
南投縣南投市仁和里,587,545,-42
雲林縣口湖鄉後厝村,780,738,-42
臺南市後壁區新嘉里,1097,1055,-42
嘉義縣六腳鄉六南村,611,569,-42
雲林縣二崙鄉大義村,994,952,-42
南投縣草屯鎮加老里,2570,2528,-42
苗栗縣公館鄉福星村,2404,2362,-42
臺中市南屯區同心里,6381,6339,-42
高雄市鼓山區新民里,1100,1058,-42
彰化縣彰化市萬壽里,1019,977,-42
南投縣鹿谷鄉瑞田村,820,778,-42
基隆市中山區健民里,1285,1243,-42
南投縣名間鄉埔中村,1002,960,-42
雲林縣林內鄉烏塗村,1297,1255,-42
苗栗縣獅潭鄉永興村,610,568,-42
雲林縣二崙鄉三和村,1643,1601,-42
宜蘭縣蘇澳鎮永光里,516,474,-42
苗栗縣三灣鄉大河村,600,558,-42
新竹縣橫山鄉福興村,494,452,-42
屏東縣萬巒鄉鹿寮村,1046,1004,-42
屏東縣新園鄉中洲村,1768,1726,-42
雲林縣二崙鄉楊賢村,1770,1728,-42
屏東縣高樹鄉舊庄村,1160,1118,-42
花蓮縣新城鄉大漢村,3011,2969,-42
臺東縣臺東市復國里,675,634,-41
臺中市豐原區東陽里,1874,1833,-41
彰化縣福興鄉橋頭村,3021,2980,-41
嘉義縣太保市後庄里,569,528,-41
高雄市左營區聖后里,807,766,-41
高雄市前鎮區興邦里,3249,3208,-41
新北市三重區雙園里,1003,962,-41
新北市板橋區介壽里,3249,3208,-41
南投縣南投市振興里,2409,2368,-41
南投縣國姓鄉國姓村,1946,1905,-41
嘉義縣溪口鄉坪頂村,1013,972,-41
臺東縣鹿野鄉瑞源村,990,949,-41
屏東縣屏東市三山里,1524,1483,-41
雲林縣西螺鎮頂湳里,1129,1088,-41
宜蘭縣蘇澳鎮朝陽里,644,603,-41
彰化縣田中鎮中潭里,2053,2012,-41
高雄市林園區港埔里,2082,2041,-41
雲林縣臺西鄉山寮村,945,904,-41
高雄市湖內區劉家里,1137,1096,-41
新竹縣寶山鄉寶斗村,837,796,-41
彰化縣二林鎮永興里,1723,1682,-41
雲林縣西螺鎮公舘里,1574,1533,-41
嘉義縣中埔鄉灣潭村,1152,1111,-41
桃園市蘆竹區濱海里,3018,2977,-41
屏東縣萬丹鄉崙頂村,2161,2120,-41
新北市板橋區西安里,2884,2843,-41
宜蘭縣五結鄉錦眾村,1612,1571,-41
新北市淡水區民生里,7369,7328,-41
彰化縣大城鄉公館村,1160,1119,-41
基隆市安樂區壯觀里,5290,5249,-41
彰化縣二水鄉復興村,1165,1124,-41
臺東縣卑南鄉泰安村,1349,1308,-41
雲林縣二崙鄉湳仔村,1296,1255,-41
臺北市大安區錦安里,6447,6406,-41
新北市蘆洲區恆德里,6429,6388,-41
嘉義縣民雄鄉中央村,1472,1431,-41
嘉義縣溪口鄉柳溝村,1449,1408,-41
嘉義市西區培元里,1975,1934,-41
桃園市大溪區興和里,1748,1707,-41
南投縣草屯鎮中正里,777,736,-41
新竹縣芎林鄉秀湖村,1071,1030,-41
嘉義縣梅山鄉永興村,602,561,-41
南投縣竹山鎮中正里,704,663,-41
基隆市仁愛區文安里,925,884,-41
新北市樹林區北園里,2309,2268,-41
高雄市大寮區過溪里,2834,2793,-41
臺南市鹽水區汫水里,1019,978,-41
臺中市大甲區建興里,1757,1716,-41
嘉義縣太保市埤鄉里,812,771,-41
苗栗縣竹南鎮竹興里,3893,3852,-41
彰化縣和美鎮犁盛里,2727,2686,-41
宜蘭縣冬山鄉安平村,875,834,-41
花蓮縣卓溪鄉立山村,1195,1154,-41
南投縣埔里鎮桃米里,1146,1105,-41
南投縣埔里鎮南村里,1607,1566,-41
屏東縣屏東市大洲里,1374,1333,-41
南投縣埔里鎮鐵山里,2080,2039,-41
屏東縣內埔鄉上樹村,1232,1191,-41
宜蘭縣大同鄉南山村,908,867,-41
高雄市鳳山區國富里,2933,2892,-41
新竹縣寶山鄉新城村,1363,1322,-41
新北市鶯歌區西鶯里,2333,2292,-41
屏東縣屏東市楠樹里,458,417,-41
桃園市桃園區東山里,2253,2212,-41
彰化縣二水鄉合興村,775,735,-40
臺南市善化區嘉南里,1264,1224,-40
彰化縣埔心鄉新舘村,1163,1123,-40
彰化縣二林鎮東華里,1087,1047,-40
嘉義縣水上鄉三界村,1084,1044,-40
臺南市西港區營西里,1682,1642,-40
臺南市大內區曲溪里,653,613,-40
高雄市鹽埕區沙地里,833,793,-40
臺北市中正區水源里,3045,3005,-40
高雄市內門區溝坪里,1069,1029,-40
花蓮縣壽豐鄉池南村,835,795,-40
桃園市觀音區廣福里,2967,2927,-40
臺南市大內區石林里,707,667,-40
高雄市茄萣區福德里,1092,1052,-40
臺中市烏日區溪尾里,979,939,-40
彰化縣芳苑鄉永興村,1556,1516,-40
桃園市龍潭區三坑里,1750,1710,-40
南投縣竹山鎮福興里,668,628,-40
新北市土城區延吉里,4513,4473,-40
彰化縣彰化市大同里,1125,1085,-40
新竹市東區東門里,639,599,-40
臺中市大里區夏田里,1154,1114,-40
新北市樹林區西園里,1918,1878,-40
雲林縣莿桐鄉埔尾村,1461,1421,-40
屏東縣琉球鄉南福村,1317,1277,-40
屏東縣屏東市大同里,658,618,-40
嘉義縣梅山鄉双溪村,639,599,-40
花蓮縣瑞穗鄉舞鶴村,1071,1031,-40
新北市金山區兩湖里,452,412,-40
雲林縣斗六市榴中里,5259,5219,-40
新北市板橋區溪北里,3725,3685,-40
臺中市大安區東安里,1449,1409,-40
高雄市大寮區中庄里,12681,12641,-40
嘉義縣布袋鎮九龍里,411,371,-40
新竹市東區武功里,5245,5205,-40
嘉義縣義竹鄉官和村,924,884,-40
臺中市東勢區中寧里,1023,983,-40
新北市淡水區興仁里,1681,1641,-40
新北市三重區三安里,2757,2717,-40
苗栗縣頭份市濫坑里,2560,2520,-40
彰化縣員林市仁愛里,1801,1761,-40
高雄市楠梓區和昌里,2291,2251,-40
彰化縣大城鄉潭墘村,1210,1170,-40
臺南市下營區宅內里,1833,1793,-40
彰化縣大城鄉永和村,788,748,-40
彰化縣溪州鄉溪厝村,2129,2089,-40
屏東縣高樹鄉司馬村,712,672,-40
高雄市燕巢區東燕里,2706,2666,-40
雲林縣水林鄉松西村,732,692,-40
高雄市鳳山區縣衙里,952,912,-40
桃園市楊梅區楊江里,1293,1253,-40
嘉義縣番路鄉大湖村,700,660,-40
新北市中和區吉興里,3098,3058,-40
高雄市左營區城南里,565,526,-39
花蓮縣玉里鎮長良里,745,706,-39
高雄市內門區金竹里,701,662,-39
新北市新店區明德里,3989,3950,-39
花蓮縣瑞穗鄉富民村,981,942,-39
新北市三峽區插角里,724,685,-39
彰化縣田中鎮龍潭里,687,648,-39
桃園市八德區大強里,3712,3673,-39
屏東縣九如鄉洽興村,1694,1655,-39
桃園市觀音區富林里,2390,2351,-39
臺南市南化區玉山里,1183,1144,-39
高雄市三民區裕民里,1472,1433,-39
屏東縣屏東市扶風里,631,592,-39
嘉義縣東石鄉三家村,1290,1251,-39
嘉義縣六腳鄉潭墘村,976,937,-39
嘉義縣東石鄉永屯村,801,762,-39
嘉義縣中埔鄉深坑村,854,815,-39
花蓮縣吉安鄉福興村,3363,3324,-39
嘉義縣六腳鄉正義村,1502,1463,-39
高雄市三民區港新里,1614,1575,-39
苗栗縣南庄鄉田美村,915,876,-39
高雄市甲仙區關山里,661,622,-39
新北市汐止區八連里,1044,1005,-39
苗栗縣苑裡鎮山柑里,1671,1632,-39
苗栗縣苑裡鎮南勢里,786,747,-39
彰化縣田中鎮西路里,2837,2798,-39
新竹縣關西鎮東山里,951,912,-39
新竹縣新埔鎮新埔里,1125,1086,-39
臺南市大內區頭社里,1076,1037,-39
彰化縣埔鹽鄉永樂村,1021,982,-39
新北市中和區明德里,4117,4078,-39
新北市烏來區福山里,839,800,-39
彰化縣埤頭鄉大湖村,1084,1045,-39
臺中市北屯區松和里,7681,7642,-39
高雄市路竹區下坑里,3073,3034,-39
高雄市新興區蕉園里,828,789,-39
屏東縣潮州鎮崙東里,1750,1711,-39
臺中市外埔區六分里,2680,2641,-39
雲林縣大埤鄉豐岡村,687,648,-39
臺南市東山區嶺南里,750,711,-39
臺南市東山區東中里,2894,2855,-39
屏東縣車城鄉後灣村,458,419,-39
嘉義縣朴子市松華里,1346,1307,-39
新北市平溪區石底里,498,459,-39
高雄市前鎮區前鎮里,1490,1451,-39
臺南市後壁區土溝里,1483,1444,-39
臺南市柳營區篤農里,1428,1389,-39
嘉義縣太保市崙頂里,954,915,-39
新北市石碇區中民里,834,795,-39
南投縣中寮鄉福盛村,765,726,-39
彰化縣芳苑鄉信義村,627,589,-38
新北市板橋區歡園里,1296,1258,-38
彰化縣員林市中山里,711,673,-38
新北市永和區網溪里,1235,1197,-38
彰化縣田中鎮大社里,987,949,-38
雲林縣二崙鄉定安村,993,955,-38
桃園市中壢區新興里,4618,4580,-38
屏東縣萬巒鄉萬全村,847,809,-38
臺中市東勢區興隆里,1350,1312,-38
桃園市八德區大成里,3986,3948,-38
屏東縣萬丹鄉加興村,1452,1414,-38
高雄市內門區光興里,756,718,-38
嘉義縣義竹鄉龍蛟村,619,581,-38
花蓮縣富里鄉萬寧村,737,699,-38
彰化縣和美鎮新庄里,2745,2707,-38
桃園市大溪區仁文里,4748,4710,-38
屏東縣東港鎮鎮海里,3443,3405,-38
苗栗縣通霄鎮圳頭里,789,751,-38
臺南市後壁區頂安里,1429,1391,-38
屏東縣屏東市平和里,717,679,-38
雲林縣大埤鄉三結村,1364,1326,-38
臺南市下營區大吉里,1761,1723,-38
雲林縣莿桐鄉甘厝村,1013,975,-38
臺東縣長濱鄉三間村,1307,1269,-38
臺中市石岡區龍興里,755,717,-38
雲林縣北港鎮仁和里,566,528,-38
高雄市桃源區高中里,815,777,-38
高雄市前金區北金里,938,900,-38
桃園市桃園區南門里,7018,6980,-38
宜蘭縣員山鄉湖北村,1133,1095,-38
雲林縣土庫鎮順天里,1083,1045,-38
彰化縣埤頭鄉竹圍村,1292,1254,-38
臺南市龍崎區大坪里,322,284,-38
臺東縣臺東市四維里,779,741,-38
雲林縣四湖鄉羊調村,1027,989,-38
高雄市梓官區梓義里,2388,2350,-38
臺北市文山區萬和里,3382,3344,-38
雲林縣口湖鄉謝厝村,1127,1089,-38
新北市土城區祖田里,1751,1713,-38
嘉義縣布袋鎮貴舍里,717,679,-38
臺南市七股區玉成里,962,924,-38
苗栗縣泰安鄉梅園村,652,614,-38
新北市中和區民生里,4240,4202,-38
嘉義縣溪口鄉本厝村,1042,1004,-38
南投縣水里鄉城中村,988,950,-38
苗栗縣獅潭鄉竹木村,729,691,-38
新北市瑞芳區上天里,1457,1419,-38
新竹縣關西鎮新富里,626,588,-38
屏東縣內埔鄉東片村,1035,997,-38
彰化縣芬園鄉大竹村,1131,1093,-38
屏東縣琉球鄉中福村,1423,1385,-38
新竹縣芎林鄉華龍村,464,426,-38
新北市永和區頂溪里,2543,2505,-38
嘉義縣大林鎮三角里,961,923,-38
宜蘭縣壯圍鄉復興村,1818,1780,-38
高雄市鳳山區縣口里,481,443,-38
臺北市中正區黎明里,3489,3451,-38
宜蘭縣大同鄉四季村,1035,997,-38
屏東縣林邊鄉林邊村,1636,1598,-38
苗栗縣苗栗市新英里,1966,1928,-38
宜蘭縣羅東鎮仁和里,1192,1154,-38
新竹市北區舊港里,683,645,-38
屏東縣枋寮鄉內寮村,804,766,-38
花蓮縣瑞穗鄉瑞良村,615,577,-38
屏東縣恆春鎮城南里,1087,1049,-38
嘉義縣竹崎鄉金獅村,483,445,-38
桃園市新屋區望間里,1600,1563,-37
苗栗縣三灣鄉永和村,423,386,-37
花蓮縣新城鄉康樂村,2785,2748,-37
宜蘭縣冬山鄉得安村,1222,1185,-37
嘉義縣大林鎮溝背里,1055,1018,-37
苗栗縣西湖鄉四湖村,717,680,-37
花蓮縣花蓮市主力里,3322,3285,-37
高雄市林園區港嘴里,1962,1925,-37
臺中市大肚區山陽里,1569,1532,-37
高雄市橋頭區白樹里,3910,3873,-37
雲林縣斗南鎮北銘里,1775,1738,-37
彰化縣彰化市光華里,840,803,-37
屏東縣東港鎮頂新里,607,570,-37
高雄市橋頭區橋南里,1249,1212,-37
新竹市東區新興里,3547,3510,-37
南投縣名間鄉廍下村,1043,1006,-37
南投縣鹿谷鄉清水村,768,731,-37
雲林縣北港鎮扶朝里,1083,1046,-37
南投縣仁愛鄉春陽村,1248,1211,-37
高雄市苓雅區博仁里,793,756,-37
宜蘭縣冬山鄉珍珠村,1924,1887,-37
宜蘭縣蘇澳鎮東澳里,387,350,-37
新北市三芝區興華里,1311,1274,-37
花蓮縣新城鄉嘉里村,4519,4482,-37
嘉義縣太保市前潭里,1699,1662,-37
臺南市六甲區中社里,1794,1757,-37
臺東縣海端鄉海端村,1223,1186,-37
臺中市新社區中正里,1633,1596,-37
花蓮縣富里鄉富里村,1541,1504,-37
桃園市大溪區瑞興里,3215,3178,-37
高雄市前鎮區明道里,1196,1159,-37
臺中市南區德義里,3253,3216,-37
新北市板橋區僑中里,4382,4345,-37
新竹縣五峰鄉花園村,864,827,-37
屏東縣鹽埔鄉彭厝村,1104,1067,-37
嘉義縣鹿草鄉重寮村,1120,1083,-37
臺南市西港區西港里,3627,3590,-37
高雄市三民區立誠里,771,734,-37
屏東縣鹽埔鄉永隆村,623,586,-37
臺南市七股區篤加里,987,950,-37
臺南市七股區西寮里,503,466,-37
彰化縣埔心鄉芎蕉村,2139,2102,-37
臺北市內湖區內湖里,6263,6226,-37
高雄市三民區立德里,1304,1267,-37
新北市瑞芳區永慶里,483,446,-37
高雄市旗山區東昌里,1128,1091,-37
彰化縣芳苑鄉頂廍村,642,605,-37
彰化縣線西鄉頂庄村,1477,1440,-37
新北市蘆洲區仁愛里,5442,5405,-37
彰化縣溪湖鎮湳底里,814,777,-37
南投縣南投市福興里,3489,3452,-37
南投縣南投市光輝里,666,629,-37
屏東縣屏東市金泉里,743,706,-37
屏東縣萬巒鄉硫黃村,627,590,-37
臺南市左鎮區光和里,420,383,-37
南投縣埔里鎮向善里,757,720,-37
臺中市外埔區中山里,1451,1414,-37
臺南市玉井區中正里,1367,1330,-37
彰化縣大城鄉大城村,1118,1081,-37
屏東縣南州鄉溪北村,772,735,-37
南投縣國姓鄉長福村,797,760,-37
臺南市麻豆區港尾里,1403,1366,-37
新竹縣新埔鎮上寮里,2124,2088,-36
高雄市鼓山區自強里,771,735,-36
宜蘭縣礁溪鄉白雲村,1863,1827,-36
臺東縣臺東市豐原里,1427,1391,-36
花蓮縣壽豐鄉月眉村,953,917,-36
臺北市文山區政大里,8091,8055,-36
新北市金山區大同里,806,770,-36
花蓮縣吉安鄉南華村,1757,1721,-36
新北市瑞芳區吉慶里,1898,1862,-36
高雄市旗津區旗下里,1318,1282,-36
南投縣仁愛鄉力行村,651,615,-36
屏東縣恆春鎮墾丁里,1424,1388,-36
基隆市中山區太白里,982,946,-36
宜蘭縣冬山鄉中山村,549,513,-36
苗栗縣公館鄉大坑村,1067,1031,-36
新北市板橋區景星里,3535,3499,-36
花蓮縣豐濱鄉港口村,825,789,-36
臺中市石岡區萬安里,1797,1761,-36
新北市板橋區大觀里,3848,3812,-36
臺中市霧峰區北柳里,4727,4691,-36
苗栗縣大湖鄉武榮村,553,517,-36
嘉義縣太保市梅埔里,1320,1284,-36
宜蘭縣壯圍鄉永鎮村,893,857,-36
花蓮縣花蓮市主安里,3139,3103,-36
新竹縣五峰鄉竹林村,457,421,-36
雲林縣北港鎮賜福里,394,358,-36
基隆市安樂區樂一里,637,601,-36
嘉義縣義竹鄉新富村,576,540,-36
嘉義縣竹崎鄉光華村,774,738,-36
高雄市左營區廍北里,461,425,-36
屏東縣內埔鄉義亭村,662,626,-36
屏東縣東港鎮頂中里,439,403,-36
嘉義市西區垂楊里,2312,2276,-36
嘉義縣新港鄉北崙村,561,525,-36
彰化縣二林鎮原斗里,1431,1395,-36
高雄市岡山區華崗里,1833,1797,-36
屏東縣屏東市永城里,2227,2191,-36
桃園市大溪區永福里,1093,1057,-36
彰化縣溪州鄉潮洋村,975,939,-36
高雄市內門區中埔里,622,586,-36
彰化縣員林市東和里,1233,1197,-36
新北市中和區明穗里,4667,4631,-36
臺南市關廟區下湖里,539,503,-36
新北市三重區錦江里,2422,2386,-36
南投縣名間鄉濁水村,1816,1780,-36
嘉義縣大林鎮湖北里,696,660,-36
高雄市前金區長生里,1853,1817,-36
屏東縣南州鄉壽元村,1211,1175,-36
屏東縣南州鄉米崙村,1159,1123,-36
高雄市岡山區嘉峰里,2045,2009,-36
高雄市湖內區海山里,1241,1205,-36
臺南市楠西區龜丹里,719,683,-36
苗栗縣三灣鄉北埔村,603,567,-36
臺南市北門區保吉里,1524,1488,-36
彰化縣芬園鄉縣庄村,1312,1276,-36
南投縣魚池鄉東光村,1431,1395,-36
苗栗縣三灣鄉內灣村,712,676,-36
彰化縣鹿港鎮順興里,1079,1043,-36
嘉義縣東石鄉頂揖村,421,385,-36
桃園市新屋區深圳里,748,712,-36
新北市新店區直潭里,1341,1305,-36
臺南市將軍區鯤溟里,1045,1009,-36
臺南市龍崎區石𥕢里,472,436,-36
臺南市將軍區玉山里,908,872,-36
彰化縣花壇鄉南口村,2177,2141,-36
臺南市新化區大坑里,487,451,-36
臺南市下營區西連里,988,952,-36
屏東縣九如鄉三塊村,1837,1801,-36
臺南市左鎮區榮和里,701,666,-35
臺南市麻豆區巷口里,2514,2479,-35
基隆市仁愛區同風里,600,565,-35
桃園市楊梅區豐野里,4601,4566,-35
新竹市香山區浸水里,2902,2867,-35
嘉義縣梅山鄉太和村,1062,1027,-35
雲林縣古坑鄉草嶺村,631,596,-35
新北市貢寮區龍崗里,459,424,-35
宜蘭縣三星鄉天山村,582,547,-35
苗栗縣造橋鄉大龍村,571,536,-35
彰化縣溪湖鎮媽厝里,1452,1417,-35
連江縣南竿鄉馬祖村,597,562,-35
新竹縣竹東鎮瑞峰里,449,414,-35
新北市瑞芳區光復里,292,257,-35
臺東縣綠島鄉公舘村,1161,1126,-35
連江縣莒光鄉福正村,277,242,-35
臺南市善化區南關里,2269,2234,-35
雲林縣四湖鄉廣溝村,773,738,-35
臺南市善化區六德里,1211,1176,-35
嘉義縣溪口鄉溪西村,758,723,-35
臺中市大甲區福德里,1317,1282,-35
彰化縣永靖鄉同安村,774,739,-35
新北市淡水區坪頂里,1399,1364,-35
新竹縣寶山鄉山湖村,623,588,-35
高雄市彌陀區彌靖里,2184,2149,-35
臺中市潭子區新田里,1743,1708,-35
彰化縣社頭鄉湳雅村,1757,1722,-35
彰化縣二水鄉惠民村,922,887,-35
高雄市甲仙區小林里,615,580,-35
高雄市杉林區木梓里,748,713,-35
嘉義縣義竹鄉東過村,922,887,-35
嘉義縣六腳鄉竹本村,677,642,-35
新竹市香山區中隘里,2138,2103,-35
雲林縣土庫鎮後埔里,2654,2619,-35
高雄市新興區中東里,3220,3185,-35
新北市鶯歌區中鶯里,1130,1095,-35
宜蘭縣壯圍鄉新南村,1074,1039,-35
嘉義縣朴子市竹村里,1237,1202,-35
南投縣名間鄉三崙村,1805,1770,-35
雲林縣西螺鎮福興里,672,637,-35
苗栗縣後龍鎮水尾里,1177,1142,-35
彰化縣彰化市平和里,4948,4913,-35
花蓮縣瑞穗鄉富源村,865,830,-35
桃園市平鎮區中正里,2081,2046,-35
苗栗縣大湖鄉東興村,859,824,-35
新北市三重區光榮里,1483,1448,-35
雲林縣西螺鎮下湳里,988,953,-35
新北市三重區忠孝里,1875,1840,-35
嘉義縣義竹鄉新店村,1640,1605,-35
桃園市平鎮區山峰里,2772,2737,-35
宜蘭縣頭城鎮福成里,1102,1067,-35
苗栗縣後龍鎮豐富里,1443,1408,-35
嘉義縣布袋鎮新岑里,1082,1047,-35
屏東縣九如鄉九明村,1996,1961,-35
屏東縣長治鄉崙上村,1842,1807,-35
臺中市北屯區北京里,3707,3672,-35
南投縣魚池鄉頭社村,1013,978,-35
彰化縣社頭鄉崙雅村,1171,1137,-34
南投縣中寮鄉崁頂村,522,488,-34
宜蘭縣礁溪鄉大義村,743,709,-34
屏東縣崁頂鄉圍內村,1597,1563,-34
花蓮縣壽豐鄉光榮村,914,880,-34
新竹縣芎林鄉芎林村,1842,1808,-34
南投縣仁愛鄉親愛村,1460,1426,-34
雲林縣元長鄉西莊村,953,919,-34
高雄市小港區松金里,3039,3005,-34
南投縣名間鄉萬丹村,1040,1006,-34
屏東縣萬丹鄉萬安村,695,661,-34
嘉義縣六腳鄉蒜南村,956,922,-34
基隆市中山區西定里,1044,1010,-34
花蓮縣光復鄉大豐村,490,456,-34
嘉義縣溪口鄉柴林村,861,827,-34
臺南市善化區什乃里,1473,1439,-34
基隆市中正區真砂里,1475,1441,-34
雲林縣水林鄉尖山村,722,688,-34
桃園市復興區長興里,821,787,-34
南投縣水里鄉中央村,684,650,-34
嘉義縣新港鄉西庄村,1102,1068,-34
嘉義縣溪口鄉妙崙村,788,754,-34
基隆市中正區正義里,1321,1287,-34
臺中市和平區博愛里,1936,1902,-34
雲林縣水林鄉土厝村,1337,1303,-34
新北市樹林區大同里,3742,3708,-34
嘉義縣新港鄉南港村,1177,1143,-34
嘉義縣大林鎮吉林里,1101,1067,-34
屏東縣牡丹鄉旭海村,432,398,-34
基隆市安樂區西川里,1351,1317,-34
新竹縣橫山鄉田寮村,963,929,-34
新北市三芝區福德里,889,855,-34
花蓮縣壽豐鄉平和村,1587,1553,-34
彰化縣二水鄉五伯村,729,695,-34
臺中市清水區靈泉里,1148,1114,-34
彰化縣永靖鄉永東村,962,928,-34
基隆市安樂區新西里,1526,1492,-34
新竹縣新豐鄉後湖村,2057,2023,-34
高雄市鳳山區光明里,1479,1445,-34
高雄市鳳山區成功里,705,671,-34
新北市淡水區中興里,4167,4133,-34
臺南市左鎮區草山里,334,300,-34
南投縣埔里鎮房里里,1601,1567,-34
嘉義市西區竹村里,1315,1281,-34
雲林縣北港鎮水埔里,543,509,-34
桃園市新屋區新生里,5003,4969,-34
苗栗縣後龍鎮海寶里,1114,1080,-34
高雄市大寮區內坑里,6816,6782,-34
彰化縣大城鄉頂庄村,744,710,-34
新北市三芝區埔頭里,5600,5566,-34
臺中市新社區中和里,659,625,-34
臺中市新社區慶西里,992,958,-34
彰化縣和美鎮頭前里,2045,2011,-34
彰化縣彰化市茄南里,3725,3691,-34
嘉義縣大林鎮三村里,964,930,-34
雲林縣斗南鎮石龜里,875,841,-34
臺南市山上區平陽里,400,366,-34
高雄市左營區中北里,694,660,-34
彰化縣鹿港鎮廖厝里,4884,4850,-34
屏東縣長治鄉繁隆村,1287,1253,-34
高雄市苓雅區奏捷里,1805,1771,-34
澎湖縣湖西鄉龍門村,2026,1992,-34
南投縣草屯鎮石川里,1767,1733,-34
臺中市大雅區文雅里,7256,7222,-34
彰化縣鹿港鎮頂番里,4774,4740,-34
金門縣金沙鎮浦山里,2668,2634,-34
高雄市岡山區前峰里,3334,3300,-34
高雄市鹽埕區新豐里,943,910,-33
南投縣中寮鄉和興村,720,687,-33
臺南市白河區汴頭里,813,780,-33
南投縣草屯鎮和平里,1328,1295,-33
屏東縣枋寮鄉新龍村,1023,990,-33
花蓮縣新城鄉佳林村,1158,1125,-33
新北市瑞芳區基山里,480,447,-33
臺中市清水區菁埔里,2677,2644,-33
嘉義縣義竹鄉東光村,810,777,-33
雲林縣水林鄉車港村,668,635,-33
臺南市將軍區廣山里,692,659,-33
雲林縣大埤鄉怡然村,863,830,-33
南投縣水里鄉頂崁村,1390,1357,-33
新竹縣寶山鄉深井村,935,902,-33
桃園市平鎮區北安里,1932,1899,-33
彰化縣二水鄉十五村,767,734,-33
南投縣名間鄉中正村,4001,3968,-33
雲林縣崙背鄉阿勸村,2388,2355,-33
彰化縣田尾鄉新生村,1623,1590,-33
新竹市北區南寮里,6808,6775,-33
新北市淡水區新生里,463,430,-33
屏東縣南州鄉同安村,1105,1072,-33
臺南市柳營區八翁里,1583,1550,-33
雲林縣二崙鄉崙東村,1713,1680,-33
金門縣金沙鎮光前里,2622,2589,-33
新北市三重區介壽里,1231,1198,-33
臺中市豐原區圳寮里,1457,1424,-33
臺東縣海端鄉廣原村,974,941,-33
嘉義縣民雄鄉福權村,1860,1827,-33
苗栗縣通霄鎮南和里,866,833,-33
屏東縣新埤鄉南豐村,833,800,-33
宜蘭縣礁溪鄉玉石村,2236,2203,-33
屏東縣屏東市泰安里,528,495,-33
宜蘭縣頭城鎮外澳里,1005,972,-33
高雄市三民區建東里,1292,1259,-33
高雄市梓官區禮蚵里,2318,2285,-33
新北市五股區陸一里,2613,2580,-33
高雄市岡山區石潭里,2188,2155,-33
屏東縣長治鄉復興村,1636,1603,-33
高雄市新興區長驛里,1060,1027,-33
高雄市前鎮區興仁里,780,747,-33
高雄市前金區博孝里,1120,1087,-33
新北市三芝區店子里,656,623,-33
高雄市三民區港西里,860,827,-33
高雄市前金區東金里,1086,1053,-33
桃園市中壢區仁義里,4624,4591,-33
屏東縣恆春鎮茄湖里,609,576,-33
高雄市左營區尾南里,811,778,-33
高雄市仁武區仁武里,6425,6392,-33
宜蘭縣頭城鎮中崙里,1197,1164,-33
雲林縣元長鄉新吉村,795,763,-32
嘉義縣新港鄉板頭村,634,602,-32
新北市石碇區石碇里,439,407,-32
彰化縣秀水鄉馬興村,2636,2604,-32
臺東縣延平鄉鸞山村,721,689,-32
臺東縣金峰鄉嘉蘭村,1559,1527,-32
臺南市龍崎區土崎里,678,646,-32
南投縣竹山鎮下坪里,1398,1366,-32
苗栗縣泰安鄉大興村,551,519,-32
彰化縣秀水鄉埔崙村,2490,2458,-32
宜蘭縣三星鄉雙賢村,647,615,-32
新北市汐止區江北里,6273,6241,-32
花蓮縣花蓮市主計里,993,961,-32
高雄市內門區內東里,884,852,-32
臺中市西區土庫里,6587,6555,-32
臺南市六甲區甲南里,1577,1545,-32
桃園市觀音區大同里,3868,3836,-32
金門縣烈嶼鄉上林村,1570,1538,-32
彰化縣溪湖鎮平和里,760,728,-32
新竹縣竹北市新港里,1427,1395,-32
南投縣仁愛鄉發祥村,943,911,-32
新竹縣尖石鄉義興村,715,683,-32
雲林縣臺西鄉台西村,1405,1373,-32
彰化縣和美鎮中寮里,1330,1298,-32
新竹縣竹北市新庄里,1223,1191,-32
彰化縣和美鎮南佃里,2599,2567,-32
臺中市新社區月湖里,1204,1172,-32
高雄市前金區三川里,752,720,-32
雲林縣斗六市榴北里,1276,1244,-32
南投縣水里鄉郡坑村,373,341,-32
新竹縣關西鎮上林里,924,892,-32
臺中市沙鹿區美仁里,651,619,-32
新北市新店區新德里,2787,2755,-32
新北市土城區頂埔里,5226,5194,-32
新北市土城區學成里,3405,3373,-32
高雄市旗津區實踐里,1561,1529,-32
宜蘭縣三星鄉萬德村,682,650,-32
屏東縣牡丹鄉石門村,1931,1899,-32
臺中市豐原區下街里,870,838,-32
高雄市前鎮區盛豐里,3341,3309,-32
嘉義縣鹿草鄉下潭村,901,869,-32
新竹縣新埔鎮北平里,737,705,-32
彰化縣彰化市中山里,963,931,-32
臺南市七股區中寮里,762,730,-32
新北市新店區明城里,3610,3578,-32
南投縣中寮鄉內城村,512,480,-32
南投縣名間鄉竹圍村,1039,1007,-32
雲林縣古坑鄉華山村,808,776,-32
屏東縣南州鄉南安村,595,563,-32
高雄市苓雅區尚義里,1974,1942,-32
花蓮縣瑞穗鄉瑞北村,693,661,-32
臺南市北門區雙春里,508,476,-32
臺東縣綠島鄉中寮村,1233,1201,-32
苗栗縣苑裡鎮蕉埔里,912,880,-32
嘉義縣六腳鄉古林村,728,697,-31
基隆市七堵區瑪西里,379,348,-31
屏東縣麟洛鄉麟頂村,1056,1025,-31
屏東縣高樹鄉東興村,821,790,-31
嘉義縣大林鎮西結里,793,762,-31
高雄市田寮區田寮里,405,374,-31
嘉義縣民雄鄉寮頂村,2558,2527,-31
苗栗縣苑裡鎮石鎮里,615,584,-31
屏東縣屏東市湖南里,1229,1198,-31
苗栗縣苑裡鎮福田里,1421,1390,-31
屏東縣高樹鄉東振村,651,620,-31
桃園市桃園區中平里,5547,5516,-31
嘉義縣六腳鄉魚寮村,670,639,-31
臺東縣太麻里鄉美和村,1491,1460,-31
屏東縣萬丹鄉磚寮村,1090,1059,-31
臺中市太平區中政里,4423,4392,-31
新北市金山區永興里,641,610,-31
雲林縣古坑鄉樟湖村,491,460,-31
南投縣水里鄉新興村,729,698,-31
臺東縣大武鄉南興村,624,593,-31
屏東縣東港鎮東和里,761,730,-31
臺南市新營區太南里,1929,1898,-31
苗栗縣通霄鎮城北里,753,722,-31
屏東縣竹田鄉六巷村,888,857,-31
臺南市白河區外角里,1598,1567,-31
臺南市白河區六溪里,560,529,-31
彰化縣和美鎮湖內里,1370,1339,-31
高雄市大樹區小坪里,1528,1497,-31
屏東縣屏東市崇智里,450,419,-31
新北市板橋區文化里,3481,3450,-31
雲林縣北港鎮大北里,623,592,-31
花蓮縣花蓮市主學里,2387,2356,-31
雲林縣林內鄉林中村,4298,4267,-31
彰化縣彰化市三村里,1387,1356,-31
嘉義縣大林鎮義和里,759,728,-31
高雄市左營區頂北里,592,561,-31
屏東縣萬丹鄉興全村,1323,1292,-31
彰化縣鹿港鎮長興里,358,327,-31
彰化縣彰化市中央里,845,814,-31
花蓮縣光復鄉大同村,1193,1162,-31
嘉義縣水上鄉義興村,903,872,-31
新竹縣新豐鄉坡頭村,988,957,-31
新北市瑞芳區猴硐里,509,478,-31
雲林縣斗六市重光里,2691,2660,-31
屏東縣屏東市一心里,1409,1378,-31
彰化縣芬園鄉中崙村,997,966,-31
花蓮縣富里鄉永豐村,510,479,-31
桃園市大溪區一德里,6683,6652,-31
彰化縣芬園鄉進芬村,1159,1128,-31
桃園市八德區大慶里,1689,1658,-31
嘉義縣義竹鄉平溪村,494,463,-31
彰化縣社頭鄉廣福村,1098,1067,-31
嘉義縣中埔鄉社口村,2442,2411,-31
新竹縣關西鎮南雄里,803,772,-31
嘉義縣新港鄉潭大村,1320,1289,-31
基隆市中山區仙洞里,666,635,-31
花蓮縣玉里鎮春日里,1002,971,-31
屏東縣萬丹鄉竹林村,1930,1899,-31
桃園市中壢區中壢里,869,838,-31
新竹縣竹東鎮上坪里,361,330,-31
嘉義市東區安寮里,3187,3156,-31
臺北市北投區清江里,9629,9598,-31
花蓮縣光復鄉大平村,1058,1027,-31
新北市瑞芳區鼻頭里,940,909,-31
嘉義縣布袋鎮岱江里,687,656,-31
高雄市甲仙區寶隆里,724,693,-31
新北市新店區雙坑里,852,822,-30
花蓮縣光復鄉大華村,1438,1408,-30
嘉義縣布袋鎮岑海里,2468,2438,-30
新竹市北區石坊里,604,574,-30
南投縣名間鄉新民村,1116,1086,-30
基隆市仁愛區玉田里,1293,1263,-30
南投縣名間鄉田仔村,1432,1402,-30
屏東縣崁頂鄉園寮村,2608,2578,-30
臺南市北門區永隆里,950,920,-30
桃園市大園區後厝里,3037,3007,-30
彰化縣社頭鄉新厝村,1623,1593,-30
臺北市北投區永欣里,8449,8419,-30
桃園市平鎮區湧豐里,2145,2115,-30
彰化縣埔鹽鄉埔南村,1846,1816,-30
基隆市仁愛區福仁里,800,770,-30
高雄市茄萣區嘉福里,1107,1077,-30
屏東縣東港鎮興台里,597,567,-30
新北市樹林區坡內里,1794,1764,-30
嘉義縣新港鄉中庄村,1799,1769,-30
嘉義縣新港鄉埤子村,638,608,-30
南投縣鹿谷鄉廣興村,2135,2105,-30
臺東縣卑南鄉富源村,373,343,-30
高雄市大寮區溪寮里,1768,1738,-30
新北市平溪區薯榔里,415,385,-30
苗栗縣公館鄉開礦村,322,292,-30
新北市雙溪區外柑里,441,411,-30
臺南市新營區護鎮里,1569,1539,-30
南投縣名間鄉赤水村,1299,1269,-30
高雄市鼓山區龍井里,1362,1332,-30
花蓮縣萬榮鄉西林村,1311,1281,-30
臺南市新營區土庫里,1645,1615,-30
新北市新莊區八德里,3201,3171,-30
嘉義縣水上鄉粗溪村,1791,1761,-30
苗栗縣西湖鄉高埔村,669,639,-30
嘉義縣中埔鄉塩舘村,1083,1053,-30
南投縣草屯鎮炎峰里,2496,2466,-30
彰化縣埤頭鄉元埔村,663,633,-30
臺中市大肚區成功里,1130,1100,-30
新北市樹林區太順里,2893,2863,-30
嘉義縣太保市港尾里,626,596,-30
桃園市龍潭區三水里,764,734,-30
彰化縣埤頭鄉新庄村,1177,1147,-30
高雄市田寮區七星里,649,619,-30
雲林縣西螺鎮大園里,2085,2055,-30
嘉義縣義竹鄉東榮村,416,386,-30
桃園市龍潭區中正里,7144,7114,-30
嘉義縣竹崎鄉文峯村,724,694,-30
高雄市內門區東埔里,541,511,-30
屏東縣萬丹鄉萬惠村,1009,979,-30
宜蘭縣頭城鎮下埔里,1059,1029,-30
基隆市安樂區安和里,962,932,-30
臺南市東山區林安里,408,378,-30
新北市蘆洲區得勝里,3449,3419,-30
臺中市新社區新社里,3952,3922,-30
臺南市官田區隆田里,2287,2257,-30
屏東縣萬巒鄉新置村,1340,1310,-30
嘉義縣義竹鄉北華村,664,634,-30
臺南市麻豆區東角里,3151,3121,-30
高雄市林園區西汕里,840,810,-30
雲林縣斗六市三光里,625,595,-30
嘉義縣番路鄉新福村,1490,1460,-30
宜蘭縣羅東鎮南昌里,2805,2775,-30
高雄市左營區中南里,562,532,-30
彰化縣鹿港鎮郭厝里,636,606,-30
臺東縣達仁鄉土坂村,1015,985,-30
彰化縣田尾鄉睦宜村,1264,1234,-30
臺南市安南區安和里,2479,2449,-30
新北市新莊區龍福里,2326,2296,-30
彰化縣福興鄉元中村,1462,1432,-30
屏東縣竹田鄉福田村,545,515,-30
臺中市太平區東和里,3425,3396,-29
澎湖縣湖西鄉鼎灣村,712,683,-29
屏東縣內埔鄉內田村,3575,3546,-29
高雄市苓雅區光華里,776,747,-29
屏東縣屏東市武廟里,325,296,-29
嘉義縣朴子市德家里,866,837,-29
雲林縣西螺鎮中和里,683,654,-29
屏東縣內埔鄉美和村,2442,2413,-29
高雄市苓雅區和煦里,2316,2287,-29
嘉義市西區致遠里,2145,2116,-29
高雄市左營區廍南里,654,625,-29
苗栗縣獅潭鄉和興村,627,598,-29
嘉義縣布袋鎮江山里,314,285,-29
彰化縣埔鹽鄉大有村,1416,1387,-29
花蓮縣光復鄉大全村,864,835,-29
高雄市三民區精華里,1659,1630,-29
雲林縣二崙鄉庄西村,1053,1024,-29
新北市石碇區隆盛里,767,738,-29
屏東縣瑪家鄉凉山村,1271,1242,-29
彰化縣永靖鄉敦厚村,836,807,-29
新北市永和區永成里,1002,973,-29
臺南市山上區山上里,1127,1098,-29
新北市林口區麗園里,4327,4298,-29
臺中市大甲區南陽里,961,932,-29
屏東縣枋寮鄉大庄村,706,677,-29
高雄市新興區建興里,1030,1001,-29
臺南市官田區官田里,2317,2288,-29
嘉義縣六腳鄉塗師村,703,674,-29
桃園市蘆竹區富竹里,1594,1565,-29
臺南市大內區二溪里,914,885,-29
新北市永和區大新里,2685,2656,-29
彰化縣社頭鄉張厝村,1453,1424,-29
彰化縣二水鄉聖化村,521,492,-29
高雄市三民區灣中里,5898,5869,-29
彰化縣秀水鄉曾厝村,2002,1973,-29
基隆市中山區和平里,501,472,-29
新竹縣竹東鎮竹東里,1561,1532,-29
彰化縣埔鹽鄉豐澤村,1512,1483,-29
基隆市暖暖區暖同里,2899,2870,-29
臺中市豐原區豐榮里,1288,1259,-29
苗栗縣苑裡鎮新復里,1538,1509,-29
雲林縣北港鎮共榮里,443,414,-29
彰化縣彰化市光南里,1721,1692,-29
基隆市七堵區瑪南里,478,449,-29
彰化縣埔心鄉埔心村,1483,1454,-29
新北市汐止區義民里,1409,1380,-29
新北市瑞芳區崇文里,337,308,-29
桃園市新屋區新屋里,3517,3488,-29
宜蘭縣蘇澳鎮蘇南里,491,462,-29
彰化縣埔心鄉舊舘村,1814,1786,-28
雲林縣虎尾鎮中山里,1099,1071,-28
彰化縣埔鹽鄉新水村,1775,1747,-28
宜蘭縣礁溪鄉龍潭村,3815,3787,-28
花蓮縣萬榮鄉明利村,809,781,-28
新北市三峽區鳶山里,10663,10635,-28
新北市平溪區白石里,272,244,-28
彰化縣花壇鄉岩竹村,1542,1514,-28
新北市三重區平和里,1540,1512,-28
彰化縣埔心鄉瓦北村,2022,1994,-28
臺南市西港區永樂里,1525,1497,-28
桃園市中壢區福德里,3415,3387,-28
新竹市東區仙宮里,1522,1494,-28
嘉義市東區長竹里,3455,3427,-28
新北市土城區學府里,3709,3681,-28
彰化縣芳苑鄉仁愛村,857,829,-28
嘉義縣新港鄉共和村,965,937,-28
彰化縣鹿港鎮中興里,602,574,-28
臺中市和平區達觀里,1339,1311,-28
彰化縣彰化市快官里,1284,1256,-28
南投縣集集鎮永昌里,1072,1044,-28
新北市石門區乾華里,350,322,-28
新北市三重區民生里,4447,4419,-28
南投縣集集鎮林尾里,627,599,-28
基隆市仁愛區光華里,2814,2786,-28
南投縣竹山鎮瑞竹里,630,602,-28
臺南市鹽水區三和里,992,964,-28
宜蘭縣羅東鎮新群里,3251,3223,-28
新北市五股區集福里,4056,4028,-28
屏東縣枋寮鄉枋寮村,1368,1340,-28
屏東縣萬丹鄉厦南村,1656,1628,-28
彰化縣和美鎮柑井里,4303,4275,-28
宜蘭縣宜蘭市東門里,1089,1061,-28
嘉義縣六腳鄉崩山村,690,662,-28
臺南市東山區水雲里,418,390,-28
桃園市觀音區新興里,805,777,-28
臺東縣關山鎮新福里,1043,1015,-28
屏東縣屏東市歸心里,1269,1241,-28
基隆市仁愛區書院里,1203,1175,-28
雲林縣虎尾鎮新興里,1948,1920,-28
新竹縣新埔鎮寶石里,983,955,-28
宜蘭縣三星鄉月眉村,1014,986,-28
雲林縣西螺鎮七座里,1029,1001,-28
嘉義縣番路鄉公興村,552,524,-28
新竹市東區南門里,783,755,-28
基隆市中正區海濱里,1299,1271,-28
雲林縣大埤鄉豐田村,1840,1812,-28
桃園市大園區和平里,1889,1861,-28
新竹縣峨眉鄉峨眉村,969,941,-28
新北市金山區萬壽里,529,501,-28
新北市瑞芳區弓橋里,302,274,-28
嘉義縣鹿草鄉下麻村,668,640,-28
嘉義縣竹崎鄉義仁村,1166,1138,-28
嘉義縣朴子市德興里,1209,1181,-28
基隆市中正區長潭里,509,481,-28
高雄市林園區東汕里,991,963,-28
新北市金山區西湖里,210,182,-28
雲林縣口湖鄉頂湖村,711,683,-28
屏東縣恆春鎮城西里,1363,1335,-28
新竹縣新埔鎮鹿鳴里,825,797,-28
雲林縣元長鄉卓運村,399,371,-28
新竹縣關西鎮新力里,597,569,-28
基隆市中正區港通里,1342,1314,-28
嘉義縣朴子市双溪里,695,667,-28
高雄市前鎮區鎮北里,1197,1169,-28
花蓮縣壽豐鄉壽豐村,1901,1873,-28
臺東縣臺東市中山里,996,968,-28
屏東縣來義鄉文樂村,1030,1002,-28
屏東縣瑪家鄉瑪家村,539,511,-28
屏東縣獅子鄉楓林村,870,843,-27
南投縣竹山鎮大鞍里,486,459,-27
臺南市佳里區鎮山里,6534,6507,-27
臺南市南化區中坑里,460,433,-27
臺東縣東河鄉都蘭村,2373,2346,-27
屏東縣林邊鄉田厝村,1087,1060,-27
臺東縣東河鄉興昌村,1012,985,-27
彰化縣社頭鄉埤斗村,1125,1098,-27
宜蘭縣蘇澳鎮永春里,652,625,-27
苗栗縣通霄鎮白東里,1623,1596,-27
澎湖縣馬公市光明里,1365,1338,-27
臺中市清水區鰲峰里,1256,1229,-27
澎湖縣馬公市重光里,1717,1690,-27
臺中市北區賴明里,4492,4465,-27
高雄市永安區保寧里,2955,2928,-27
宜蘭縣三星鄉集慶村,1301,1274,-27
屏東縣高樹鄉廣福村,1167,1140,-27
新北市土城區明德里,6046,6019,-27
宜蘭縣蘇澳鎮永樂里,516,489,-27
彰化縣竹塘鄉五庄村,1809,1782,-27
新竹縣新豐鄉鳳坑村,1237,1210,-27
彰化縣伸港鄉泉州村,2423,2396,-27
臺中市東勢區上城里,1116,1089,-27
雲林縣古坑鄉湳仔村,773,746,-27
屏東縣林邊鄉中林村,798,771,-27
嘉義縣竹崎鄉中和村,901,874,-27
臺中市后里區公館里,2547,2520,-27
南投縣國姓鄉大石村,786,759,-27
宜蘭縣頭城鎮大坑里,1558,1531,-27
高雄市杉林區月眉里,1766,1739,-27
雲林縣北港鎮南安里,1036,1009,-27
嘉義縣東石鄉東崙村,747,720,-27
嘉義縣義竹鄉中平村,459,432,-27
彰化縣二水鄉裕民村,1160,1133,-27
南投縣信義鄉愛國村,566,539,-27
臺南市安南區城東里,1848,1821,-27
南投縣南投市龍泉里,1084,1057,-27
高雄市鹽埕區博愛里,704,677,-27
高雄市大樹區姑山里,1095,1068,-27
高雄市新興區南港里,2142,2115,-27
臺南市七股區義合里,2084,2057,-27
新北市三峽區金圳里,563,536,-27
雲林縣斗六市林頭里,4952,4925,-27
臺南市後壁區後壁里,1852,1825,-27
雲林縣虎尾鎮建國里,634,607,-27
臺南市左鎮區澄山里,542,515,-27
臺北市松山區復源里,3416,3389,-27
桃園市觀音區觀音里,3298,3271,-27
桃園市桃園區南華里,1649,1622,-27
南投縣草屯鎮平林里,1240,1213,-27
雲林縣斗六市梅林里,2119,2092,-27
雲林縣二崙鄉義庄村,897,870,-27
臺南市南區南華里,2775,2748,-27
彰化縣鹿港鎮頭南里,2589,2562,-27
雲林縣虎尾鎮北溪里,1039,1012,-27
嘉義縣大埔鄉西興村,632,605,-27
新北市瑞芳區新山里,387,360,-27
桃園市桃園區長美里,1185,1158,-27
彰化縣埔鹽鄉三省村,1538,1511,-27
嘉義縣番路鄉觸口村,1451,1424,-27
新竹縣北埔鄉南坑村,368,341,-27
宜蘭縣冬山鄉八寶村,999,972,-27
高雄市鳳山區誠義里,4256,4229,-27
新北市平溪區南山里,375,348,-27
嘉義縣阿里山鄉豐山村,369,343,-26
新北市三芝區橫山里,540,514,-26
臺東縣臺東市復興里,470,444,-26
雲林縣臺西鄉海北村,1236,1210,-26
臺南市仁德區仁愛里,1410,1384,-26
雲林縣林內鄉林茂村,934,908,-26
新北市瑞芳區南雅里,292,266,-26
苗栗縣苑裡鎮西勢里,2327,2301,-26
花蓮縣萬榮鄉萬榮村,967,941,-26
高雄市湖內區太爺里,891,865,-26
屏東縣屏東市崇禮里,341,315,-26
新竹縣芎林鄉下山村,1259,1233,-26
新北市石碇區彭山里,348,322,-26
屏東縣竹田鄉竹南村,967,941,-26
新竹縣芎林鄉永興村,485,459,-26
彰化縣二林鎮西庄里,1451,1425,-26
新北市三峽區添福里,1201,1175,-26
南投縣埔里鎮一新里,1055,1029,-26
苗栗縣公館鄉福德村,380,354,-26
彰化縣芳苑鄉福榮村,641,615,-26
新北市三峽區成福里,1009,983,-26
高雄市鳳山區武慶里,2730,2704,-26
苗栗縣苑裡鎮舊社里,2079,2053,-26
雲林縣褒忠鄉中民村,2183,2157,-26
臺中市清水區中興里,499,473,-26
新竹縣新埔鎮五埔里,2342,2316,-26
高雄市大樹區大坑里,1690,1664,-26
桃園市新屋區石牌里,1055,1029,-26
雲林縣大埤鄉西鎮村,795,769,-26
新北市三重區福利里,2311,2285,-26
宜蘭縣礁溪鄉白鵝村,958,932,-26
新北市石碇區光明里,301,275,-26
彰化縣鹿港鎮泰興里,1502,1476,-26
苗栗縣三灣鄉大坪村,459,433,-26
雲林縣大埤鄉北鎮村,783,757,-26
高雄市鳳山區南興里,1072,1046,-26
嘉義縣番路鄉江西村,1289,1263,-26
嘉義縣梅山鄉瑞峯村,828,802,-26
彰化縣芬園鄉圳墘村,738,712,-26
高雄市前鎮區振興里,2527,2501,-26
彰化縣芬園鄉舊社村,1999,1973,-26
嘉義縣大林鎮上林里,884,858,-26
屏東縣屏東市頂宅里,589,563,-26
高雄市大社區觀音里,6250,6224,-26
高雄市阿蓮區石安里,1475,1449,-26
嘉義縣朴子市佳禾里,889,863,-26
南投縣埔里鎮麒麟里,1178,1152,-26
臺中市清水區東山里,1411,1385,-26
花蓮縣花蓮市國慶里,1278,1252,-26
金門縣烈嶼鄉上岐村,3105,3080,-25
高雄市鳥松區大竹里,782,757,-25
臺南市安南區總頭里,2097,2072,-25
嘉義縣鹿草鄉施家村,480,455,-25
南投縣集集鎮隘寮里,535,510,-25
臺南市楠西區密枝里,753,728,-25
屏東縣高樹鄉源泉村,1153,1128,-25
雲林縣莿桐鄉饒平村,1335,1310,-25
澎湖縣西嶼鄉竹灣村,924,899,-25
彰化縣員林市大峯里,836,811,-25
基隆市暖暖區碇內里,3104,3079,-25
臺南市龍崎區龍船里,454,429,-25
嘉義市西區保福里,4391,4366,-25
南投縣草屯鎮新豐里,4717,4692,-25
高雄市桃源區建山里,764,739,-25
臺北市大安區錦華里,6225,6200,-25
雲林縣林內鄉重興村,2100,2075,-25
臺南市玉井區三埔里,563,538,-25
新北市蘆洲區水湳里,10923,10898,-25
新北市新莊區祥鳳里,2601,2576,-25
嘉義縣東石鄉港口村,323,298,-25
彰化縣和美鎮竹園里,1093,1068,-25
彰化縣芳苑鄉崙腳村,868,843,-25
臺中市后里區墩南里,4069,4044,-25
嘉義縣竹崎鄉坑頭村,873,848,-25
新竹縣新豐鄉上坑村,1762,1737,-25
屏東縣潮州鎮同榮里,647,622,-25
嘉義縣義竹鄉後鎮村,474,449,-25
彰化縣田尾鄉南鎮村,738,713,-25
高雄市鼓山區內惟里,1214,1189,-25
彰化縣福興鄉三和村,1241,1216,-25
花蓮縣光復鄉大馬村,1147,1122,-25
臺中市北屯區平心里,5743,5718,-25
雲林縣口湖鄉過港村,673,648,-25
彰化縣福興鄉福南村,3045,3020,-25
花蓮縣瑞穗鄉瑞美村,2110,2085,-25
雲林縣四湖鄉飛東村,590,565,-25
新竹縣湖口鄉仁勢村,1039,1014,-25
嘉義縣梅山鄉瑞里村,700,675,-25
花蓮縣新城鄉嘉新村,1487,1462,-25
新竹縣橫山鄉南昌村,210,185,-25
新北市瑞芳區碩仁里,160,135,-25
屏東縣滿州鄉港仔村,350,325,-25
南投縣信義鄉東埔村,1257,1232,-25
雲林縣北港鎮西勢里,1123,1098,-25
桃園市桃園區大業里,6273,6248,-25
嘉義縣朴子市新庄里,805,780,-25
嘉義縣朴子市南竹里,559,534,-25
桃園市蘆竹區山鼻里,2071,2046,-25
高雄市鼓山區民族里,1421,1396,-25
新竹縣關西鎮南新里,979,954,-25
南投縣魚池鄉東池村,1777,1752,-25
高雄市杉林區大愛里,2360,2335,-25
苗栗縣後龍鎮海埔里,1028,1003,-25
嘉義縣新港鄉宮前村,2665,2641,-24
彰化縣埔鹽鄉角樹村,762,738,-24
臺中市東區東英里,8303,8279,-24
新竹縣尖石鄉錦屏村,1543,1519,-24
臺中市北屯區仁愛里,1200,1176,-24
嘉義縣水上鄉回歸村,504,480,-24
臺中市清水區高美里,1546,1522,-24
新北市平溪區平湖里,187,163,-24
花蓮縣玉里鎮樂合里,1099,1075,-24
屏東縣里港鄉潮厝村,1879,1855,-24
南投縣埔里鎮溪南里,1376,1352,-24
南投縣草屯鎮坪頂里,1155,1131,-24
彰化縣和美鎮塗厝里,2047,2023,-24
苗栗縣後龍鎮福寧里,824,800,-24
臺東縣太麻里鄉多良村,1060,1036,-24
桃園市新屋區後庄里,1241,1217,-24
嘉義縣布袋鎮好美里,1273,1249,-24
臺南市左鎮區睦光里,388,364,-24
嘉義縣阿里山鄉樂野村,1180,1156,-24
苗栗縣苗栗市大同里,582,558,-24
彰化縣北斗鎮大道里,2339,2315,-24
高雄市梓官區同安里,1158,1134,-24
雲林縣斗南鎮林子里,1519,1495,-24
花蓮縣鳳林鎮林榮里,941,917,-24
彰化縣溪湖鎮頂庄里,750,726,-24
彰化縣二水鄉大園村,917,893,-24
屏東縣麟洛鄉田道村,737,713,-24
新北市瑞芳區海濱里,1356,1332,-24
南投縣魚池鄉共和村,1113,1089,-24
新北市新莊區文衡里,2265,2241,-24
雲林縣北港鎮義民里,477,453,-24
臺南市永康區龍潭里,7415,7391,-24
臺中市和平區南勢里,2155,2131,-24
雲林縣水林鄉溪墘村,874,850,-24
彰化縣田尾鄉陸豐村,1010,986,-24
基隆市中山區新建里,868,844,-24
臺中市外埔區大同里,5672,5648,-24
屏東縣枋寮鄉玉泉村,505,481,-24
屏東縣竹田鄉南勢村,518,494,-24
臺南市玉井區沙田里,564,540,-24
南投縣名間鄉松山村,1750,1726,-24
臺中市南屯區三義里,8343,8319,-24
彰化縣彰化市竹中里,1957,1933,-24
雲林縣北港鎮府番里,907,883,-24
南投縣信義鄉潭南村,791,767,-24
彰化縣埔鹽鄉石埤村,1650,1626,-24
宜蘭縣三星鄉行健村,992,968,-24
嘉義縣梅山鄉半天村,397,373,-24
雲林縣土庫鎮南平里,2086,2062,-24
桃園市觀音區三和里,993,969,-24
新竹市北區古賢里,1017,993,-24
嘉義縣梅山鄉太興村,468,444,-24
嘉義縣東石鄉塭仔村,1010,986,-24
新北市淡水區清文里,1215,1191,-24
臺東縣池上鄉錦園村,386,363,-23
新北市瑞芳區深澳里,1450,1427,-23
屏東縣恆春鎮山腳里,5025,5002,-23
新北市中和區橫路里,349,326,-23
高雄市內門區內門里,1103,1080,-23
臺東縣臺東市強國里,718,695,-23
臺南市東山區青山里,1197,1174,-23
嘉義縣竹崎鄉桃源村,1165,1142,-23
臺中市梧棲區下寮里,2344,2321,-23
臺北市中正區建國里,1824,1801,-23
雲林縣四湖鄉新庄村,737,714,-23
高雄市阿蓮區崗山里,868,845,-23
高雄市阿蓮區峯山里,1422,1399,-23
新北市石碇區潭邊里,885,862,-23
高雄市美濃區瀰濃里,2499,2476,-23
高雄市前鎮區西甲里,2267,2244,-23
雲林縣水林鄉灣東村,670,647,-23
屏東縣長治鄉德成村,978,955,-23
高雄市鳳山區興中里,1065,1042,-23
彰化縣福興鄉社尾村,1698,1675,-23
嘉義縣中埔鄉中埔村,2105,2082,-23
高雄市路竹區竹東里,4401,4378,-23
高雄市鼓山區光化里,1371,1348,-23
彰化縣埔心鄉經口村,2696,2673,-23
基隆市安樂區定國里,1144,1121,-23
新北市蘆洲區保和里,2718,2695,-23
新北市三重區自強里,1877,1854,-23
南投縣仁愛鄉精英村,851,828,-23
桃園市新屋區蚵間里,1061,1038,-23
臺南市安南區青草里,1737,1714,-23
臺南市白河區秀祐里,1036,1013,-23
桃園市新屋區下埔里,815,792,-23
南投縣竹山鎮德興里,998,975,-23
雲林縣西螺鎮永安里,390,367,-23
嘉義縣水上鄉三和村,2034,2011,-23
臺中市西屯區逢甲里,5212,5189,-23
新竹市東區新光里,4055,4032,-23
桃園市八德區大榮里,2372,2349,-23
桃園市桃園區龍祥里,6109,6086,-23
臺南市永康區埔園里,9124,9101,-23
高雄市鼓山區登山里,656,633,-23
新北市雙溪區長源里,393,370,-23
高雄市梓官區中崙里,1373,1350,-23
屏東縣屏東市潭墘里,13753,13730,-23
嘉義市西區磚󿾨里,4261,4238,-23
花蓮縣花蓮市主工里,699,676,-23
花蓮縣玉里鎮三民里,1002,979,-23
雲林縣大埤鄉北和村,837,814,-23
花蓮縣鳳林鎮鳳智里,1321,1298,-23
苗栗縣後龍鎮龍津里,688,665,-23
嘉義縣阿里山鄉中正村,213,190,-23
基隆市中山區西華里,946,923,-23
新北市三重區三民里,3534,3511,-23
雲林縣斗南鎮大東里,997,974,-23
花蓮縣鳳林鎮長橋里,1098,1075,-23
臺南市仁德區土庫里,3221,3198,-23
高雄市內門區石坑里,559,537,-22
屏東縣新園鄉烏龍村,1385,1363,-22
苗栗縣獅潭鄉新豐村,357,335,-22
嘉義縣大埔鄉永樂村,508,486,-22
新北市雙溪區雙溪里,511,489,-22
臺東縣長濱鄉忠勇村,622,600,-22
桃園市中壢區信義里,5645,5623,-22
宜蘭縣頭城鎮城北里,585,563,-22
新北市石碇區永定里,676,654,-22
彰化縣竹塘鄉樹腳村,757,735,-22
嘉義縣大林鎮東林里,565,543,-22
南投縣信義鄉豐丘村,766,744,-22
高雄市內門區永興里,440,418,-22
宜蘭縣蘇澳鎮南強里,814,792,-22
雲林縣四湖鄉三姓村,396,374,-22
屏東縣內埔鄉水門村,927,905,-22
高雄市甲仙區西安里,985,963,-22
新北市中和區景福里,5810,5788,-22
屏東縣三地門鄉口社村,702,680,-22
宜蘭縣南澳鄉武塔村,539,517,-22
嘉義縣大埔鄉大埔村,1705,1683,-22
花蓮縣光復鄉大富村,347,325,-22
臺東縣成功鎮和平里,815,793,-22
臺中市大甲區薰風里,1029,1007,-22
臺南市左鎮區二寮里,203,181,-22
新北市新店區長春里,2601,2579,-22
嘉義縣中埔鄉裕民村,987,965,-22
新北市蘆洲區仁義里,5541,5519,-22
彰化縣二林鎮大永里,997,975,-22
南投縣中寮鄉爽文村,529,507,-22
新北市三重區正安里,2052,2030,-22
嘉義縣大林鎮排路里,657,635,-22
新北市新店區忠誠里,2516,2494,-22
彰化縣北斗鎮中和里,1546,1524,-22
花蓮縣花蓮市國強里,2089,2067,-22
彰化縣社頭鄉美雅村,1552,1530,-22
臺中市大雅區西寶里,5876,5854,-22
南投縣竹山鎮富州里,678,656,-22
彰化縣永靖鄉永西村,1851,1829,-22
臺中市清水區南寧里,2266,2244,-22
高雄市新興區愛平里,1130,1108,-22
南投縣南投市嘉興里,2451,2429,-22
彰化縣北斗鎮新政里,949,927,-22
桃園市八德區大漢里,4748,4726,-22
雲林縣斗六市中和里,905,883,-22
嘉義縣義竹鄉官順村,489,467,-22
苗栗縣苗栗市福星里,4942,4920,-22
臺東縣東河鄉尚德村,293,271,-22
臺中市豐原區豐圳里,3903,3881,-22
新北市萬里區溪底里,723,701,-22
新竹縣峨眉鄉七星村,672,650,-22
宜蘭縣大同鄉英士村,421,399,-22
臺中市清水區臨江里,1772,1750,-22
屏東縣潮州鎮潮州里,566,544,-22
彰化縣員林市中央里,2258,2236,-22
臺南市西港區檨林里,1843,1821,-22
桃園市中壢區仁德里,3692,3670,-22
屏東縣牡丹鄉牡丹村,808,786,-22
苗栗縣三義鄉龍騰村,468,446,-22
新北市平溪區東勢里,448,427,-21
臺東縣池上鄉萬安村,358,337,-21
高雄市三民區川東里,1352,1331,-21
宜蘭縣礁溪鄉德陽村,4599,4578,-21
嘉義縣番路鄉番路村,947,926,-21
臺南市官田區社子里,986,965,-21
新北市三峽區二鬮里,3766,3745,-21
苗栗縣銅鑼鄉盛隆村,470,449,-21
花蓮縣花蓮市主義里,556,535,-21
基隆市仁愛區崇文里,943,922,-21
屏東縣鹽埔鄉仕絨村,1207,1186,-21
彰化縣田尾鄉福田村,850,829,-21
嘉義縣朴子市大葛里,3832,3811,-21
新北市瑞芳區銅山里,210,189,-21
高雄市六龜區新興里,727,706,-21
雲林縣虎尾鎮延平里,1361,1340,-21
嘉義縣番路鄉草山村,407,386,-21
高雄市小港區松山里,3606,3585,-21
屏東縣崁頂鄉越溪村,1174,1153,-21
屏東縣萬丹鄉厦北村,1808,1787,-21
桃園市蘆竹區長壽里,7160,7139,-21
高雄市旗山區圓富里,2050,2029,-21
苗栗縣西湖鄉下埔村,614,593,-21
雲林縣西螺鎮埤頭里,1015,994,-21
雲林縣斗六市信義里,731,710,-21
彰化縣秀水鄉陝西村,1710,1689,-21
新竹縣橫山鄉豐田村,378,357,-21
雲林縣斗六市太平里,966,945,-21
臺南市善化區胡家里,1401,1380,-21
新北市瑞芳區頌德里,371,350,-21
宜蘭縣南澳鄉金岳村,575,554,-21
高雄市大樹區三和里,1140,1119,-21
花蓮縣瑞穗鄉奇美村,398,377,-21
新北市土城區學士里,5075,5054,-21
彰化縣竹塘鄉民靖村,871,850,-21
彰化縣竹塘鄉溪墘村,550,529,-21
桃園市中壢區仁愛里,3511,3490,-21
高雄市內門區瑞山里,361,340,-21
新竹縣北埔鄉南埔村,438,417,-21
嘉義市西區大溪里,2528,2507,-21
臺南市下營區營前里,2381,2360,-21
臺南市白河區崁頭里,412,391,-21
新北市汐止區保安里,1705,1684,-21
彰化縣鹿港鎮街尾里,2791,2770,-21
嘉義縣六腳鄉更寮村,629,608,-21
新北市三重區慈福里,2273,2252,-21
彰化縣和美鎮還社里,1003,982,-21
屏東縣屏東市慶春里,315,294,-21
澎湖縣馬公市案山里,2055,2034,-21
臺南市安南區城中里,1263,1242,-21
彰化縣彰化市忠權里,3883,3862,-21
彰化縣芳苑鄉後寮村,1158,1137,-21
花蓮縣光復鄉東富村,1128,1107,-21
新北市林口區嘉寶里,1083,1062,-21
南投縣魚池鄉日月村,986,965,-21
南投縣集集鎮和平里,1031,1011,-20
嘉義縣義竹鄉五厝村,416,396,-20
新北市三重區長福里,1615,1595,-20
苗栗縣苗栗市福安里,4075,4055,-20
彰化縣芬園鄉芬園村,1066,1046,-20
南投縣魚池鄉五城村,830,810,-20
新北市淡水區忠山里,923,903,-20
宜蘭縣大同鄉樂水村,494,474,-20
屏東縣車城鄉田中村,714,694,-20
基隆市中正區新富里,5838,5818,-20
新北市新莊區民全里,3904,3884,-20
高雄市田寮區古亭里,545,525,-20
彰化縣溪湖鎮東溪里,1601,1581,-20
新竹市東區下竹里,537,517,-20
南投縣仁愛鄉翠華村,616,596,-20
彰化縣北斗鎮五權里,790,770,-20
南投縣埔里鎮成功里,332,312,-20
臺南市左鎮區岡林里,437,417,-20
臺南市官田區南廍里,1432,1412,-20
屏東縣九如鄉九塊村,1589,1569,-20
南投縣埔里鎮水頭里,4472,4452,-20
宜蘭縣壯圍鄉美城村,2521,2501,-20
新北市三峽區秀川里,705,685,-20
嘉義縣梅山鄉太平村,543,523,-20
桃園市楊梅區裕成里,3956,3936,-20
屏東縣車城鄉新街村,476,456,-20
臺東縣池上鄉福原村,2278,2258,-20
花蓮縣鳳林鎮南平里,585,565,-20
花蓮縣吉安鄉仁安村,2625,2605,-20
高雄市田寮區崇德里,1036,1016,-20
嘉義縣朴子市開元里,431,411,-20
高雄市岡山區三和里,999,979,-20
屏東縣九如鄉大坵村,1337,1317,-20
屏東縣三地門鄉馬兒村,416,396,-20
屏東縣屏東市安鎮里,2319,2299,-20
屏東縣屏東市空翔里,1911,1891,-20
花蓮縣吉安鄉宜昌村,4662,4642,-20
基隆市暖暖區暖東里,473,453,-20
高雄市林園區中厝里,3504,3484,-20
屏東縣三地門鄉青葉村,750,730,-20
苗栗縣通霄鎮福龍里,431,411,-20
宜蘭縣頭城鎮武營里,1862,1842,-20
臺中市東勢區埤頭里,728,708,-20
嘉義縣竹崎鄉義和村,678,658,-20
南投縣信義鄉雙龍村,812,792,-20
高雄市岡山區岡山里,5172,5152,-20
臺中市大安區福住里,1205,1185,-20
臺南市麻豆區南勢里,2685,2665,-20
新北市雙溪區三貂里,351,331,-20
花蓮縣富里鄉明里村,437,417,-20
高雄市路竹區竹滬里,3889,3869,-20
臺中市神岡區北庄里,3074,3054,-20
嘉義縣梅山鄉碧湖村,310,290,-20
宜蘭縣冬山鄉群英村,5258,5238,-20
彰化縣福興鄉萬豐村,959,939,-20
新北市深坑區萬福里,2770,2750,-20
高雄市小港區鳳森里,2489,2469,-20
屏東縣萬丹鄉甘棠村,444,425,-19
雲林縣斗六市忠孝里,1723,1704,-19
高雄市阿蓮區和蓮里,2700,2681,-19
南投縣埔里鎮牛眠里,3245,3226,-19
高雄市苓雅區苓雅里,1554,1535,-19
臺中市大肚區中和里,1026,1007,-19
高雄市橋頭區芋寮里,1353,1334,-19
南投縣埔里鎮愛蘭里,1697,1678,-19
高雄市新興區明莊里,774,755,-19
高雄市前鎮區建隆里,1420,1401,-19
雲林縣斗南鎮東明里,1104,1085,-19
臺中市霧峰區峰谷里,1312,1293,-19
屏東縣瑪家鄉排灣村,545,526,-19
南投縣魚池鄉武登村,620,601,-19
南投縣鹿谷鄉竹豐村,1009,990,-19
嘉義縣朴子市崁後里,795,776,-19
新北市深坑區埔新里,6539,6520,-19
新北市中和區秀水里,3840,3821,-19
屏東縣琉球鄉上福村,1904,1885,-19
臺中市大安區福興里,1335,1316,-19
彰化縣埤頭鄉陸嘉村,922,903,-19
屏東縣三地門鄉德文村,675,656,-19
雲林縣臺西鄉泉州村,691,672,-19
苗栗縣泰安鄉象鼻村,788,769,-19
屏東縣萬巒鄉泗溝村,1209,1190,-19
嘉義縣水上鄉南和村,1502,1483,-19
嘉義縣梅山鄉過山村,590,571,-19
屏東縣高樹鄉長榮村,1401,1382,-19
彰化縣和美鎮和南里,494,475,-19
宜蘭縣大同鄉復興村,296,277,-19
臺南市北區雙安里,2661,2642,-19
高雄市左營區果貿里,2971,2952,-19
桃園市平鎮區華安里,5227,5208,-19
嘉義縣六腳鄉永賢村,516,497,-19
嘉義縣新港鄉大潭村,1845,1826,-19
臺南市將軍區西甲里,2654,2635,-19
新北市永和區光復里,1775,1756,-19
彰化縣花壇鄉灣雅村,1039,1020,-19
宜蘭縣頭城鎮更新里,1511,1492,-19
花蓮縣壽豐鄉豐坪村,1026,1007,-19
嘉義縣鹿草鄉豊稠村,806,787,-19
嘉義縣中埔鄉瑞豐村,838,819,-19
屏東縣屏東市橋北里,967,948,-19
新北市貢寮區福連里,939,921,-18
臺南市後壁區菁豐里,1339,1321,-18
南投縣名間鄉崁腳村,996,978,-18
雲林縣古坑鄉華南村,308,290,-18
屏東縣車城鄉統埔村,425,407,-18
屏東縣滿州鄉九棚村,385,367,-18
嘉義縣鹿草鄉鹿東村,630,612,-18
臺東縣關山鎮電光里,612,594,-18
桃園市大溪區一心里,5734,5716,-18
新竹市東區新莊里,6998,6980,-18
花蓮縣光復鄉大進村,484,466,-18
雲林縣大埤鄉嘉興村,2070,2052,-18
臺東縣卑南鄉富山村,547,529,-18
屏東縣車城鄉埔墘村,471,453,-18
臺南市安定區新吉里,2819,2801,-18
苗栗縣公館鄉北河村,369,351,-18
新北市新莊區泰豐里,2607,2589,-18
嘉義縣鹿草鄉後寮村,574,556,-18
花蓮縣鳳林鎮鳳禮里,657,639,-18
臺南市新市區潭頂里,2045,2027,-18
新北市三重區長江里,2113,2095,-18
彰化縣二水鄉過圳村,728,710,-18
新北市泰山區大科里,977,959,-18
臺南市東區仁和里,5170,5152,-18
花蓮縣花蓮市民政里,4236,4218,-18
嘉義縣水上鄉柳林村,2313,2295,-18
彰化縣伸港鄉海尾村,2185,2167,-18
雲林縣虎尾鎮新吉里,4890,4872,-18
桃園市蘆竹區外社里,1779,1761,-18
澎湖縣湖西鄉東石村,140,122,-18
雲林縣大埤鄉吉田村,812,794,-18
新北市萬里區崁脚里,459,441,-18
臺東縣臺東市中華里,1884,1866,-18
彰化縣鹿港鎮興化里,747,729,-18
南投縣草屯鎮御史里,7060,7042,-18
高雄市橋頭區中崎里,743,725,-18
臺南市永康區中華里,3108,3090,-18
嘉義縣梅山鄉圳南村,449,431,-18
宜蘭縣宜蘭市梅洲里,3661,3643,-18
花蓮縣卓溪鄉卓溪村,916,898,-18
高雄市內門區永吉里,458,441,-17
屏東縣竹田鄉永豐村,962,945,-17
屏東縣麟洛鄉田心村,930,913,-17
彰化縣二林鎮東勢里,1065,1048,-17
臺南市安平區王城里,3208,3191,-17
嘉義縣大林鎮大糖里,209,192,-17
宜蘭縣宜蘭市大新里,866,849,-17
嘉義縣東石鄉龍港村,939,922,-17
彰化縣伸港鄉泉厝村,1510,1493,-17
新北市三重區順德里,2307,2290,-17
新北市瑞芳區濓新里,329,312,-17
臺南市善化區頂街里,1345,1328,-17
臺中市太平區東平里,5035,5018,-17
彰化縣福興鄉外中村,1359,1342,-17
高雄市六龜區大津里,343,326,-17
高雄市苓雅區五權里,2332,2315,-17
彰化縣田尾鄉柳鳳村,1079,1062,-17
澎湖縣馬公市中央里,590,573,-17
雲林縣斗六市湖山里,1250,1233,-17
彰化縣芳苑鄉新寶村,1939,1922,-17
臺北市大同區揚雅里,4506,4489,-17
臺中市東勢區東新里,2237,2220,-17
新竹市北區光華里,4788,4771,-17
澎湖縣馬公市󼱹裡里,1349,1332,-17
屏東縣高樹鄉泰山村,2091,2074,-17
高雄市新興區仁聲里,1084,1067,-17
彰化縣彰化市新華里,2155,2138,-17
臺南市南化區北平里,608,591,-17
花蓮縣富里鄉學田村,726,709,-17
屏東縣來義鄉望嘉村,1055,1038,-17
雲林縣褒忠鄉田洋村,866,849,-17
高雄市旗山區三協里,2562,2545,-17
宜蘭縣頭城鎮金盈里,800,783,-17
新北市永和區民治里,2982,2965,-17
苗栗縣西湖鄉龍洞村,490,473,-17
新竹縣新埔鎮下寮里,2773,2756,-17
新北市淡水區忠寮里,1220,1203,-17
新北市中和區秀義里,2767,2750,-17
彰化縣溪州鄉坑厝村,813,796,-17
嘉義縣布袋鎮樹林里,576,559,-17
屏東縣車城鄉福安村,629,612,-17
新北市泰山區全興里,9946,9929,-17
屏東縣泰武鄉佳興村,491,474,-17
花蓮縣壽豐鄉豐山村,2161,2144,-17
新北市平溪區菁桐里,257,240,-17
屏東縣瑪家鄉佳義村,1090,1073,-17
嘉義縣梅山鄉龍眼村,434,417,-17
新北市瑞芳區石山里,354,337,-17
彰化縣秀水鄉下崙村,2533,2516,-17
花蓮縣富里鄉富南村,563,546,-17
南投縣埔里鎮大城里,6611,6594,-17
高雄市路竹區三爺里,989,972,-17
屏東縣屏東市必信里,649,632,-17
臺南市佳里區佳化里,2415,2398,-17
新竹市北區中央里,536,520,-16
彰化縣芳苑鄉芳中村,467,451,-16
屏東縣里港鄉中和村,1133,1117,-16
新北市三重區菜寮里,2353,2337,-16
臺東縣海端鄉利稻村,337,321,-16
澎湖縣馬公市中興里,892,876,-16
高雄市路竹區社東里,1946,1930,-16
高雄市桃源區勤和里,278,262,-16
雲林縣東勢鄉程海村,596,580,-16
高雄市內門區內南里,456,440,-16
臺中市大肚區營埔里,1743,1727,-16
花蓮縣吉安鄉稻香村,3705,3689,-16
南投縣南投市三民里,968,952,-16
臺南市六甲區菁埔里,656,640,-16
臺北市大安區臥龍里,2339,2323,-16
嘉義縣朴子市竹圍里,5209,5193,-16
新北市板橋區漢生里,4392,4376,-16
臺南市中西區大涼里,3006,2990,-16
臺南市西港區金砂里,842,826,-16
臺南市永康區蔦松里,2182,2166,-16
新竹縣橫山鄉豐鄉村,230,214,-16
南投縣中寮鄉永福村,1498,1482,-16
南投縣中寮鄉龍安村,756,740,-16
臺東縣關山鎮德高里,1892,1876,-16
彰化縣花壇鄉三春村,2264,2248,-16
臺中市清水區北寧里,808,792,-16
屏東縣佳冬鄉羌園村,1243,1227,-16
南投縣魚池鄉水社村,963,947,-16
嘉義縣中埔鄉東興村,381,365,-16
新北市新店區廣興里,1409,1393,-16
新竹市北區潛園里,839,823,-16
澎湖縣白沙鄉岐頭村,237,221,-16
苗栗縣泰安鄉士林村,708,692,-16
彰化縣芬園鄉楓坑村,684,668,-16
宜蘭縣三星鄉尚武村,856,840,-16
嘉義縣鹿草鄉西井村,1485,1469,-16
花蓮縣壽豐鄉米棧村,284,268,-16
屏東縣琉球鄉天福村,1267,1251,-16
宜蘭縣頭城鎮新建里,2396,2380,-16
花蓮縣花蓮市國福里,1687,1671,-16
雲林縣北港鎮中和里,377,361,-16
新北市板橋區忠翠里,11012,10996,-16
彰化縣員林市湖水里,1358,1342,-16
高雄市大寮區大寮里,7868,7852,-16
彰化縣埤頭鄉永豊村,1917,1901,-16
彰化縣伸港鄉汴頭村,2703,2687,-16
彰化縣鹿港鎮景福里,1294,1278,-16
新北市新莊區成德里,5306,5290,-16
彰化縣田尾鄉正義村,1024,1008,-16
屏東縣屏東市明正里,774,758,-16
臺南市佳里區六安里,4836,4820,-16
花蓮縣壽豐鄉樹湖村,387,371,-16
臺中市豐原區陽明里,3488,3472,-16
嘉義縣東石鄉西崙村,1225,1209,-16
高雄市大樹區竹寮里,3085,3069,-16
屏東縣萬丹鄉水泉村,1996,1980,-16
嘉義縣布袋鎮考試里,309,293,-16
新竹縣芎林鄉中坑村,724,709,-15
新北市三重區承德里,1867,1852,-15
彰化縣溪州鄉溪州村,1799,1784,-15
南投縣草屯鎮上林里,3610,3595,-15
臺東縣金峰鄉賓茂村,405,390,-15
彰化縣彰化市和調里,3364,3349,-15
高雄市苓雅區林安里,1912,1897,-15
新北市土城區平和里,7227,7212,-15
嘉義縣朴子市新寮里,789,774,-15
桃園市平鎮區新安里,5279,5264,-15
彰化縣彰化市富貴里,960,945,-15
臺南市白河區虎山里,489,474,-15
桃園市新屋區下田里,1986,1971,-15
彰化縣彰化市香山里,3945,3930,-15
苗栗縣公館鄉館南村,4187,4172,-15
彰化縣和美鎮鎮平里,3336,3321,-15
嘉義縣義竹鄉傳芳村,852,837,-15
新竹市香山區埔前里,3871,3856,-15
臺南市南化區關山里,1139,1124,-15
苗栗縣苑裡鎮苑北里,998,983,-15
新北市坪林區上德里,920,905,-15
基隆市七堵區瑪東里,345,330,-15
高雄市那瑪夏區南沙魯里,632,617,-15
彰化縣二水鄉修仁村,890,875,-15
彰化縣芬園鄉社口村,2854,2839,-15
臺中市神岡區庄後里,2681,2666,-15
臺南市安定區中沙里,809,794,-15
臺南市下營區後街里,1814,1799,-15
新北市瑞芳區瓜山里,186,171,-15
臺南市七股區大潭里,703,688,-15
臺中市清水區吳厝里,1767,1752,-15
彰化縣二林鎮梅芳里,1208,1193,-15
高雄市茂林區多納里,631,616,-15
桃園市觀音區金湖里,3158,3143,-15
嘉義縣番路鄉內甕村,478,463,-15
屏東縣獅子鄉丹路村,923,908,-15
屏東縣牡丹鄉高士村,678,663,-15
新北市林口區頂福里,1188,1173,-15
桃園市蘆竹區蘆興里,2036,2021,-15
屏東縣屏東市光華里,748,733,-15
彰化縣社頭鄉里仁村,1162,1147,-15
屏東縣恆春鎮龍水里,1300,1285,-15
屏東縣潮州鎮檨子里,547,532,-15
彰化縣芳苑鄉和平村,826,811,-15
高雄市茄萣區光定里,1027,1012,-15
基隆市仁愛區龍門里,846,831,-15
雲林縣斗六市四維里,707,693,-14
彰化縣二水鄉倡和村,641,627,-14
新北市板橋區九如里,2963,2949,-14
基隆市七堵區友二里,499,485,-14
嘉義縣阿里山鄉山美村,620,606,-14
花蓮縣花蓮市主睦里,717,703,-14
臺南市永康區新樹里,2505,2491,-14
高雄市大寮區忠義里,590,576,-14
屏東縣屏東市和興里,1121,1107,-14
嘉義縣水上鄉南鄉村,1047,1033,-14
屏東縣屏東市仁義里,1258,1244,-14
屏東縣屏東市永昌里,225,211,-14
新北市新店區屈尺里,2504,2490,-14
高雄市苓雅區苓洲里,1644,1630,-14
新北市林口區湖北里,1616,1602,-14
南投縣鹿谷鄉和雅村,685,671,-14
嘉義縣朴子市內厝里,1316,1302,-14
彰化縣竹塘鄉長安村,893,879,-14
宜蘭縣羅東鎮羅莊里,3624,3610,-14
彰化縣田尾鄉溪頂村,716,702,-14
苗栗縣竹南鎮中港里,1310,1296,-14
新竹縣湖口鄉信勢村,6413,6399,-14
嘉義縣朴子市大鄉里,3678,3664,-14
宜蘭縣員山鄉湖東村,1007,993,-14
臺北市文山區興豐里,5045,5031,-14
臺南市七股區十份里,1518,1504,-14
彰化縣竹塘鄉田頭村,1293,1279,-14
雲林縣虎尾鎮下溪里,1756,1742,-14
屏東縣琉球鄉漁福村,1116,1102,-14
金門縣烏坵鄉大坵村,319,305,-14
新北市三芝區八賢里,345,331,-14
花蓮縣鳳林鎮大榮里,1439,1425,-14
嘉義市東區鹿寮里,1244,1230,-14
屏東縣恆春鎮四溝里,1217,1203,-14
苗栗縣三灣鄉頂寮村,254,240,-14
南投縣水里鄉永興村,353,339,-14
新竹縣竹東鎮軟橋里,431,417,-14
臺南市麻豆區安正里,1054,1040,-14
新北市中和區安和里,3178,3164,-14
高雄市路竹區竹園里,2067,2053,-14
雲林縣臺西鄉五榔村,491,477,-14
新北市板橋區文聖里,4053,4039,-14
高雄市苓雅區田西里,1421,1408,-13
嘉義縣朴子市順安里,283,270,-13
臺東縣卑南鄉嘉豐村,548,535,-13
新北市永和區前溪里,2159,2146,-13
臺南市善化區東關里,1452,1439,-13
花蓮縣花蓮市民權里,548,535,-13
臺中市大里區內新里,10049,10036,-13
新北市烏來區孝義里,257,244,-13
臺南市新化區羊林里,1047,1034,-13
彰化縣埔鹽鄉太平村,1752,1739,-13
屏東縣霧臺鄉吉露村,211,198,-13
花蓮縣萬榮鄉紅葉村,1273,1260,-13
嘉義縣東石鄉蔦松村,930,917,-13
高雄市鹽埕區育仁里,858,845,-13
高雄市桃源區寶山里,522,509,-13
高雄市旗山區太平里,2599,2586,-13
雲林縣虎尾鎮芳草里,1022,1009,-13
新竹縣竹東鎮陸豐里,713,700,-13
屏東縣萬丹鄉新庄村,2415,2402,-13
澎湖縣西嶼鄉合界村,466,453,-13
嘉義縣番路鄉公田村,1064,1051,-13
新北市三重區大德里,879,866,-13
高雄市前鎮區瑞竹里,2020,2007,-13
臺南市後壁區長安里,1338,1325,-13
屏東縣高樹鄉田子村,1216,1203,-13
新竹縣竹東鎮柯湖里,672,659,-13
花蓮縣玉里鎮東豐里,603,590,-13
臺南市安定區港口里,3448,3435,-13
嘉義縣太保市田尾里,807,794,-13
高雄市左營區廟東里,901,888,-13
南投縣集集鎮集集里,1219,1206,-13
苗栗縣泰安鄉八卦村,394,381,-13
澎湖縣馬公市井垵里,440,427,-13
新北市瑞芳區濓洞里,509,496,-13
彰化縣和美鎮嘉犁里,2274,2261,-13
雲林縣崙背鄉南陽村,2742,2729,-13
新北市板橋區朝陽里,3488,3475,-13
嘉義縣水上鄉溪洲村,1159,1146,-13
花蓮縣新城鄉順安村,1024,1011,-13
臺南市永康區光復里,587,574,-13
臺中市龍井區福田里,1206,1193,-13
南投縣南投市彰仁里,429,416,-13
彰化縣社頭鄉協和村,2459,2446,-13
臺東縣延平鄉桃源村,1258,1245,-13
宜蘭縣頭城鎮港口里,785,772,-13
高雄市彌陀區彌仁里,619,606,-13
臺東縣池上鄉大埔村,893,880,-13
新北市汐止區宜興里,3022,3009,-13
南投縣中寮鄉廣福村,549,536,-13
臺南市左鎮區左鎮里,512,499,-13
嘉義縣阿里山鄉來吉村,362,349,-13
高雄市左營區聖西里,366,353,-13
雲林縣虎尾鎮公安里,3551,3538,-13
新北市八里區下罟里,1797,1784,-13
雲林縣莿桐鄉莿桐村,4954,4942,-12
雲林縣北港鎮東華里,512,500,-12
新北市三重區長生里,911,899,-12
嘉義縣阿里山鄉新美村,352,340,-12
臺中市沙鹿區犁分里,1415,1403,-12
屏東縣九如鄉耆老村,1413,1401,-12
屏東縣長治鄉長興村,1194,1182,-12
花蓮縣花蓮市國聯里,3103,3091,-12
屏東縣琉球鄉杉福村,974,962,-12
南投縣水里鄉南光村,1829,1817,-12
屏東縣霧臺鄉阿禮村,332,320,-12
南投縣水里鄉新山村,234,222,-12
雲林縣北港鎮新厝里,438,426,-12
嘉義縣鹿草鄉鹿草村,1437,1425,-12
彰化縣花壇鄉劉厝村,1238,1226,-12
臺南市西港區新復里,921,909,-12
新竹縣關西鎮北山里,860,848,-12
桃園市八德區高城里,3761,3749,-12
澎湖縣白沙鄉吉貝村,1618,1606,-12
屏東縣屏東市海豐里,992,980,-12
新竹市東區南市里,966,954,-12
臺中市梧棲區文化里,1382,1370,-12
嘉義縣水上鄉靖和村,440,428,-12
屏東縣恆春鎮頭溝里,545,533,-12
高雄市新興區漢民里,780,768,-12
臺中市烏日區北里里,1928,1916,-12
臺中市太平區宜欣里,7306,7294,-12
嘉義縣東石鄉海埔村,426,414,-12
金門縣金沙鎮官嶼里,2409,2397,-12
嘉義縣大埔鄉茄苳村,1032,1020,-12
彰化縣芳苑鄉民生村,736,724,-12
桃園市新屋區大坡里,1501,1489,-12
新竹市東區柴橋里,6169,6157,-12
臺東縣海端鄉霧鹿村,325,313,-12
苗栗縣卓蘭鎮西坪里,854,842,-12
嘉義縣阿里山鄉達邦村,990,978,-12
新北市深坑區昇高里,2188,2176,-12
屏東縣春日鄉七佳村,1143,1131,-12
臺南市東山區東山里,1579,1567,-12
新北市坪林區大林里,1294,1282,-12
臺南市安平區漁光里,461,449,-12
嘉義市西區下埤里,1818,1806,-12
南投縣竹山鎮延和里,5918,5906,-12
屏東縣泰武鄉泰武村,939,927,-12
高雄市茄萣區嘉樂里,2361,2349,-12
彰化縣竹塘鄉永安村,609,597,-12
新北市鶯歌區建德里,624,612,-12
臺東縣金峰鄉正興村,727,715,-12
彰化縣田中鎮沙崙里,2156,2144,-12
屏東縣車城鄉海口村,816,804,-12
嘉義市東區芳安里,2522,2510,-12
嘉義縣阿里山鄉香林村,161,149,-12
屏東縣霧臺鄉好茶村,536,525,-11
彰化縣和美鎮糖友里,5137,5126,-11
基隆市七堵區長興里,4333,4322,-11
南投縣仁愛鄉榮興村,59,48,-11
臺南市山上區豐德里,444,433,-11
高雄市燕巢區角宿里,3042,3031,-11
高雄市左營區聖南里,593,582,-11
宜蘭縣三星鄉員山村,216,205,-11
臺南市中西區開山里,3247,3236,-11
宜蘭縣頭城鎮城東里,814,803,-11
南投縣水里鄉興隆村,298,287,-11
新北市板橋區長壽里,2977,2966,-11
澎湖縣七美鄉平和村,413,402,-11
嘉義縣民雄鄉西昌村,978,967,-11
高雄市田寮區鹿埔里,399,388,-11
嘉義縣東石鄉猿樹村,1048,1037,-11
彰化縣二林鎮興華里,1333,1322,-11
臺南市柳營區大農里,727,716,-11
嘉義縣六腳鄉六腳村,814,803,-11
高雄市桃源區梅山里,310,299,-11
南投縣水里鄉車埕村,491,480,-11
彰化縣田中鎮梅州里,1506,1495,-11
宜蘭縣壯圍鄉古亭村,1791,1780,-11
嘉義縣中埔鄉中崙村,331,320,-11
屏東縣屏東市端正里,261,250,-11
屏東縣屏東市勝豐里,454,443,-11
臺東縣臺東市建興里,1036,1025,-11
新竹市北區北門里,1182,1171,-11
臺中市和平區中坑里,512,501,-11
高雄市美濃區中圳里,2350,2339,-11
高雄市美濃區泰安里,1770,1759,-11
臺中市新社區中興里,643,632,-11
雲林縣林內鄉湖本村,708,697,-11
澎湖縣馬公市長安里,627,616,-11
新竹縣關西鎮東興里,562,551,-11
桃園市新屋區埔頂里,3011,3000,-11
彰化縣田尾鄉新厝村,296,285,-11
雲林縣西螺鎮詔安里,1126,1115,-11
彰化縣埤頭鄉興農村,2086,2075,-11
臺南市新市區新市里,3469,3458,-11
新北市汐止區東山里,634,623,-11
臺南市永康區塩行里,5761,5750,-11
屏東縣牡丹鄉四林村,629,618,-11
雲林縣斗六市仁愛里,1339,1328,-11
彰化縣彰化市卦山里,2901,2890,-11
桃園市大溪區仁美里,4023,4012,-11
苗栗縣卓蘭鎮坪林里,1957,1946,-11
臺南市永康區北灣里,5032,5021,-11
臺中市東勢區廣興里,1703,1693,-10
新北市土城區中正里,3395,3385,-10
南投縣南投市漳和里,8237,8227,-10
桃園市蘆竹區五福里,3039,3029,-10
連江縣東引鄉中柳村,650,640,-10
高雄市大樹區大樹里,2880,2870,-10
花蓮縣吉安鄉干城村,1423,1413,-10
新竹縣竹東鎮員山里,2154,2144,-10
屏東縣屏東市義勇里,1289,1279,-10
高雄市彌陀區彌壽里,839,829,-10
花蓮縣鳳林鎮鳳義里,700,690,-10
屏東縣長治鄉德和村,840,830,-10
新北市三重區開元里,1557,1547,-10
屏東縣里港鄉鐵店村,1690,1680,-10
屏東縣萬丹鄉興安村,950,940,-10
雲林縣四湖鄉崙南村,844,834,-10
澎湖縣湖西鄉中西村,248,238,-10
嘉義縣六腳鄉工廠村,223,213,-10
新北市三芝區圓山里,595,585,-10
苗栗縣苑裡鎮田心里,2172,2162,-10
花蓮縣富里鄉新興村,641,631,-10
南投縣中寮鄉復興村,317,307,-10
新北市板橋區聯翠里,3792,3782,-10
新竹縣尖石鄉嘉樂村,972,962,-10
高雄市岡山區壽峰里,2706,2696,-10
臺中市清水區西社里,2765,2755,-10
新北市新店區塗潭里,1063,1053,-10
高雄市那瑪夏區瑪雅里,807,797,-10
臺南市永康區復國里,9782,9772,-10
桃園市桃園區同德里,7930,7920,-10
宜蘭縣冬山鄉廣興村,2776,2766,-10
苗栗縣苗栗市青苗里,1179,1169,-10
雲林縣口湖鄉埔南村,800,790,-10
嘉義縣新港鄉海瀛村,547,537,-10
苗栗縣公館鄉南河村,235,225,-10
屏東縣車城鄉射寮村,583,574,-9
新北市三重區二重里,1664,1655,-9
高雄市林園區林家里,1447,1438,-9
宜蘭縣冬山鄉順安村,5620,5611,-9
苗栗縣苑裡鎮水坡里,719,710,-9
嘉義縣布袋鎮新民里,1445,1436,-9
澎湖縣湖西鄉潭邊村,334,325,-9
屏東縣屏東市永順里,372,363,-9
苗栗縣獅潭鄉百壽村,359,350,-9
臺南市麻豆區海埔里,2351,2342,-9
彰化縣芳苑鄉五俊村,529,520,-9
基隆市七堵區永安里,2539,2530,-9
屏東縣屏東市大湖里,2012,2003,-9
宜蘭縣大同鄉太平村,56,47,-9
桃園市楊梅區高山里,4623,4614,-9
臺東縣鹿野鄉永安村,1630,1621,-9
新北市蘆洲區光華里,5512,5503,-9
屏東縣來義鄉丹林村,856,847,-9
臺南市中西區西賢里,5734,5725,-9
南投縣南投市南投里,673,664,-9
金門縣金沙鎮何斗里,2235,2226,-9
澎湖縣西嶼鄉二崁村,156,147,-9
基隆市安樂區興寮里,5476,5467,-9
南投縣南投市三興里,6500,6491,-9
新北市板橋區雙玉里,4418,4409,-9
雲林縣北港鎮後溝里,1115,1106,-9
彰化縣埤頭鄉庄內村,1233,1224,-9
臺南市柳營區中埕里,1267,1258,-9
宜蘭縣三星鄉尾塹村,1597,1588,-9
臺中市東區旱溪里,2851,2842,-9
臺東縣卑南鄉賓朗村,2517,2508,-9
新北市蘆洲區延平里,4323,4314,-9
雲林縣四湖鄉溪尾村,802,793,-9
新北市瑞芳區福住里,183,174,-9
臺南市永康區南灣里,4479,4470,-9
臺北市北投區大屯里,1259,1250,-9
臺東縣池上鄉大坡村,359,350,-9
屏東縣屏東市大埔里,805,796,-9
嘉義縣民雄鄉平和村,931,923,-8
臺南市官田區大崎里,431,423,-8
苗栗縣竹南鎮崎頂里,4328,4320,-8
彰化縣埔鹽鄉崑崙村,1263,1255,-8
新北市中和區連和里,2438,2430,-8
高雄市燕巢區金山里,530,522,-8
新竹縣北埔鄉外坪村,309,301,-8
嘉義縣中埔鄉三層村,705,697,-8
南投縣南投市東山里,452,444,-8
高雄市彌陀區過港里,1074,1066,-8
嘉義縣水上鄉中庄村,1993,1985,-8
新北市五股區德音里,5526,5518,-8
新北市板橋區仁翠里,2914,2906,-8
高雄市永安區永安里,1786,1778,-8
嘉義縣阿里山鄉中山村,410,402,-8
屏東縣獅子鄉內文村,263,255,-8
彰化縣二林鎮復豐里,794,786,-8
宜蘭縣冬山鄉太和村,1716,1708,-8
臺東縣臺東市豐樂里,1785,1777,-8
新北市新莊區昌信里,4009,4001,-8
臺中市石岡區九房里,1404,1396,-8
臺中市北區賴福里,4716,4708,-8
高雄市岡山區劉厝里,1620,1612,-8
臺中市外埔區馬鳴里,1628,1620,-8
苗栗縣頭屋鄉飛鳳村,412,404,-8
臺中市石岡區和盛里,1374,1366,-8
宜蘭縣大同鄉茂安村,253,245,-8
彰化縣彰化市新興里,6653,6645,-8
高雄市梓官區典寶里,3307,3299,-8
基隆市仁愛區新店里,649,641,-8
屏東縣霧臺鄉佳暮村,420,412,-8
嘉義縣大林鎮內林里,727,719,-8
屏東縣霧臺鄉大武村,522,514,-8
宜蘭縣頭城鎮大里里,765,758,-7
雲林縣古坑鄉古坑村,2560,2553,-7
屏東縣里港鄉永春村,983,976,-7
雲林縣虎尾鎮東屯里,1438,1431,-7
新北市淡水區新民里,4926,4919,-7
桃園市中壢區健行里,5892,5885,-7
屏東縣長治鄉繁榮村,1613,1606,-7
苗栗縣後龍鎮龍坑里,1418,1411,-7
花蓮縣鳳林鎮森榮里,96,89,-7
高雄市仁武區考潭里,2944,2937,-7
澎湖縣西嶼鄉小門村,323,316,-7
嘉義縣中埔鄉義仁村,1704,1697,-7
彰化縣伸港鄉蚵寮村,1328,1321,-7
彰化縣永靖鄉福興村,1227,1220,-7
澎湖縣白沙鄉城前村,123,116,-7
屏東縣竹田鄉履豐村,654,647,-7
桃園市龜山區大坑里,2308,2301,-7
澎湖縣望安鄉將軍村,1617,1610,-7
高雄市岡山區和平里,355,348,-7
新北市三重區慈化里,2615,2608,-7
花蓮縣富里鄉羅山村,499,492,-7
新北市三重區德厚里,379,372,-7
新北市石碇區豐林里,342,335,-7
新北市瑞芳區新峰里,3655,3648,-7
澎湖縣西嶼鄉池西村,233,226,-7
花蓮縣富里鄉吳江村,524,517,-7
嘉義縣竹崎鄉緞繻村,1010,1003,-7
宜蘭縣宜蘭市七張里,1768,1761,-7
嘉義縣竹崎鄉義隆村,709,702,-7
新北市萬里區中幅里,1284,1277,-7
屏東縣恆春鎮德和里,1122,1115,-7
金門縣烏坵鄉小坵村,364,357,-7
嘉義縣阿里山鄉里佳村,288,281,-7
臺中市東勢區上新里,1129,1122,-7
新北市萬里區磺潭里,656,649,-7
新北市汐止區大同里,2921,2915,-6
澎湖縣白沙鄉大倉村,287,281,-6
基隆市中正區中砂里,1722,1716,-6
澎湖縣白沙鄉鎮海村,169,163,-6
雲林縣元長鄉潭東村,645,639,-6
高雄市前鎮區平昌里,714,708,-6
臺中市烏日區五光里,1930,1924,-6
臺中市北屯區民德里,1057,1051,-6
南投縣埔里鎮籃城里,1046,1040,-6
屏東縣屏東市民權里,641,635,-6
臺東縣蘭嶼鄉朗島村,948,942,-6
新北市深坑區賴仲里,2372,2366,-6
高雄市彌陀區南寮里,2407,2401,-6
新北市樹林區圳安里,3831,3825,-6
臺南市關廟區五甲里,3654,3648,-6
高雄市旗山區中寮里,183,177,-6
桃園市八德區大明里,4366,4360,-6
屏東縣潮州鎮新榮里,1386,1380,-6
高雄市田寮區西德里,855,849,-6
花蓮縣瑞穗鄉鶴岡村,982,976,-6
屏東縣新園鄉田洋村,2482,2476,-6
宜蘭縣冬山鄉冬山村,797,791,-6
屏東縣萬丹鄉水仙村,648,643,-5
連江縣南竿鄉四維村,168,163,-5
宜蘭縣三星鄉萬富村,799,794,-5
宜蘭縣頭城鎮大溪里,995,990,-5
宜蘭縣大同鄉崙埤村,792,787,-5
臺東縣臺東市成功里,896,891,-5
屏東縣春日鄉士文村,395,390,-5
南投縣水里鄉玉峰村,905,900,-5
連江縣南竿鄉介壽村,2369,2364,-5
新北市金山區豐漁里,566,561,-5
苗栗縣頭份市仁愛里,1862,1857,-5
屏東縣萬丹鄉社皮村,2274,2269,-5
新北市深坑區阿柔里,632,627,-5
嘉義縣民雄鄉東興村,584,579,-5
新北市瑞芳區龍潭里,820,815,-5
新竹縣芎林鄉水坑村,904,899,-5
臺南市龍崎區中坑里,147,142,-5
金門縣金湖鎮山外里,3806,3801,-5
高雄市桃源區復興里,342,337,-5
彰化縣員林市振興里,3154,3149,-5
臺南市東山區南溪里,463,458,-5
桃園市新屋區後湖里,1830,1825,-5
臺北市中山區大佳里,1109,1104,-5
臺東縣達仁鄉新化村,380,375,-5
新北市蘆洲區水河里,9874,9869,-5
臺南市後壁區嘉苳里,1467,1462,-5
桃園市大溪區光明里,2847,2842,-5
彰化縣田尾鄉田尾村,1507,1502,-5
桃園市大溪區美華里,3506,3501,-5
高雄市大寮區上寮里,2832,2827,-5
新北市平溪區望古里,155,150,-5
屏東縣長治鄉潭頭村,2260,2255,-5
新北市平溪區新寮里,168,163,-5
新北市淡水區中和里,625,620,-5
臺東縣池上鄉富興村,443,438,-5
臺東縣池上鄉振興村,483,478,-5
桃園市龜山區南上里,2241,2236,-5
新北市三重區大同里,2036,2031,-5
屏東縣萬丹鄉萬後村,879,875,-4
彰化縣彰化市龍山里,2288,2284,-4
屏東縣三地門鄉賽嘉村,892,888,-4
新竹縣新豐鄉福興村,1208,1204,-4
屏東縣萬丹鄉四維村,2421,2417,-4
澎湖縣白沙鄉港子村,322,318,-4
彰化縣永靖鄉同仁村,962,958,-4
臺南市龍崎區楠坑里,402,398,-4
雲林縣斗南鎮埤麻里,882,878,-4
桃園市蘆竹區福祿里,4153,4149,-4
新竹市東區寺前里,823,819,-4
臺南市新化區全興里,3262,3258,-4
新北市汐止區信望里,349,345,-4
基隆市中山區安平里,828,824,-4
臺南市仁德區大甲里,2453,2449,-4
花蓮縣壽豐鄉鹽寮村,546,542,-4
高雄市內門區木柵里,639,635,-4
臺東縣臺東市新園里,1845,1841,-4
高雄市永安區鹽田里,433,429,-4
新北市板橋區公舘里,3991,3987,-4
臺中市北屯區同榮里,6250,6246,-4
澎湖縣白沙鄉中屯村,616,612,-4
澎湖縣湖西鄉青螺村,269,265,-4
臺東縣臺東市自強里,5310,5307,-3
臺中市西區三民里,3148,3145,-3
嘉義縣民雄鄉豊收村,2478,2475,-3
彰化縣田中鎮東源里,873,870,-3
高雄市路竹區甲北里,2469,2466,-3
新北市樹林區圳民里,2954,2951,-3
彰化縣永靖鄉東寧村,2250,2247,-3
臺南市七股區永吉里,1116,1113,-3
連江縣南竿鄉津沙村,435,432,-3
彰化縣埤頭鄉中和村,1722,1719,-3
南投縣草屯鎮玉峰里,2508,2505,-3
連江縣北竿鄉白沙村,150,147,-3
宜蘭縣三星鄉人和村,495,492,-3
苗栗縣竹南鎮營盤里,4324,4321,-3
屏東縣崁頂鄉洲子村,1269,1266,-3
屏東縣萬巒鄉新厝村,1477,1474,-3
雲林縣四湖鄉四湖村,1980,1977,-3
新北市土城區長風里,2115,2112,-3
彰化縣溪州鄉舊眉村,1651,1648,-3
彰化縣溪州鄉榮光村,964,961,-3
宜蘭縣冬山鄉三奇村,1025,1023,-2
基隆市七堵區六堵里,2565,2563,-2
基隆市暖暖區八南里,822,820,-2
臺東縣太麻里鄉北里村,629,627,-2
宜蘭縣南澳鄉東岳村,569,567,-2
高雄市楠梓區久昌里,3255,3253,-2
宜蘭縣冬山鄉香和村,3923,3921,-2
新竹縣竹東鎮員崠里,2586,2584,-2
南投縣南投市千秋里,1157,1155,-2
高雄市田寮區大同里,393,391,-2
新北市八里區訊塘里,4977,4975,-2
彰化縣埔鹽鄉永平村,1251,1249,-2
彰化縣田尾鄉北鎮村,1385,1383,-2
新北市中和區嘉穗里,2929,2927,-2
桃園市龍潭區富林里,4067,4065,-2
彰化縣社頭鄉舊社村,1897,1895,-2
臺中市東勢區福隆里,4320,4318,-2
宜蘭縣三星鄉大洲村,1762,1760,-2
臺中市西屯區至善里,5333,5331,-2
嘉義縣阿里山鄉十字村,345,343,-2
臺東縣延平鄉紅葉村,517,515,-2
澎湖縣馬公市復興里,524,522,-2
新竹市北區仁德里,821,819,-2
基隆市仁愛區和明里,2403,2401,-2
彰化縣社頭鄉朝興村,1257,1255,-2
新北市永和區河濱里,3283,3281,-2
臺中市和平區天輪里,478,476,-2
嘉義縣民雄鄉文隆村,2807,2805,-2
臺中市和平區自由里,1251,1249,-2
臺南市安定區海寮里,2918,2916,-2
新北市淡水區北新里,2951,2949,-2
宜蘭縣羅東鎮仁愛里,4524,4522,-2
花蓮縣卓溪鄉卓清村,1280,1279,-1
新竹縣尖石鄉梅花村,781,780,-1
臺中市大雅區員林里,11703,11702,-1
新北市泰山區山腳里,7149,7148,-1
高雄市路竹區後鄉里,1311,1310,-1
宜蘭縣宜蘭市小東里,1839,1838,-1
新北市中和區瑞穗里,2491,2490,-1
彰化縣線西鄉德興村,1568,1567,-1
彰化縣花壇鄉白沙村,5286,5285,-1
彰化縣線西鄉寓埔村,2779,2778,-1
臺東縣海端鄉加拿村,620,619,-1
南投縣南投市崇文里,1139,1138,-1
桃園市中壢區正義里,5299,5298,-1
澎湖縣望安鄉花嶼村,368,367,-1
嘉義縣民雄鄉三興村,1579,1578,-1
臺中市西區公民里,5536,5535,-1
新北市泰山區同榮里,4315,4314,-1
嘉義縣水上鄉內溪村,1282,1281,-1
彰化縣二林鎮廣興里,1545,1544,-1
苗栗縣竹南鎮中英里,1736,1735,-1
高雄市橋頭區三德里,913,912,-1
新北市坪林區石𥕢里,451,450,-1
桃園市觀音區武威里,1068,1067,-1
新北市淡水區竹圍里,6312,6311,-1
宜蘭縣冬山鄉廣安村,1871,1870,-1
桃園市龜山區嶺頂里,4701,4700,-1
臺東縣達仁鄉台坂村,701,700,-1
新北市三重區同安里,1480,1479,-1
高雄市岡山區後紅里,4864,4863,-1
屏東縣三地門鄉安坡村,590,589,-1
桃園市楊梅區高上里,3264,3263,-1
高雄市鳳山區文衡里,4681,4680,-1
宜蘭縣大同鄉松羅村,858,857,-1
新北市烏來區信賢里,592,591,-1
新北市新店區中山里,4767,4766,-1
屏東縣來義鄉南和村,1425,1425,0
臺東縣卑南鄉利吉村,487,487,0
臺南市安定區中榮里,2123,2123,0
屏東縣高樹鄉大埔村,643,643,0
高雄市燕巢區鳳雄里,2730,2730,0
雲林縣臺西鄉海南村,1231,1231,0
新北市新店區龜山里,1746,1746,0
新北市汐止區長安里,1676,1676,0
桃園市觀音區大堀里,1760,1760,0
苗栗縣苑裡鎮泰田里,1870,1870,0
臺東縣臺東市知本里,1549,1549,0
南投縣仁愛鄉合作村,792,0,0
花蓮縣花蓮市民心里,1031,1031,0
澎湖縣湖西鄉太武村,98,98,0
澎湖縣湖西鄉沙港村,882,882,0
新北市瑞芳區龍安里,676,676,0
桃園市桃園區中聖里,6731,6731,0
宜蘭縣壯圍鄉東港村,1084,1084,0
新北市三峽區三峽里,321,321,0
雲林縣斗南鎮新南里,779,779,0
臺中市北屯區平興里,7974,7974,0
新北市三重區同慶里,1813,1813,0
桃園市八德區大忠里,2374,2374,0
臺南市安南區顯宮里,1686,0,0
臺中市南區永興里,9567,9567,0
高雄市桃源區桃源里,989,989,0
宜蘭縣南澳鄉金洋村,620,620,0
澎湖縣西嶼鄉大池村,737,737,0
臺南市安南區四草里,2204,2204,0
彰化縣溪湖鎮北勢里,1687,1687,0
高雄市岡山區為隨里,777,777,0
彰化縣北斗鎮新生里,2354,2354,0
臺南市安南區淵中里,4059,4059,0
新北市石碇區豐田里,427,427,0
基隆市信義區義和里,1662,1662,0
桃園市蘆竹區興榮里,3553,3553,0
屏東縣崁頂鄉崁頂村,3005,3006,1
澎湖縣湖西鄉北寮村,380,381,1
新北市林口區下福里,1447,1448,1
宜蘭縣頭城鎮城南里,745,746,1
南投縣竹山鎮坪頂里,491,492,1
新竹市東區中正里,729,730,1
花蓮縣花蓮市民樂里,701,702,1
新北市坪林區水德里,692,693,1
新北市八里區長坑里,1784,1785,1
彰化縣社頭鄉泰安村,1126,1127,1
臺中市太平區興隆里,3830,3831,1
澎湖縣西嶼鄉池東村,708,709,1
屏東縣潮州鎮光春里,1633,1634,1
高雄市桃源區拉芙蘭里,288,289,1
桃園市中壢區幸福里,7116,7117,1
臺南市七股區溪南里,385,386,1
高雄市苓雅區中正里,3684,3685,1
基隆市中正區砂灣里,2225,2226,1
屏東縣里港鄉瀰力村,565,566,1
臺南市永康區永明里,5468,5469,1
嘉義市東區圳頭里,4968,4969,1
彰化縣彰化市介壽里,2994,2995,1
彰化縣彰化市茄苳里,1119,1120,1
高雄市鳳山區五福里,3661,3662,1
高雄市內門區內興里,666,667,1
屏東縣來義鄉來義村,1099,1100,1
臺南市安定區嘉同里,2685,2686,1
金門縣金沙鎮大洋里,1266,1267,1
苗栗縣頭份市和平里,1228,1229,1
基隆市信義區義民里,792,793,1
澎湖縣西嶼鄉外垵村,2393,2394,1
屏東縣來義鄉古樓村,1292,1293,1
基隆市暖暖區八堵里,702,703,1
新竹縣新豐鄉埔和村,3186,3188,2
連江縣莒光鄉田沃村,217,219,2
花蓮縣秀林鄉富世村,2256,2258,2
新北市樹林區光興里,4189,4191,2
屏東縣來義鄉義林村,683,685,2
澎湖縣西嶼鄉橫礁村,340,342,2
彰化縣溪湖鎮西溪里,2184,2186,2
高雄市阿蓮區玉庫里,1170,1172,2
新竹縣湖口鄉鳳山村,3729,3731,2
新北市板橋區民生里,2328,2330,2
新北市中和區錦昌里,2325,2327,2
桃園市八德區大同里,1810,1812,2
臺中市南區新榮里,5465,5467,2
屏東縣春日鄉歸崇村,784,786,2
新北市平溪區平溪里,266,268,2
屏東縣泰武鄉萬安村,1002,1004,2
宜蘭縣頭城鎮合興里,376,378,2
臺東縣延平鄉武陵村,731,734,3
彰化縣北斗鎮東光里,2734,2737,3
臺南市山上區玉峯里,589,592,3
花蓮縣卓溪鄉崙山村,677,680,3
臺東縣金峰鄉歷坵村,392,395,3
彰化縣鹿港鎮草中里,3779,3782,3
高雄市鳳山區誠智里,3083,3086,3
桃園市復興區三光里,866,869,3
新北市中和區國華里,3475,3478,3
澎湖縣湖西鄉白坑村,321,324,3
新北市蘆洲區信義里,4210,4213,3
高雄市鳳山區誠德里,2994,2997,3
嘉義縣水上鄉寬士村,4688,4691,3
屏東縣潮州鎮新生里,1099,1102,3
高雄市大社區保社里,3588,3591,3
新北市板橋區幸福里,4055,4058,3
彰化縣二林鎮萬興里,895,898,3
嘉義縣太保市後潭里,1966,1969,3
高雄市鹽埕區光明里,1520,1523,3
南投縣仁愛鄉都達村,811,814,3
屏東縣春日鄉力里村,592,595,3
新北市新店區寶福里,7428,7431,3
臺東縣延平鄉永康村,386,389,3
宜蘭縣蘇澳鎮長安里,611,614,3
屏東縣牡丹鄉東源村,492,495,3
新竹市香山區南隘里,950,954,4
嘉義市西區北湖里,3540,3544,4
澎湖縣望安鄉西坪村,253,257,4
臺東縣臺東市豐里里,2727,2731,4
花蓮縣鳳林鎮北林里,615,619,4
嘉義縣竹崎鄉仁壽村,256,260,4
嘉義縣大林鎮中坑里,1444,1448,4
屏東縣屏東市建國里,1046,1050,4
基隆市信義區孝岡里,1534,1538,4
澎湖縣白沙鄉小赤村,188,192,4
屏東縣獅子鄉獅子村,593,597,4
屏東縣內埔鄉竹圍村,2055,2059,4
屏東縣潮州鎮興美里,1014,1018,4
花蓮縣卓溪鄉太平村,874,878,4
澎湖縣西嶼鄉赤馬村,643,647,4
新北市板橋區留侯里,1661,1665,4
新北市板橋區滿翠里,3039,3043,4
宜蘭縣礁溪鄉吳沙村,2908,2912,4
南投縣中寮鄉龍岩村,730,734,4
臺中市后里區厚里里,2551,2555,4
新北市坪林區粗窟里,926,930,4
雲林縣虎尾鎮安溪里,2019,2023,4
臺南市東區復興里,4085,4089,4
新北市汐止區福德里,3291,3295,4
新北市汐止區樟樹里,2209,2213,4
宜蘭縣礁溪鄉二結村,473,477,4
宜蘭縣壯圍鄉功勞村,1403,1407,4
新北市鶯歌區東湖里,274,278,4
臺中市西屯區福瑞里,3866,3870,4
彰化縣彰化市竹巷里,958,962,4
新北市板橋區光榮里,2635,2640,5
臺南市關廟區新埔里,1195,1200,5
桃園市蘆竹區南崁里,4325,4330,5
嘉義縣大林鎮西林里,2082,2087,5
臺南市麻豆區晋江里,2957,2962,5
澎湖縣望安鄉東安村,816,821,5
新北市蘆洲區南港里,6289,6294,5
基隆市中正區建國里,2213,2218,5
新北市三重區富福里,2159,2164,5
屏東縣萬丹鄉田厝村,1152,1157,5
高雄市小港區鳳宮里,3091,3096,5
基隆市仁愛區忠勇里,1170,1175,5
高雄市岡山區潭底里,868,873,5
高雄市湖內區逸賢里,1290,1295,5
宜蘭縣南澳鄉澳花村,968,973,5
彰化縣北斗鎮大新里,2022,2027,5
桃園市龜山區兔坑里,5281,5286,5
新北市烏來區忠治里,1871,1876,5
臺東縣臺東市建農里,2287,2292,5
臺中市東區樂成里,2593,2598,5
臺中市南屯區溝墘里,6665,6670,5
臺東縣臺東市康樂里,1569,1574,5
臺中市北區建成里,6409,6414,5
臺南市仁德區新田里,3889,3895,6
宜蘭縣礁溪鄉三民村,2755,2761,6
新北市板橋區福祿里,4123,4129,6
桃園市蘆竹區福興里,4587,4593,6
彰化縣伸港鄉全興村,2085,2091,6
宜蘭縣頭城鎮金面里,1964,1970,6
新竹市東區千甲里,2541,2547,6
彰化縣溪湖鎮湖西里,2715,2721,6
嘉義縣朴子市博厚里,1063,1069,6
屏東縣萬丹鄉萬生村,1603,1609,6
澎湖縣西嶼鄉內垵村,1435,1441,6
臺中市沙鹿區清泉里,2777,2783,6
彰化縣和美鎮嘉寶里,2397,2403,6
新竹市香山區海山里,2780,2786,6
澎湖縣望安鄉西安村,502,508,6
新北市萬里區雙興里,1059,1065,6
臺東縣太麻里鄉香蘭村,901,907,6
屏東縣萬巒鄉赤山村,1902,1908,6
南投縣仁愛鄉新生村,473,480,7
高雄市湖內區大湖里,4259,4266,7
高雄市甲仙區和安里,724,731,7
屏東縣三地門鄉青山村,849,856,7
高雄市岡山區福興里,1191,1198,7
南投縣信義鄉地利村,1147,1154,7
彰化縣埔心鄉瓦中村,2215,2222,7
彰化縣永靖鄉永北村,2567,2574,7
金門縣烈嶼鄉黃埔村,1785,1792,7
澎湖縣白沙鄉瓦硐村,313,320,7
臺東縣臺東市富豐里,977,984,7
臺中市烏日區南里里,1557,1564,7
臺南市新市區三舍里,2180,2187,7
宜蘭縣宜蘭市西門里,2022,2029,7
彰化縣秀水鄉莊雅村,3242,3249,7
苗栗縣頭份市信義里,1092,1099,7
桃園市八德區大福里,6432,6439,7
臺東縣卑南鄉利嘉村,1281,1288,7
新北市新店區廣明里,853,860,7
新北市淡水區油車里,5621,5628,7
彰化縣秀水鄉福安村,5771,5778,7
宜蘭縣頭城鎮龜山里,801,808,7
雲林縣斗六市保庄里,6444,6451,7
南投縣南投市營北里,7230,7237,7
彰化縣竹塘鄉竹塘村,2399,2407,8
新北市中和區枋寮里,3811,3819,8
新北市中和區灰󿾨里,818,826,8
新北市中和區宜安里,1901,1909,8
屏東縣屏東市文明里,278,286,8
宜蘭縣三星鄉貴林村,568,576,8
高雄市岡山區灣裡里,2214,2222,8
新北市淡水區鄧公里,6378,6386,8
新北市蘆洲區仁德里,5722,5730,8
高雄市大寮區新厝里,1891,1899,8
新北市三重區光輝里,1551,1559,8
基隆市中山區德安里,4340,4348,8
嘉義市西區頭港里,2178,2186,8
彰化縣花壇鄉崙雅村,1664,1672,8
臺東縣金峰鄉新興村,643,651,8
臺東縣蘭嶼鄉椰油村,1198,1206,8
嘉義市東區文雅里,4548,4556,8
桃園市八德區大發里,2361,2369,8
桃園市蘆竹區中山里,4118,4126,8
桃園市中壢區普仁里,5571,5579,8
臺南市新營區嘉芳里,2198,2206,8
臺南市七股區頂山里,856,864,8
花蓮縣吉安鄉吉安村,6013,6021,8
澎湖縣馬公市菜園里,479,488,9
嘉義縣阿里山鄉茶山村,294,303,9
新竹縣尖石鄉玉峰村,1804,1813,9
基隆市中山區中山里,1067,1076,9
桃園市龜山區龍壽里,2006,2015,9
新北市新店區文中里,1769,1778,9
高雄市鳳山區天興里,4047,4056,9
苗栗縣通霄鎮五南里,1506,1515,9
彰化縣溪湖鎮河東里,2112,2121,9
新北市石碇區永安里,916,925,9
彰化縣埔心鄉南舘村,1227,1236,9
南投縣仁愛鄉萬豐村,843,852,9
屏東縣三地門鄉達來村,400,409,9
屏東縣南州鄉仁里村,517,526,9
宜蘭縣頭城鎮石城里,315,324,9
臺南市鹽水區水秀里,1800,1809,9
臺中市南屯區春社里,7583,7592,9
新北市八里區舊城里,7605,7614,9
彰化縣鹿港鎮東石里,5404,5413,9
桃園市八德區大千里,2738,2747,9
新竹縣新豐鄉重興村,6407,6417,10
高雄市岡山區竹圍里,8693,8703,10
彰化縣埔鹽鄉南港村,1981,1991,10
雲林縣斗六市溝埧里,759,769,10
新北市新莊區後德里,3097,3107,10
桃園市龜山區山福里,3870,3880,10
高雄市茄萣區白雲里,1935,1945,10
臺南市善化區文正里,1944,1954,10
新北市永和區豫溪里,4926,4936,10
彰化縣溪州鄉三圳村,1432,1442,10
新北市石碇區格頭里,1094,1104,10
高雄市鳳山區文英里,4088,4098,10
彰化縣社頭鄉松竹村,1194,1204,10
苗栗縣苑裡鎮苑坑里,1041,1051,10
新北市永和區復興里,2422,2432,10
新北市中和區崇南里,4316,4326,10
臺東縣蘭嶼鄉紅頭村,1467,1477,10
花蓮縣花蓮市民享里,3418,3429,11
花蓮縣鳳林鎮鳳仁里,1339,1350,11
澎湖縣七美鄉西湖村,659,670,11
雲林縣崙背鄉羅厝村,2378,2389,11
新北市板橋區國泰里,3792,3803,11
新北市樹林區山佳里,6010,6021,11
高雄市三民區十全里,1909,1920,11
雲林縣斗南鎮大同里,3417,3428,11
彰化縣田尾鄉溪畔村,1425,1436,11
南投縣水里鄉北埔村,1151,1162,11
高雄市湖內區公舘里,2625,2636,11
屏東縣潮州鎮九塊里,1838,1849,11
新北市汐止區環河里,1251,1262,11
花蓮縣鳳林鎮鳳信里,1492,1503,11
高雄市大寮區會結里,1756,1767,11
屏東縣屏東市崇武里,3469,3480,11
新北市土城區大安里,5091,5102,11
澎湖縣馬公市鎖港里,2857,2868,11
宜蘭縣壯圍鄉新社村,1156,1167,11
南投縣埔里鎮珠格里,1327,1339,12
臺南市柳營區東昇里,3076,3088,12
臺南市麻豆區寮廍里,1872,1884,12
臺中市霧峰區錦榮里,1431,1443,12
金門縣金寧鄉古寧村,3632,3644,12
臺南市東區衛國里,1771,1783,12
宜蘭縣宜蘭市七結里,3137,3149,12
嘉義市西區車店里,7343,7355,12
花蓮縣花蓮市民運里,2214,2226,12
新北市汐止區保新里,2954,2966,12
雲林縣大埤鄉南和村,2474,2486,12
基隆市七堵區長安里,2849,2861,12
彰化縣溪州鄉尾厝村,2173,2185,12
桃園市中壢區仁福里,5616,5628,12
新北市土城區土城里,2178,2190,12
澎湖縣湖西鄉南寮村,760,772,12
彰化縣埔心鄉義民村,1813,1826,13
花蓮縣壽豐鄉共和村,796,809,13
桃園市平鎮區新富里,7738,7751,13
高雄市仁武區仁慈里,2511,2524,13
澎湖縣湖西鄉林投村,1163,1176,13
澎湖縣白沙鄉講美村,742,755,13
新北市板橋區富貴里,2323,2336,13
新竹縣寶山鄉寶山村,922,935,13
桃園市中壢區興仁里,4127,4140,13
臺中市大甲區義和里,3905,3918,13
臺南市西港區後營里,1677,1690,13
臺南市將軍區長榮里,1272,1285,13
宜蘭縣冬山鄉東城村,1667,1680,13
新北市汐止區烘內里,1574,1587,13
臺東縣臺東市建和里,1589,1602,13
新北市板橋區民安里,2189,2202,13
嘉義縣朴子市平和里,2825,2838,13
新北市新店區新店里,1829,1842,13
澎湖縣湖西鄉湖東村,379,393,14
高雄市林園區文賢里,2763,2777,14
新竹縣竹北市文化里,4417,4431,14
澎湖縣湖西鄉紅羅村,835,849,14
桃園市觀音區新坡里,3595,3609,14
基隆市安樂區中崙里,1908,1922,14
屏東縣春日鄉春日村,1172,1186,14
花蓮縣花蓮市國光里,1452,1466,14
屏東縣春日鄉古華村,816,830,14
臺中市西屯區大福里,3723,3737,14
新北市三重區錦田里,2143,2157,14
南投縣信義鄉望美村,1887,1901,14
金門縣金寧鄉盤山村,7173,7187,14
新北市板橋區玉光里,5644,5659,15
新北市汐止區崇德里,5290,5305,15
高雄市大寮區義和里,2464,2479,15
高雄市林園區王公里,4876,4891,15
桃園市桃園區武陵里,1826,1841,15
彰化縣秀水鄉金陵村,2065,2080,15
臺南市永康區尚頂里,4450,4465,15
新竹市北區西門里,628,643,15
臺南市安定區文科里,1824,1839,15
新北市新店區中央里,5912,5927,15
臺南市善化區牛庄里,1787,1802,15
新北市新莊區民本里,3072,3087,15
花蓮縣秀林鄉景美村,2202,2217,15
臺中市和平區平等里,1020,1036,16
臺中市后里區月眉里,2322,2338,16
南投縣信義鄉新鄉村,751,767,16
澎湖縣七美鄉東湖村,263,279,16
臺中市南屯區南屯里,10880,10896,16
屏東縣萬巒鄉佳佐村,1900,1916,16
臺中市沙鹿區公明里,5242,5258,16
彰化縣社頭鄉清水村,1448,1464,16
新北市三峽區八張里,4256,4272,16
高雄市彌陀區光和里,1488,1504,16
彰化縣鹿港鎮洛津里,979,995,16
高雄市湖內區忠興里,766,782,16
臺中市清水區武鹿里,3878,3894,16
嘉義縣中埔鄉富收村,3261,3277,16
新北市中和區秀福里,4813,4830,17
新北市三峽區大埔里,4280,4297,17
桃園市龍潭區永興里,3338,3355,17
新竹縣竹東鎮榮華里,8712,8729,17
嘉義市西區西平里,3941,3958,17
臺南市學甲區秀昌里,2784,2801,17
苗栗縣頭份市田寮里,4820,4837,17
澎湖縣湖西鄉菓葉村,815,832,17
彰化縣埔心鄉仁里村,1452,1469,17
彰化縣埤頭鄉平原村,2696,2713,17
新北市三重區中興里,4043,4060,17
臺中市大甲區武曲里,2150,2167,17
新北市蘆洲區中華里,3446,3463,17
澎湖縣馬公市安宅里,689,707,18
臺南市安定區安加里,2506,2524,18
彰化縣員林市三橋里,3568,3586,18
桃園市楊梅區雙榮里,4110,4128,18
臺東縣池上鄉慶豐村,722,740,18
花蓮縣鳳林鎮山興里,555,573,18
桃園市中壢區林森里,4899,4917,18
高雄市茄萣區嘉安里,2087,2105,18
新北市蘆洲區長安里,5354,5372,18
屏東縣東港鎮興農里,1606,1624,18
臺北市大安區龍泉里,5208,5226,18
桃園市新屋區永興里,1123,1141,18
臺中市沙鹿區晉江里,2014,2032,18
臺中市龍井區三德里,3502,3520,18
桃園市平鎮區建安里,5030,5048,18
屏東縣獅子鄉南世村,400,418,18
臺中市霧峰區中正里,2332,2350,18
宜蘭縣南澳鄉碧候村,1262,1281,19
嘉義縣太保市春珠里,1249,1268,19
臺中市大雅區橫山里,5184,5203,19
新北市鶯歌區永吉里,5180,5199,19
屏東縣泰武鄉平和村,743,762,19
花蓮縣花蓮市國安里,611,630,19
苗栗縣苗栗市中苗里,1368,1387,19
桃園市中壢區忠孝里,5855,5874,19
臺南市安南區長安里,5598,5617,19
臺南市安南區塩田里,1873,1892,19
高雄市那瑪夏區達卡努瓦里,1712,1731,19
彰化縣社頭鄉仁和村,855,874,19
高雄市鳥松區大華里,11087,11106,19
新北市淡水區樹興里,1477,1496,19
臺南市安南區城西里,1647,1666,19
屏東縣佳冬鄉佳冬村,1643,1662,19
雲林縣虎尾鎮穎川里,2423,2442,19
宜蘭縣礁溪鄉時潮村,1622,1642,20
雲林縣土庫鎮大荖里,972,992,20
臺中市大安區松雅里,1084,1104,20
連江縣南竿鄉清水村,1138,1158,20
桃園市大溪區南興里,5951,5971,20
嘉義市西區自強里,1971,1991,20
新北市三重區重新里,1516,1536,20
高雄市大寮區前庄里,2570,2590,20
宜蘭縣羅東鎮大新里,1825,1845,20
屏東縣萬丹鄉新鐘村,2308,2328,20
金門縣金沙鎮三山里,2073,2093,20
花蓮縣吉安鄉光華村,2212,2232,20
臺東縣臺東市卑南里,3163,3183,20
宜蘭縣宜蘭市民權里,2030,2050,20
澎湖縣馬公市光榮里,4720,4740,20
基隆市信義區孝賢里,3958,3978,20
澎湖縣馬公市桶盤里,378,399,21
雲林縣古坑鄉田心村,1215,1236,21
彰化縣二林鎮東興里,1907,1928,21
新竹市東區福德里,1605,1626,21
臺東縣臺東市岩灣里,2418,2439,21
嘉義縣大埔鄉和平村,732,753,21
新竹市香山區牛埔里,5385,5406,21
嘉義市東區安業里,2217,2238,21
高雄市岡山區大莊里,1170,1191,21
屏東縣三地門鄉大社村,742,763,21
金門縣金城鎮珠沙里,3159,3180,21
臺中市西屯區協和里,5553,5574,21
新竹縣竹北市溪州里,2822,2843,21
澎湖縣白沙鄉員貝村,280,302,22
金門縣金沙鎮西園里,1701,1723,22
屏東縣佳冬鄉萬建村,1980,2002,22
嘉義市東區蘭潭里,2556,2578,22
新北市八里區米倉里,3690,3712,22
彰化縣花壇鄉北口村,2087,2109,22
高雄市梓官區梓平里,1762,1784,22
臺南市歸仁區南興里,5131,5153,22
新北市三重區五福里,4006,4028,22
南投縣南投市平山里,6232,6254,22
新北市板橋區埤墘里,4766,4788,22
宜蘭縣宜蘭市進士里,2449,2472,23
臺中市北區立人里,4406,4429,23
新北市土城區頂福里,5523,5546,23
高雄市楠梓區惠楠里,3541,3564,23
嘉義縣民雄鄉北斗村,6201,6224,23
新北市坪林區坪林里,1477,1500,23
桃園市龜山區幸福里,6246,6269,23
高雄市湖內區葉厝里,3139,3162,23
高雄市湖內區田尾里,1111,1134,23
桃園市桃園區北門里,1927,1950,23
雲林縣虎尾鎮興南里,2861,2884,23
高雄市茄萣區嘉賜里,4463,4486,23
新北市三重區信安里,2060,2083,23
高雄市仁武區仁福里,920,943,23
臺南市西港區南海里,2728,2751,23
新北市汐止區興福里,3150,3173,23
臺南市新化區東榮里,4571,4594,23
彰化縣線西鄉溝內村,1413,1436,23
新北市三重區中央里,1891,1915,24
雲林縣大埤鄉尚義村,2180,2204,24
新北市三重區富華里,3415,3439,24
宜蘭縣礁溪鄉玉光村,1190,1214,24
桃園市楊梅區頭湖里,3525,3549,24
桃園市龜山區龍華里,3825,3849,24
彰化縣二林鎮後厝里,4037,4061,24
彰化縣溪湖鎮太平里,2504,2528,24
苗栗縣頭份市新華里,4381,4405,24
雲林縣斗南鎮僑真里,2695,2719,24
新竹市東區金山里,6424,6448,24
新竹縣竹北市北崙里,4978,5002,24
嘉義縣水上鄉柳鄉村,2182,2206,24
屏東縣恆春鎮南灣里,2034,2058,24
桃園市龍潭區百年里,5118,5142,24
彰化縣和美鎮源埤里,2108,2132,24
苗栗縣竹南鎮聖福里,4668,4692,24
高雄市大寮區翁園里,4487,4512,25
苗栗縣苗栗市文聖里,4305,4330,25
新竹縣湖口鄉愛勢村,4770,4795,25
臺北市中山區行孝里,4235,4260,25
彰化縣大村鄉茄苳村,1817,1842,25
高雄市湖內區湖東里,3102,3127,25
臺南市新市區永就里,3548,3573,25
嘉義縣水上鄉下寮村,2018,2043,25
基隆市仁愛區水錦里,2438,2463,25
新北市深坑區土庫里,3132,3157,25
雲林縣土庫鎮越港里,1248,1273,25
臺南市新市區大洲里,807,832,25
臺中市北屯區民政里,1171,1196,25
臺東縣達仁鄉南田村,323,348,25
嘉義縣新港鄉古民村,1533,1558,25
臺東縣海端鄉崁頂村,718,743,25
新竹縣竹北市尚義里,1898,1923,25
彰化縣永靖鄉新莊村,1274,1299,25
澎湖縣白沙鄉赤崁村,1985,2010,25
高雄市大寮區江山里,2105,2130,25
高雄市左營區進學里,2749,2774,25
南投縣草屯鎮碧洲里,2787,2812,25
澎湖縣望安鄉水垵村,498,523,25
澎湖縣望安鄉東吉村,270,295,25
南投縣中寮鄉永芳村,494,519,25
臺南市新化區北勢里,1679,1705,26
臺中市后里區泰安里,1576,1602,26
彰化縣溪湖鎮西寮里,2831,2857,26
臺南市柳營區光福里,1773,1799,26
南投縣仁愛鄉法治村,1073,1099,26
新北市中和區員山里,6989,7015,26
新北市永和區河堤里,3464,3490,26
新北市永和區中興里,3156,3182,26
澎湖縣湖西鄉尖山村,759,785,26
宜蘭縣員山鄉蓁巷村,1350,1376,26
新竹市東區豐功里,5934,5960,26
南投縣南投市營南里,2700,2726,26
彰化縣福興鄉三汴村,1622,1648,26
嘉義縣新港鄉三間村,1712,1738,26
桃園市中壢區華愛里,4305,4331,26
高雄市大寮區三隆里,5264,5291,27
新北市板橋區懷翠里,6205,6232,27
嘉義市西區光路里,6308,6335,27
屏東縣屏東市玉成里,1721,1748,27
新北市汐止區秀峰里,5741,5768,27
高雄市茄萣區保定里,3330,3357,27
桃園市中壢區文化里,10978,11005,27
屏東縣萬丹鄉社中村,1928,1955,27
高雄市三民區鳳南里,954,981,27
澎湖縣七美鄉海豐村,383,410,27
澎湖縣白沙鄉鳥嶼村,1266,1293,27
澎湖縣白沙鄉通梁村,872,899,27
南投縣竹山鎮中崎里,1598,1625,27
南投縣仁愛鄉互助村,1401,1428,27
彰化縣溪湖鎮大突里,4233,4261,28
桃園市復興區澤仁里,1688,1716,28
彰化縣田中鎮新庄里,2778,2806,28
桃園市楊梅區永平里,2292,2320,28
彰化縣埔鹽鄉新興村,486,514,28
臺北市士林區福安里,4974,5002,28
宜蘭縣大同鄉寒溪村,1122,1150,28
嘉義縣大林鎮明和里,2051,2079,28
澎湖縣馬公市虎井里,858,886,28
高雄市仁武區後安里,2958,2986,28
雲林縣崙背鄉崙前村,2374,2402,28
新北市板橋區深丘里,9297,9326,29
新北市泰山區貴和里,5183,5212,29
臺東縣蘭嶼鄉東清村,1550,1579,29
南投縣埔里鎮大湳里,1886,1915,29
雲林縣斗六市鎮東里,2866,2895,29
雲林縣崙背鄉西榮村,1656,1685,29
新北市土城區廣興里,3631,3660,29
彰化縣員林市萬年里,4368,4397,29
彰化縣花壇鄉文德村,3490,3519,29
高雄市阿蓮區青旗里,1738,1767,29
新竹縣新豐鄉青埔村,2056,2085,29
新竹縣竹北市大眉里,2051,2080,29
新竹市香山區茄苳里,1041,1070,29
高雄市楠梓區慶昌里,3579,3609,30
新竹市北區中山里,980,1010,30
臺中市清水區海風里,1626,1656,30
高雄市鳳山區善美里,6191,6221,30
苗栗縣苗栗市北苗里,6193,6223,30
苗栗縣苗栗市高苗里,3748,3778,30
臺中市北屯區東光里,5296,5326,30
臺中市中區柳川里,2235,2265,30
宜蘭縣蘇澳鎮頂寮里,1157,1187,30
新竹縣竹北市麻園里,2315,2345,30
新北市淡水區學府里,4825,4855,30
桃園市桃園區西門里,1899,1929,30
新北市蘆洲區永安里,5420,5450,30
嘉義縣民雄鄉頂崙村,1649,1680,31
臺南市歸仁區沙崙里,804,835,31
新北市坪林區漁光里,871,902,31
花蓮縣秀林鄉秀林村,2239,2270,31
臺中市大里區中新里,6659,6690,31
臺南市東區南聖里,3331,3362,31
臺中市外埔區永豐里,1247,1278,31
桃園市龍潭區上林里,5282,5313,31
彰化縣和美鎮詔安里,2230,2261,31
高雄市鳳山區大德里,5288,5319,31
澎湖縣七美鄉中和村,726,757,31
南投縣草屯鎮敦和里,7650,7681,31
屏東縣瑪家鄉三和村,2376,2408,32
新北市深坑區萬順里,2557,2589,32
臺中市北區金華里,2918,2950,32
嘉義縣太保市北新里,3701,3733,32
澎湖縣馬公市東衛里,2430,2462,32
新北市樹林區樹東里,1188,1220,32
雲林縣麥寮鄉海豐村,2598,2630,32
臺南市歸仁區看西里,2690,2722,32
臺東縣臺東市永樂里,2654,2686,32
彰化縣彰化市牛埔里,3391,3423,32
高雄市左營區崇實里,3710,3742,32
臺中市北屯區平和里,6212,6244,32
屏東縣泰武鄉武潭村,1139,1171,32
桃園市中壢區中山里,5679,5712,33
雲林縣麥寮鄉新吉村,1353,1386,33
桃園市蘆竹區上竹里,4362,4395,33
宜蘭縣宜蘭市負郭里,3711,3744,33
臺南市下營區新興里,2320,2353,33
苗栗縣苑裡鎮西平里,1819,1852,33
桃園市龍潭區東興里,4768,4801,33
屏東縣潮州鎮永春里,8298,8331,33
桃園市中壢區普義里,6580,6614,34
花蓮縣秀林鄉文蘭村,1383,1417,34
屏東縣獅子鄉內獅村,730,764,34
桃園市復興區奎輝里,962,996,34
臺南市安南區公󻕯里,1133,1167,34
連江縣莒光鄉西坵村,71,105,34
高雄市前金區民生里,831,865,34
臺中市西屯區龍潭里,998,1032,34
屏東縣里港鄉春林村,1511,1545,34
臺中市西屯區林厝里,4299,4333,34
雲林縣麥寮鄉瓦󿾨村,2357,2391,34
臺中市北區淡溝里,5916,5950,34
臺中市北區六合里,1913,1947,34
屏東縣萬丹鄉廣安村,2605,2640,35
雲林縣斗六市嘉東里,1754,1789,35
南投縣南投市新興里,5884,5919,35
新北市三芝區古庄里,1176,1211,35
金門縣金湖鎮正義里,2942,2977,35
南投縣竹山鎮硘󿾨里,1993,2028,35
嘉義縣中埔鄉金蘭村,1661,1696,35
高雄市楠梓區福昌里,2330,2365,35
高雄市鹽埕區府北里,2183,2218,35
臺南市東區自強里,6378,6413,35
高雄市仁武區仁和里,4568,4603,35
嘉義縣民雄鄉中和村,1120,1155,35
雲林縣莿桐鄉大美村,3542,3578,36
宜蘭縣五結鄉福興村,1969,2005,36
彰化縣埔心鄉大華村,714,750,36
臺中市大雅區四德里,5704,5740,36
臺中市豐原區南村里,6388,6424,36
桃園市蘆竹區內厝里,2996,3032,36
臺南市安南區城北里,1769,1805,36
嘉義市東區短竹里,2683,2719,36
臺南市北區文元里,4363,4399,36
新北市汐止區福山里,3694,3730,36
高雄市大社區三奶里,3030,3066,36
雲林縣莿桐鄉埔子村,2286,2323,37
新竹市香山區東香里,4782,4819,37
基隆市七堵區正光里,2900,2937,37
彰化縣大村鄉大橋村,2346,2383,37
臺北市大安區錦泰里,3952,3989,37
彰化縣北斗鎮光復里,2293,2330,37
臺中市大甲區中山里,5207,5244,37
臺南市安定區港南里,3063,3100,37
澎湖縣望安鄉中社村,324,361,37
臺中市大雅區上雅里,7285,7322,37
高雄市三民區寶華里,3735,3772,37
連江縣北竿鄉后沃村,205,242,37
新竹縣橫山鄉大肚村,1862,1899,37
雲林縣斗六市鎮西里,4442,4479,37
臺北市內湖區行善里,7120,7157,37
臺南市仁德區太子里,6302,6339,37
高雄市三民區鼎中里,3805,3842,37
高雄市三民區達明里,1684,1722,38
澎湖縣白沙鄉後寮村,806,844,38
澎湖縣馬公市前寮里,1085,1123,38
花蓮縣吉安鄉東昌村,6174,6212,38
屏東縣內埔鄉和興村,3161,3199,38
高雄市鳳山區中正里,4815,4853,38
臺南市關廟區北勢里,2833,2871,38
臺中市沙鹿區南勢里,4240,4278,38
屏東縣萬丹鄉社口村,1672,1710,38
新竹市北區大同里,958,996,38
新北市永和區新生里,867,905,38
彰化縣永靖鄉湳港村,1256,1294,38
臺東縣臺東市南榮里,3068,3106,38
高雄市林園區龔厝里,2185,2223,38
臺南市善化區嘉北里,1782,1820,38
宜蘭縣宜蘭市菜園里,1503,1541,38
新竹縣寶山鄉雙新村,3026,3064,38
苗栗縣造橋鄉談文村,885,924,39
臺中市大肚區大肚里,2604,2643,39
桃園市蘆竹區正興里,5548,5587,39
雲林縣虎尾鎮堀頭里,936,975,39
臺南市永康區網寮里,8276,8315,39
新竹縣竹東鎮三重里,7826,7865,39
宜蘭縣冬山鄉柯林村,1966,2005,39
新竹縣竹北市福德里,3945,3984,39
臺中市沙鹿區北勢里,6234,6273,39
彰化縣埔鹽鄉好修村,2069,2108,39
彰化縣社頭鄉湳底村,1939,1978,39
新北市雙溪區泰平里,1214,1253,39
高雄市林園區頂厝里,5286,5325,39
臺中市沙鹿區鹿寮里,8609,8649,40
桃園市八德區大華里,3095,3135,40
桃園市中壢區成功里,5266,5306,40
屏東縣長治鄉榮華村,797,837,40
嘉義縣中埔鄉和睦村,3752,3792,40
桃園市龍潭區高原里,5274,5314,40
臺中市西區公正里,7588,7628,40
彰化縣大村鄉大崙村,1822,1862,40
屏東縣屏東市萬年里,741,781,40
臺東縣臺東市豐榮里,9360,9400,40
臺東縣臺東市文化里,1401,1441,40
宜蘭縣壯圍鄉忠孝村,2707,2748,41
臺南市白河區永安里,3453,3494,41
高雄市小港區中厝里,4237,4278,41
屏東縣長治鄉進興村,2955,2996,41
臺中市北屯區大坑里,2436,2477,41
澎湖縣望安鄉東坪村,618,659,41
宜蘭縣員山鄉七賢村,1724,1765,41
彰化縣大村鄉村上村,1673,1714,41
桃園市龍潭區八德里,4837,4878,41
臺中市烏日區學田里,2923,2964,41
桃園市八德區大愛里,3163,3205,42
雲林縣斗南鎮新光里,3135,3177,42
桃園市復興區高義里,953,995,42
桃園市大溪區員林里,1889,1931,42
苗栗縣苑裡鎮社苓里,2740,2782,42
桃園市觀音區上大里,2772,2814,42
桃園市龍潭區龍星里,5196,5238,42
彰化縣和美鎮鐵山里,3066,3108,42
新竹縣尖石鄉秀巒村,2239,2281,42
彰化縣福興鄉外埔村,1730,1772,42
新北市永和區後溪里,1942,1985,43
新北市汐止區秀山里,4692,4735,43
宜蘭縣三星鄉拱照村,1431,1474,43
高雄市新興區成功里,1395,1438,43
雲林縣古坑鄉東和村,3610,3653,43
高雄市苓雅區林泉里,2412,2455,43
臺中市東區東勢里,3072,3115,43
高雄市前金區長興里,1246,1289,43
雲林縣斗六市文化里,2878,2921,43
彰化縣伸港鄉曾家村,2026,2069,43
臺中市大里區東湖里,12185,12229,44
宜蘭縣冬山鄉武淵村,1335,1379,44
桃園市復興區義盛里,918,962,44
臺中市梧棲區大村里,7230,7274,44
宜蘭縣五結鄉協和村,3724,3768,44
嘉義縣太保市太保里,2690,2734,44
新竹縣竹北市大義里,1848,1892,44
高雄市三民區安東里,3307,3351,44
高雄市三民區本揚里,9327,9372,45
新北市八里區龍源里,7376,7421,45
臺中市烏日區東園里,2591,2636,45
新北市新店區安昌里,5613,5658,45
新北市三重區清和里,4008,4053,45
彰化縣員林市三多里,3045,3090,45
臺南市西港區港東里,1836,1881,45
新北市新莊區福興里,6147,6192,45
彰化縣大村鄉加錫村,1685,1730,45
雲林縣斗六市公正里,3553,3598,45
新竹縣寶山鄉雙溪村,3028,3073,45
屏東縣屏東市長安里,2217,2262,45
屏東縣三地門鄉三地村,1684,1729,45
新竹縣新豐鄉崎頂村,3185,3231,46
苗栗縣竹南鎮港墘里,2624,2670,46
桃園市桃園區瑞慶里,7455,7501,46
臺南市柳營區士林里,2045,2091,46
臺南市歸仁區看東里,2117,2163,46
南投縣草屯鎮中山里,2828,2874,46
臺中市龍井區龍東里,3368,3414,46
花蓮縣吉安鄉永興村,3268,3314,46
宜蘭縣員山鄉逸仙村,984,1030,46
基隆市七堵區泰安里,4941,4987,46
嘉義市西區劉厝里,8167,8213,46
南投縣仁愛鄉中正村,1199,1246,47
高雄市湖內區文賢里,1326,1373,47
新竹市東區明湖里,6151,6198,47
屏東縣屏東市北興里,7249,7296,47
臺北市文山區忠順里,4150,4197,47
新北市三重區谷王里,952,999,47
臺南市新市區大社里,5248,5295,47
高雄市前鎮區鎮中里,825,872,47
花蓮縣秀林鄉佳民村,1236,1283,47
桃園市八德區廣隆里,5427,5475,48
臺南市歸仁區六甲里,4333,4381,48
雲林縣斗六市崙峯里,2863,2911,48
臺中市龍井區東海里,10525,10573,48
雲林縣斗六市溪洲里,3697,3745,48
彰化縣秀水鄉義興村,1614,1662,48
新竹縣竹北市白地里,2494,2542,48
嘉義市西區福民里,7034,7082,48
臺中市后里區墩北里,4249,4297,48
新北市汐止區智慧里,4789,4837,48
桃園市蘆竹區營福里,4121,4169,48
桃園市八德區大安里,4118,4166,48
新北市板橋區福翠里,1346,1395,49
屏東縣萬丹鄉上村村,918,967,49
桃園市平鎮區北富里,4556,4605,49
宜蘭縣三星鄉大隱村,4835,4884,49
新竹縣湖口鄉勝利村,4997,5047,50
澎湖縣馬公市烏崁里,1147,1197,50
臺中市烏日區螺潭里,2480,2530,50
高雄市楠梓區中陽里,3865,3915,50
嘉義縣新港鄉福德村,1904,1954,50
臺南市關廟區埤頭里,2133,2183,50
臺南市安平區建平里,6309,6359,50
臺中市清水區海濱里,2367,2418,51
臺南市麻豆區清水里,1584,1635,51
彰化縣芳苑鄉路平村,822,873,51
桃園市楊梅區富豐里,3448,3499,51
臺南市善化區文昌里,3323,3375,52
高雄市楠梓區中興里,1925,1977,52
臺南市關廟區松腳里,2143,2195,52
桃園市龍潭區凌雲里,4363,4415,52
連江縣北竿鄉坂里村,324,377,53
雲林縣麥寮鄉後安村,3599,3652,53
新竹市北區新民里,1905,1958,53
宜蘭縣礁溪鄉光武村,1499,1552,53
彰化縣二林鎮西平里,1802,1855,53
雲林縣古坑鄉西平村,1684,1737,53
臺中市霧峰區五福里,2978,3031,53
桃園市蘆竹區錦興里,4779,4832,53
臺中市神岡區大社里,5132,5186,54
彰化縣和美鎮竹營里,7500,7554,54
臺中市梧棲區永寧里,2719,2773,54
宜蘭縣三星鄉大義村,1381,1435,54
雲林縣虎尾鎮三合里,1537,1592,55
新竹市北區南勢里,5021,5076,55
臺中市霧峰區四德里,2814,2869,55
新竹市北區文雅里,4793,4848,55
桃園市龜山區新興里,3422,3477,55
桃園市復興區羅浮里,1249,1304,55
高雄市前金區復元里,1061,1116,55
臺中市大肚區磺溪里,1964,2019,55
高雄市鳳山區三民里,1184,1239,55
基隆市七堵區自強里,1288,1343,55
新北市五股區六福里,3968,4023,55
金門縣金湖鎮溪湖里,1682,1738,56
臺中市后里區廣福里,2411,2467,56
臺中市后里區舊社里,2670,2726,56
桃園市中壢區自信里,6550,6606,56
彰化縣社頭鄉仁雅村,3243,3299,56
嘉義縣水上鄉大堀村,1782,1838,56
連江縣北竿鄉橋仔村,401,458,57
宜蘭縣宜蘭市黎明里,2274,2331,57
新北市新莊區立泰里,5082,5139,57
彰化縣和美鎮山犁里,6733,6790,57
桃園市中壢區中興里,3957,4014,57
新竹市香山區朝山里,2478,2535,57
臺南市新市區大營里,3966,4023,57
桃園市蘆竹區吉祥里,4680,4737,57
桃園市蘆竹區新興里,3375,3432,57
桃園市平鎮區北華里,4610,4667,57
臺南市永康區大灣里,4071,4129,58
屏東縣屏東市信和里,1741,1799,58
屏東縣恆春鎮網紗里,3707,3765,58
苗栗縣頭份市興隆里,5192,5250,58
新北市新店區信義里,6517,6575,58
臺南市安南區南興里,2064,2122,58
桃園市中壢區內壢里,2529,2587,58
臺中市南區南和里,8517,8575,58
基隆市暖暖區碇和里,3339,3397,58
基隆市信義區孝德里,2904,2962,58
花蓮縣秀林鄉水源村,1503,1561,58
新北市汐止區橫科里,4660,4719,59
花蓮縣秀林鄉崇德村,1752,1811,59
屏東縣屏東市光榮里,865,924,59
宜蘭縣蘇澳鎮永榮里,4463,4522,59
雲林縣古坑鄉麻園村,786,845,59
臺中市霧峰區吉峰里,10784,10844,60
南投縣南投市軍功里,5607,5667,60
臺南市中西區南門里,3313,3373,60
高雄市路竹區社南里,5069,5129,60
臺北市中正區文盛里,2499,2559,60
新北市板橋區福丘里,5103,5163,60
桃園市平鎮區新榮里,6056,6116,60
桃園市桃園區寶山里,10148,10209,61
臺中市豐原區南陽里,13606,13667,61
臺南市麻豆區大埕里,3448,3509,61
南投縣草屯鎮北投里,3396,3457,61
宜蘭縣員山鄉惠好村,1893,1954,61
桃園市平鎮區金陵里,3515,3576,61
新北市泰山區義學里,5006,5068,62
金門縣金寧鄉榜林村,5878,5940,62
新竹縣新豐鄉忠孝村,4546,4608,62
新北市新店區寶興里,5408,5470,62
高雄市大寮區會社里,7071,7133,62
桃園市楊梅區三湖里,3227,3289,62
苗栗縣竹南鎮龍山里,2846,2908,62
高雄市楠梓區宏昌里,3936,3998,62
基隆市信義區東光里,1917,1979,62
高雄市楠梓區惠民里,4571,4633,62
嘉義市西區香湖里,945,1008,63
宜蘭縣五結鄉三興村,2286,2349,63
新竹市東區文華里,5817,5880,63
新北市板橋區信義里,4394,4457,63
宜蘭縣宜蘭市凱旋里,1533,1596,63
金門縣金湖鎮蓮庵里,1828,1891,63
基隆市安樂區內寮里,6080,6143,63
臺北市大安區光明里,3997,4061,64
臺南市善化區溪美里,2168,2232,64
桃園市中壢區水尾里,4108,4172,64
臺東縣臺東市中心里,4058,4122,64
澎湖縣湖西鄉湖西村,1310,1374,64
花蓮縣吉安鄉南昌村,4883,4947,64
宜蘭縣冬山鄉丸山村,1648,1713,65
彰化縣和美鎮和東里,5257,5322,65
臺北市大同區國慶里,4591,4656,65
新北市汐止區復興里,7279,7344,65
臺中市大里區東昇里,4071,4136,65
臺中市太平區光明里,4353,4418,65
新北市汐止區白雲里,4555,4620,65
臺中市南屯區大誠里,4248,4314,66
苗栗縣頭份市民生里,2806,2872,66
新北市樹林區育英里,3239,3305,66
臺南市永康區三民里,1697,1763,66
宜蘭縣宜蘭市東村里,2748,2814,66
新竹市香山區大庄里,3375,3441,66
臺南市西港區劉厝里,1455,1521,66
彰化縣大村鄉新興村,1269,1335,66
臺東縣綠島鄉南寮村,1686,1752,66
臺中市清水區秀水里,5074,5141,67
高雄市岡山區大遼里,1488,1555,67
桃園市大溪區仁和里,6202,6269,67
屏東縣長治鄉香楊村,2948,3015,67
高雄市鼓山區寶樹里,1974,2041,67
花蓮縣花蓮市民立里,1871,1938,67
臺南市東區文聖里,5782,5849,67
新北市中和區壽南里,2416,2484,68
嘉義縣民雄鄉双福村,2830,2898,68
高雄市苓雅區凱旋里,2597,2665,68
桃園市復興區華陵里,1500,1568,68
新竹縣新豐鄉瑞興村,2066,2134,68
連江縣南竿鄉珠螺村,241,309,68
新北市林口區太平里,1722,1790,68
桃園市八德區大湳里,4598,4666,68
高雄市前金區文西里,975,1043,68
新北市汐止區禮門里,1069,1137,68
臺東縣卑南鄉太平村,3485,3554,69
新北市三重區慈惠里,2232,2301,69
彰化縣鹿港鎮詔安里,2378,2447,69
新北市板橋區華江里,7890,7959,69
高雄市梓官區大舍里,4277,4346,69
高雄市前金區林投里,1080,1149,69
南投縣南投市嘉和里,5184,5253,69
臺南市歸仁區八甲里,3035,3104,69
花蓮縣花蓮市國興里,4777,4846,69
高雄市鳳山區新甲里,3533,3602,69
桃園市龍潭區九龍里,4350,4420,70
臺中市太平區新吉里,6870,6940,70
桃園市平鎮區廣達里,4594,4664,70
桃園市復興區霞雲里,707,777,70
臺中市太平區中山里,4149,4219,70
新北市三重區仁義里,1276,1346,70
苗栗縣後龍鎮校椅里,1189,1259,70
彰化縣彰化市南美里,2173,2243,70
桃園市平鎮區高雙里,5136,5207,71
高雄市大樹區九曲里,5965,6036,71
新北市蘆洲區玉清里,6110,6181,71
彰化縣福興鄉秀厝村,2955,3026,71
彰化縣伸港鄉新港村,6277,6348,71
臺南市歸仁區崙頂里,3710,3782,72
彰化縣北斗鎮文昌里,3652,3724,72
宜蘭縣壯圍鄉古結村,1201,1273,72
基隆市安樂區新崙里,4721,4794,73
嘉義市西區北新里,1328,1401,73
桃園市龜山區精忠里,6487,6560,73
新北市永和區大同里,968,1041,73
新北市汐止區仁德里,1786,1859,73
新北市土城區永寧里,8670,8743,73
臺南市學甲區慈福里,2217,2290,73
高雄市湖內區湖內里,4327,4401,74
桃園市新屋區東明里,1663,1737,74
高雄市楠梓區興昌里,5175,5249,74
桃園市平鎮區復旦里,6848,6922,74
臺中市清水區中社里,3374,3448,74
臺中市東區東橋里,4333,4408,75
臺南市安南區海西里,3297,3372,75
花蓮縣吉安鄉仁和村,4967,5042,75
臺南市安南區城南里,3625,3700,75
高雄市小港區大坪里,3252,3327,75
新北市三重區福星里,1132,1207,75
桃園市平鎮區鎮興里,3546,3621,75
桃園市八德區瑞興里,3216,3291,75
臺中市龍井區龍崗里,3167,3242,75
桃園市中壢區三民里,3786,3862,76
新北市鶯歌區二橋里,8705,8781,76
苗栗縣頭份市民族里,2343,2419,76
彰化縣鹿港鎮埔崙里,6263,6339,76
桃園市復興區三民里,2392,2468,76
臺中市潭子區潭北里,2765,2841,76
苗栗縣頭份市土牛里,1147,1223,76
臺北市文山區景行里,8105,8182,77
彰化縣埔心鄉二重村,1595,1672,77
臺南市善化區光文里,6683,6760,77
桃園市桃園區文明里,1597,1674,77
臺南市麻豆區麻口里,1267,1345,78
臺南市安南區海東里,6642,6720,78
臺南市學甲區新榮里,2625,2703,78
嘉義市東區盧厝里,2260,2338,78
嘉義縣民雄鄉秀林村,2848,2926,78
新竹縣關西鎮東安里,4350,4428,78
臺南市永康區北興里,6249,6327,78
臺南市官田區二鎮里,3510,3589,79
臺南市安南區幸福里,4221,4300,79
臺中市潭子區栗林里,5365,5444,79
金門縣金寧鄉后盤村,1751,1830,79
臺南市東區和平里,5779,5858,79
臺中市南屯區大興里,5374,5454,80
彰化縣永靖鄉瑚璉村,3262,3343,81
澎湖縣湖西鄉許家村,356,437,81
宜蘭縣頭城鎮拔雅里,2452,2534,82
金門縣金城鎮金水里,2355,2437,82
臺中市南區福順里,6502,6584,82
新北市汐止區城中里,4705,4787,82
新北市新店區員潭里,5321,5403,82
桃園市觀音區保生里,2507,2589,82
宜蘭縣壯圍鄉美福村,2061,2144,83
臺中市東區東門里,7932,8015,83
新北市汐止區康福里,5166,5249,83
彰化縣大村鄉南勢村,1668,1751,83
苗栗縣竹南鎮海口里,5008,5091,83
新北市五股區福德里,3476,3559,83
高雄市苓雅區城北里,1689,1772,83
臺南市仁德區上崙里,7019,7103,84
臺中市龍井區新庄里,7560,7644,84
桃園市大溪區仁愛里,6368,6452,84
新北市板橋區莊敬里,4457,4541,84
新北市汐止區厚德里,7568,7652,84
嘉義市東區荖藤里,5688,5773,85
南投縣草屯鎮碧峰里,5244,5329,85
新北市深坑區深坑里,3466,3551,85
高雄市燕巢區南燕里,4398,4483,85
宜蘭縣五結鄉中興村,1432,1517,85
屏東縣長治鄉新潭村,4012,4097,85
臺中市潭子區家興里,8629,8714,85
基隆市信義區義昭里,1324,1410,86
新北市土城區頂新里,3102,3188,86
桃園市楊梅區三民里,4499,4585,86
新北市中和區民安里,5206,5292,86
基隆市七堵區友一里,2045,2131,86
新竹市香山區鹽水里,1646,1733,87
桃園市桃園區寶慶里,7824,7911,87
新北市板橋區香丘里,3988,4075,87
花蓮縣吉安鄉永安村,4662,4749,87
新北市三重區六福里,5945,6032,87
雲林縣麥寮鄉中興村,1780,1867,87
臺南市佳里區建南里,4867,4954,87
新北市泰山區貴子里,4089,4177,88
花蓮縣吉安鄉慶豐村,7751,7839,88
新竹市東區光鎮里,4202,4290,88
宜蘭縣五結鄉成興村,3655,3743,88
新北市新店區華城里,2728,2816,88
臺北市中山區朱崙里,2873,2962,89
宜蘭縣宜蘭市南橋里,1497,1586,89
桃園市龍潭區三林里,3509,3598,89
高雄市鳳山區瑞竹里,6081,6170,89
雲林縣土庫鎮石廟里,3579,3668,89
桃園市桃園區中山里,8293,8382,89
臺中市南屯區寶山里,6466,6556,90
南投縣草屯鎮新厝里,3851,3942,91
新竹縣寶山鄉大崎村,2108,2199,91
新北市三重區福祉里,5802,5893,91
桃園市桃園區東門里,3441,3532,91
澎湖縣湖西鄉城北村,294,385,91
臺北市中山區金泰里,8003,8095,92
臺南市新化區崙頂里,2346,2438,92
桃園市中壢區明德里,5987,6079,92
高雄市新興區秋山里,957,1049,92
澎湖縣馬公市鐵線里,681,774,93
新北市三重區永興里,1382,1475,93
桃園市中壢區篤行里,3129,3222,93
新北市新店區柴埕里,9398,9491,93
桃園市楊梅區高榮里,4153,4246,93
臺南市歸仁區七甲里,3781,3874,93
澎湖縣湖西鄉隘門村,964,1058,94
連江縣北竿鄉塘岐村,1146,1240,94
彰化縣大村鄉貢旗村,1775,1869,94
臺南市歸仁區大潭里,2149,2244,95
臺南市仁德區仁和里,1572,1667,95
嘉義縣水上鄉水上村,4625,4720,95
桃園市桃園區北埔里,5739,5834,95
高雄市前鎮區平等里,3098,3193,95
臺中市太平區成功里,4701,4796,95
臺中市西屯區上安里,6400,6495,95
彰化縣溪湖鎮東寮里,4358,4453,95
臺東縣臺東市豐年里,3428,3523,95
新竹市香山區香山里,5285,5381,96
臺中市大雅區秀山里,3923,4019,96
臺南市新營區新南里,6113,6209,96
新北市樹林區金寮里,4589,4685,96
金門縣金湖鎮料羅里,2253,2349,96
桃園市楊梅區瑞溪里,4540,4636,96
臺南市六甲區龜港里,1334,1431,97
桃園市觀音區富源里,4619,4716,97
彰化縣大村鄉田洋村,1352,1450,98
彰化縣大村鄉平和村,2943,3041,98
臺南市新營區新東里,8319,8417,98
桃園市楊梅區東流里,3359,3457,98
新北市三重區重明里,3810,3908,98
新北市五股區水碓里,8148,8246,98
嘉義縣民雄鄉鎮北村,1209,1307,98
雲林縣西螺鎮河南里,1214,1312,98
澎湖縣馬公市石泉里,3081,3180,99
桃園市龍潭區黃唐里,5562,5661,99
澎湖縣馬公市五德里,402,501,99
新北市新店區達觀里,3975,4074,99
新北市三重區仁華里,4355,4454,99
桃園市平鎮區新勢里,4372,4471,99
桃園市中壢區五權里,7532,7631,99
新北市汐止區忠孝里,8277,8377,100
屏東縣屏東市清溪里,4708,4808,100
高雄市鼓山區明誠里,20727,20827,100
嘉義縣朴子市仁和里,2252,2352,100
桃園市新屋區石磊里,2387,2487,100
臺中市北屯區平田里,6678,6779,101
嘉義縣太保市舊埤里,2863,2964,101
雲林縣北港鎮新街里,7582,7683,101
彰化縣北斗鎮西安里,1976,2077,101
新北市汐止區拱北里,5234,5335,101
臺中市潭子區嘉仁里,4691,4792,101
臺中市烏日區烏日里,10117,10219,102
彰化縣彰化市延和里,6197,6299,102
新北市板橋區和平里,4208,4310,102
彰化縣北斗鎮中寮里,3189,3291,102
新北市土城區貨饒里,4589,4691,102
新北市樹林區彭福里,5512,5615,103
宜蘭縣羅東鎮信義里,3705,3808,103
桃園市龍潭區大平里,2484,2588,104
連江縣東引鄉樂華村,708,812,104
宜蘭縣宜蘭市南津里,2588,2692,104
新竹市北區康樂里,3305,3410,105
南投縣竹山鎮中山里,5275,5380,105
雲林縣斗六市成功里,3434,3539,105
高雄市鳳山區新武里,2736,2841,105
宜蘭縣五結鄉孝威村,1744,1849,105
新竹縣湖口鄉湖鏡村,2815,2921,106
臺南市安平區億載里,3603,3709,106
嘉義縣太保市麻寮里,5553,5659,106
臺南市北區成功里,5500,5606,106
彰化縣彰化市阿夷里,10503,10609,106
高雄市橋頭區德松里,1673,1779,106
苗栗縣竹南鎮照南里,4445,4552,107
臺南市永康區西勢里,7354,7461,107
新竹市北區水田里,3515,3623,108
新北市汐止區湖蓮里,2710,2818,108
臺南市中西區西和里,4302,4410,108
高雄市岡山區白米里,2166,2274,108
桃園市八德區竹園里,4057,4165,108
南投縣南投市平和里,6956,7064,108
臺中市南區工學里,8149,8258,109
桃園市龜山區大華里,11264,11373,109
宜蘭縣員山鄉深溝村,2147,2256,109
彰化縣員林市三條里,3319,3428,109
桃園市八德區霄裡里,2554,2664,110
桃園市新屋區清華里,4806,4916,110
新北市林口區仁愛里,7448,7558,110
臺中市西屯區福雅里,7420,7531,111
雲林縣麥寮鄉崙後村,3075,3186,111
臺南市歸仁區大廟里,3392,3503,111
新北市板橋區香社里,4417,4528,111
金門縣金城鎮賢庵里,5199,5310,111
宜蘭縣宜蘭市新生里,3040,3151,111
新北市淡水區正德里,4866,4977,111
新北市淡水區埤島里,1835,1946,111
雲林縣麥寮鄉雷厝村,2552,2664,112
新北市板橋區挹秀里,1905,2017,112
新竹縣竹東鎮頭重里,5065,5177,112
花蓮縣秀林鄉和平村,1835,1947,112
新北市三重區福德里,4194,4307,113
澎湖縣馬公市東文里,4024,4137,113
新北市樹林區樂山里,1996,2109,113
花蓮縣吉安鄉北昌村,8818,8931,113
臺東縣臺東市南王里,3062,3175,113
屏東縣潮州鎮蓬萊里,2694,2808,114
宜蘭縣五結鄉四結村,2742,2856,114
臺南市佳里區民安里,1813,1927,114
臺中市南屯區大同里,5769,5883,114
新北市板橋區忠誠里,4279,4394,115
臺中市潭子區聚興里,4841,4956,115
彰化縣員林市南興里,5812,5928,116
臺南市安南區溪東里,4901,5017,116
新北市新店區百福里,3670,3786,116
金門縣金湖鎮瓊林里,3629,3745,116
新竹市東區錦華里,2394,2510,116
雲林縣斗六市長平里,2021,2138,117
新北市新莊區光明里,5105,5222,117
宜蘭縣冬山鄉永美村,3390,3507,117
臺中市大里區新仁里,9091,9209,118
臺北市南港區三重里,7837,7955,118
宜蘭縣壯圍鄉吉祥村,2939,3057,118
新北市泰山區明志里,3842,3960,118
雲林縣麥寮鄉橋頭村,4770,4888,118
臺中市南屯區文心里,4674,4793,119
高雄市楠梓區享平里,3616,3735,119
桃園市中壢區內厝里,5583,5702,119
臺南市安南區安順里,5704,5823,119
桃園市觀音區藍埔里,2942,3062,120
連江縣南竿鄉仁愛村,570,690,120
臺南市北區福德里,5949,6069,120
臺南市安平區平通里,8455,8575,120
高雄市大寮區昭明里,4076,4197,121
桃園市龜山區大湖里,6359,6480,121
屏東縣九如鄉東寧村,5130,5251,121
新北市三重區五谷里,1805,1927,122
宜蘭縣五結鄉鎮安村,2854,2976,122
桃園市龜山區舊路里,2860,2982,122
雲林縣麥寮鄉三盛村,2424,2547,123
彰化縣員林市大饒里,3804,3927,123
桃園市大溪區仁武里,3871,3994,123
屏東縣潮州鎮八爺里,2639,2763,124
苗栗縣頭份市山下里,4867,4991,124
桃園市中壢區內定里,8405,8530,125
臺南市永康區烏竹里,3319,3445,126
臺南市北區仁愛里,2300,2427,127
桃園市桃園區福林里,7453,7580,127
花蓮縣花蓮市主信里,733,861,128
新北市新莊區中美里,6244,6372,128
嘉義市西區竹圍里,5174,5302,128
宜蘭縣五結鄉五結村,4171,4300,129
新竹市東區親仁里,2294,2423,129
桃園市觀音區草新里,7176,7305,129
宜蘭縣宜蘭市茭白里,2437,2566,129
新北市板橋區民族里,5154,5283,129
臺中市清水區橋頭里,8971,9100,129
桃園市龜山區楓福里,3898,4027,129
臺南市永康區建國里,2046,2176,130
臺中市西屯區上石里,6307,6437,130
臺南市佳里區南勢里,5400,5530,130
基隆市七堵區堵北里,4125,4256,131
高雄市楠梓區裕昌里,5710,5842,132
桃園市平鎮區義民里,6299,6431,132
臺中市神岡區庄前里,2605,2737,132
臺中市潭子區福仁里,12229,12361,132
苗栗縣頭份市文化里,4430,4563,133
桃園市平鎮區湧安里,5506,5639,133
臺北市士林區富洲里,6048,6182,134
高雄市鳥松區鳥松里,11482,11616,134
臺中市西區民龍里,3887,4021,134
澎湖縣馬公市光華里,1090,1224,134
苗栗縣苑裡鎮客庄里,4706,4840,134
澎湖縣湖西鄉成功村,845,979,134
新北市汐止區山光里,2816,2951,135
新北市樹林區潭底里,5010,5145,135
高雄市前金區青山里,1890,2025,135
桃園市蘆竹區上興里,4140,4276,136
臺南市安南區佃西里,2365,2501,136
宜蘭縣冬山鄉清溝村,4471,4607,136
雲林縣虎尾鎮平和里,5864,6001,137
彰化縣伸港鄉溪底村,2316,2453,137
彰化縣彰化市向陽里,6675,6813,138
彰化縣員林市溝皂里,2821,2959,138
新北市永和區秀林里,4012,4151,139
臺中市潭子區大豐里,7239,7379,140
新北市土城區埤塘里,5511,5651,140
新北市新店區五峯里,7707,7847,140
新北市中和區景安里,4780,4920,140
雲林縣斗六市三平里,5972,6112,140
臺中市潭子區家福里,5682,5823,141
臺南市中西區郡王里,4188,4329,141
花蓮縣新城鄉北埔村,4668,4809,141
基隆市暖暖區碇祥里,6761,6902,141
桃園市大園區菓林里,8418,8559,141
苗栗縣竹南鎮天文里,2842,2983,141
臺中市豐原區翁明里,2535,2676,141
桃園市桃園區福元里,5758,5899,141
桃園市龜山區公西里,1360,1501,141
桃園市蘆竹區瓦窯里,3988,4130,142
桃園市龜山區迴龍里,6768,6911,143
臺南市仁德區成功里,5353,5496,143
宜蘭縣蘇澳鎮隘丁里,3567,3711,144
高雄市苓雅區普天里,3884,4028,144
彰化縣員林市三愛里,3497,3641,144
桃園市楊梅區員本里,3257,3401,144
南投縣南投市內興里,8006,8151,145
嘉義縣太保市東勢里,2223,2368,145
雲林縣斗六市明德里,4429,4575,146
宜蘭縣員山鄉員山村,6537,6684,147
新北市板橋區香雅里,2632,2779,147
桃園市楊梅區楊梅里,4667,4815,148
臺中市潭子區頭家里,6592,6740,148
高雄市前鎮區竹中里,3771,3919,148
桃園市楊梅區裕新里,2943,3091,148
基隆市暖暖區暖西里,5378,5527,149
臺南市安南區海佃里,5053,5202,149
新北市新店區張北里,9199,9349,150
桃園市中壢區至善里,4350,4501,151
新北市土城區青雲里,3103,3254,151
新竹市香山區頂福里,5047,5199,152
桃園市桃園區永興里,1969,2121,152
新北市五股區成州里,6389,6541,152
新竹縣新豐鄉員山村,3206,3358,152
新北市板橋區永安里,3629,3782,153
新北市三重區光正里,2575,2728,153
臺中市西屯區福聯里,3948,4101,153
新竹縣竹北市新社里,8424,8577,153
臺南市官田區隆本里,4004,4158,154
南投縣草屯鎮山腳里,8589,8743,154
新竹市香山區虎山里,6268,6422,154
高雄市新興區順昌里,2370,2524,154
新北市板橋區百壽里,2848,3003,155
基隆市中正區新豐里,6463,6618,155
高雄市前鎮區興東里,6346,6501,155
臺中市大雅區大楓里,5926,6081,155
彰化縣大村鄉美港村,3489,3645,156
臺南市東區關聖里,5773,5929,156
臺東縣臺東市豐田里,2425,2581,156
臺北市大同區保安里,4211,4368,157
臺南市關廟區關廟里,2493,2651,158
高雄市橋頭區仕豐里,2860,3018,158
連江縣北竿鄉芹壁村,218,376,158
高雄市林園區溪州里,4733,4892,159
新北市板橋區黃石里,1135,1295,160
臺南市北區元寶里,4664,4824,160
新北市中和區秀峰里,4678,4839,161
雲林縣斗六市長安里,3489,3650,161
臺中市西區公平里,5818,5980,162
新竹縣湖口鄉德盛村,5819,5981,162
臺中市南屯區大業里,8021,8183,162
臺南市永康區神洲里,1336,1498,162
宜蘭縣五結鄉二結村,1960,2122,162
苗栗縣頭份市上興里,2429,2591,162
臺南市安南區新順里,7356,7519,163
桃園市中壢區仁美里,6777,6940,163
臺南市仁德區後壁里,10778,10941,163
高雄市林園區五福里,3065,3228,163
高雄市三民區興德里,1916,2080,164
新北市土城區沛陂里,4792,4956,164
新竹縣新埔鎮文山里,4789,4953,164
澎湖縣湖西鄉西溪村,750,915,165
高雄市三民區正興里,13963,14129,166
新北市中和區外南里,7453,7619,166
臺南市新營區新北里,5687,5853,166
彰化縣伸港鄉埤墘村,1649,1815,166
桃園市桃園區長德里,5917,6083,166
新北市三重區富貴里,6652,6819,167
新北市樹林區東昇里,5091,5259,168
高雄市鳳山區鳳東里,7431,7600,169
高雄市鳳山區文福里,11531,11701,170
彰化縣伸港鄉什股村,2672,2843,171
桃園市蘆竹區營盤里,5968,6139,171
嘉義縣民雄鄉福樂村,7741,7912,171
臺中市大肚區蔗廍里,5777,5948,171
高雄市茄萣區崎漏里,5255,5426,171
新北市中和區員富里,3576,3748,172
金門縣金城鎮古城里,4339,4511,172
高雄市小港區坪頂里,6952,7125,173
桃園市平鎮區福林里,3928,4102,174
雲林縣斗六市榴南里,2400,2574,174
臺北市文山區興光里,3481,3655,174
新北市蘆洲區中原里,6175,6349,174
新竹市東區育賢里,1837,2013,176
桃園市平鎮區新英里,4477,4653,176
桃園市桃園區中寧里,7770,7946,176
新北市鶯歌區建國里,7416,7592,176
高雄市三民區鼎力里,4441,4618,177
新竹縣竹北市興安里,4652,4829,177
新竹市東區復興里,6708,6885,177
高雄市前鎮區竹北里,2537,2714,177
臺中市北區梅川里,3727,3905,178
新北市中和區漳和里,3770,3948,178
高雄市橋頭區甲北里,2245,2424,179
雲林縣斗南鎮明昌里,3842,4021,179
新北市汐止區中興里,7728,7908,180
臺中市南屯區田心里,7573,7753,180
新竹市香山區港南里,2981,3162,181
屏東縣里港鄉玉田村,3707,3888,181
桃園市中壢區忠福里,8939,9121,182
新北市三峽區礁溪里,6095,6277,182
臺南市安平區育平里,9440,9622,182
桃園市大園區北港里,3249,3432,183
嘉義縣太保市安仁里,3472,3656,184
臺南市東區裕聖里,6339,6523,184
桃園市桃園區中埔里,2644,2828,184
臺南市鹽水區岸內里,4320,4504,184
嘉義市西區湖內里,5453,5637,184
臺中市南區樹德里,9812,9997,185
新北市三重區五常里,4395,4580,185
新北市新莊區丹鳳里,9219,9404,185
新北市永和區保順里,10669,10855,186
臺中市梧棲區大庄里,9418,9604,186
新北市蘆洲區樓厝里,6630,6817,187
新北市淡水區新興里,7710,7897,187
新北市五股區成德里,3390,3578,188
雲林縣麥寮鄉施厝村,4234,4422,188
臺中市太平區永成里,8182,8370,188
新竹縣竹北市泰和里,7258,7446,188
彰化縣大村鄉福興村,2388,2577,189
桃園市觀音區大潭里,1991,2181,190
高雄市三民區德北里,2093,2284,191
高雄市小港區孔宅里,5241,5432,191
臺南市安南區州南里,5946,6138,192
宜蘭縣五結鄉大吉村,4187,4379,192
臺南市安南區󻕯南里,5505,5698,193
桃園市蘆竹區新莊里,5929,6122,193
臺中市東區泉源里,2227,2420,193
新北市板橋區赤松里,833,1026,193
高雄市鳥松區夢裡里,5274,5468,194
桃園市桃園區南埔里,6073,6269,196
新北市汐止區湖興里,6414,6610,196
澎湖縣馬公市西文里,3858,4055,197
新竹縣湖口鄉中興村,7346,7543,197
新北市三重區成功里,6530,6728,198
新竹市香山區香村里,4074,4274,200
桃園市桃園區龍安里,6503,6703,200
新北市新店區張南里,2172,2372,200
新北市中和區景文里,3649,3849,200
桃園市平鎮區平南里,8188,8388,200
新北市三重區光華里,2101,2303,202
桃園市龍潭區祥和里,1707,1911,204
嘉義縣太保市過溝里,4008,4212,204
臺中市南區永和里,5282,5486,204
彰化縣大村鄉黃厝村,2637,2841,204
臺南市中西區永華里,3101,3305,204
新北市板橋區江翠里,5093,5298,205
臺南市中西區西湖里,6558,6764,206
彰化縣大村鄉擺塘村,2904,3110,206
南投縣草屯鎮新庄里,4012,4218,206
高雄市左營區新光里,16552,16759,207
桃園市平鎮區忠貞里,1436,1644,208
新北市五股區民義里,3640,3848,208
雲林縣西螺鎮中興里,3503,3712,209
雲林縣麥寮鄉麥津村,5137,5348,211
澎湖縣馬公市興仁里,1240,1452,212
桃園市桃園區民生里,1687,1899,212
新北市五股區集賢里,4115,4328,213
屏東縣內埔鄉豐田村,3245,3458,213
臺南市安南區淵東里,5643,5856,213
臺北市內湖區東湖里,8004,8218,214
新北市三重區過田里,9695,9910,215
屏東縣潮州鎮三星里,6285,6500,215
桃園市八德區大興里,4575,4791,216
宜蘭縣冬山鄉鹿埔村,2712,2928,216
高雄市鹽埕區中山里,1180,1398,218
臺北市萬華區日祥里,5690,5909,219
臺南市中西區法華里,3723,3944,221
新北市板橋區新翠里,8116,8337,221
新北市汐止區北山里,5588,5810,222
臺中市西屯區福安里,3447,3669,222
新竹市東區關東里,6097,6321,224
苗栗縣竹南鎮開元里,1262,1486,224
臺中市神岡區社口里,8966,9190,224
臺中市大里區日新里,4788,5012,224
桃園市八德區大智里,4870,5095,225
臺中市大里區大里里,4136,4362,226
臺南市永康區塩興里,4437,4663,226
桃園市龍潭區三和里,2824,3051,227
臺中市南屯區向心里,6353,6580,227
南投縣草屯鎮富寮里,7853,8080,227
新竹縣新豐鄉山崎村,5341,5569,228
苗栗縣竹南鎮新南里,5848,6077,229
臺中市大雅區上楓里,7520,7749,229
臺中市沙鹿區福興里,4540,4771,231
高雄市三民區灣成里,2636,2867,231
宜蘭縣蘇澳鎮新城里,1467,1698,231
苗栗縣竹南鎮佳興里,4366,4597,231
桃園市龜山區楓樹里,4555,4786,231
臺中市大里區樹王里,4430,4662,232
新北市汐止區金龍里,5195,5427,232
雲林縣西螺鎮漢光里,5529,5761,232
桃園市平鎮區莊敬里,5378,5612,234
新北市淡水區福德里,6975,7211,236
臺中市龍井區田中里,4144,4381,237
新北市三重區慈祐里,4909,5147,238
桃園市蘆竹區羊稠里,5754,5996,242
高雄市三民區德西里,914,1156,242
桃園市大溪區三元里,3394,3637,243
臺中市豐原區西湳里,11053,11300,247
苗栗縣竹南鎮山佳里,6072,6319,247
桃園市蘆竹區中福里,4698,4946,248
桃園市楊梅區大同里,4047,4296,249
新竹市北區中寮里,4123,4373,250
新竹縣竹北市新崙里,7488,7739,251
高雄市新興區文昌里,3259,3512,253
桃園市八德區茄明里,5481,5734,253
桃園市桃園區大林里,8835,9088,253
桃園市觀音區坑尾里,1920,2174,254
新北市中和區華新里,7570,7824,254
桃園市中壢區中正里,6069,6324,255
新北市淡水區民權里,4478,4733,255
新北市汐止區湖光里,5956,6212,256
新竹市北區士林里,1979,2235,256
苗栗縣苗栗市福麗里,6314,6573,259
臺中市南區和平里,4674,4934,260
新北市新莊區化成里,3713,3974,261
新北市土城區柑林里,3726,3992,266
桃園市桃園區莊敬里,10406,10672,266
臺北市文山區景仁里,5528,5795,267
臺南市新化區山脚里,1672,1939,267
新北市樹林區柑園里,10058,10326,268
新竹縣湖口鄉東興村,5129,5398,269
金門縣金寧鄉湖埔村,8280,8549,269
高雄市小港區高松里,4604,4874,270
高雄市苓雅區正文里,2307,2578,271
臺中市南屯區三和里,10627,10900,273
桃園市蘆竹區大竹里,6052,6325,273
高雄市前鎮區忠純里,5532,5805,273
新北市土城區永富里,5519,5793,274
臺南市善化區小新里,5282,5557,275
彰化縣伸港鄉大同村,3056,3332,276
臺南市東區德高里,3518,3794,276
臺中市大里區健民里,5193,5469,276
臺南市安南區學東里,2565,2842,277
桃園市龍潭區烏樹林里,2868,3145,277
宜蘭縣宜蘭市建業里,2154,2433,279
新北市土城區延和里,6747,7026,279
高雄市苓雅區林富里,2597,2877,280
基隆市安樂區武崙里,5417,5698,281
新北市汐止區保長里,4709,4991,282
雲林縣虎尾鎮廉使里,3777,4063,286
桃園市中壢區新街里,2385,2672,287
新北市三重區溪美里,8664,8952,288
桃園市八德區大勇里,4852,5140,288
新北市板橋區華東里,7751,8040,289
臺南市新市區社內里,3082,3371,289
高雄市苓雅區安祥里,2606,2896,290
臺中市北屯區仁和里,10863,11153,290
新竹市北區中雅里,3960,4251,291
新北市八里區埤頭里,4160,4451,291
臺北市大同區隆和里,3278,3569,291
臺南市安南區東和里,3422,3715,293
桃園市桃園區三元里,4284,4577,293
桃園市桃園區慈文里,7787,8082,295
新北市淡水區沙崙里,4455,4751,296
桃園市中壢區自治里,4031,4328,297
臺南市善化區胡厝里,2092,2389,297
高雄市鳳山區福誠里,5418,5716,298
新竹市東區光復里,3454,3753,299
臺南市永康區龍埔里,4657,4956,299
新北市新店區安和里,7947,8249,302
新北市汐止區文化里,4519,4823,304
桃園市龍潭區中山里,6971,7275,304
臺中市龍井區龍泉里,8951,9256,305
臺中市大里區祥興里,8222,8528,306
桃園市桃園區龍鳳里,11046,11352,306
新竹縣竹北市新國里,7105,7412,307
新北市三重區頂崁里,2397,2704,307
高雄市鳳山區保安里,8590,8898,308
雲林縣麥寮鄉興華村,3015,3324,309
臺中市太平區新坪里,9150,9462,312
新北市新莊區中隆里,5095,5407,312
新竹市北區中興里,731,1045,314
桃園市桃園區中興里,6637,6952,315
臺中市北屯區軍功里,15109,15427,318
桃園市中壢區復華里,6881,7202,321
高雄市前鎮區忠孝里,3076,3401,325
桃園市楊梅區金溪里,4830,5157,327
臺南市東區虎尾里,6124,6452,328
苗栗縣頭份市民權里,2435,2764,329
新北市板橋區成和里,7110,7442,332
臺中市南屯區豐樂里,13403,13735,332
桃園市平鎮區平安里,6008,6340,332
苗栗縣頭份市中興里,3506,3841,335
桃園市楊梅區金龍里,1409,1745,336
基隆市中正區砂子里,6157,6494,337
新北市三峽區龍埔里,10154,10496,342
新北市八里區大崁里,3362,3704,342
彰化縣鹿港鎮頂厝里,9932,10276,344
臺中市北屯區松強里,8227,8572,345
高雄市大寮區琉球里,4996,5341,345
臺中市北屯區水景里,16706,17052,346
高雄市仁武區文武里,10617,10963,346
桃園市中壢區月眉里,6388,6744,356
臺中市梧棲區頂寮里,3980,4337,357
高雄市鳳山區和德里,2647,3004,357
臺中市西屯區西安里,5970,6330,360
高雄市楠梓區翠屏里,18097,18459,362
苗栗縣頭份市蟠桃里,4190,4552,362
高雄市左營區新下里,15712,16076,364
桃園市大園區五權里,5884,6250,366
高雄市三民區寶珠里,6985,7355,370
新北市八里區頂罟里,2197,2569,372
彰化縣員林市南平里,6503,6876,373
桃園市八德區大宏里,4958,5334,376
臺北市北投區洲美里,2048,2425,377
桃園市楊梅區瑞坪里,7183,7560,377
新北市汐止區橋東里,3119,3497,378
高雄市仁武區大灣里,4746,5125,379
臺中市沙鹿區六路里,6355,6734,379
新竹市北區港北里,1917,2297,380
臺中市豐原區翁子里,3436,3817,381
新北市板橋區中山里,6769,7150,381
新竹市東區建功里,4439,4821,382
臺中市沙鹿區埔子里,6774,7157,383
臺中市太平區新城里,6645,7036,391
新北市三峽區龍恩里,7389,7782,393
臺中市南屯區永定里,5983,6377,394
臺北市中正區南福里,11496,11894,398
金門縣金湖鎮新湖里,9028,9426,398
新竹縣竹東鎮中正里,2248,2648,400
新北市永和區下溪里,4193,4595,402
臺南市中西區城隍里,4294,4696,402
臺中市西屯區永安里,16133,16535,402
桃園市楊梅區四維里,5360,5762,402
桃園市八德區大和里,8818,9221,403
彰化縣大村鄉大村村,3870,4275,405
臺南市新市區新和里,7491,7899,408
桃園市桃園區文化里,808,1218,410
臺中市梧棲區南簡里,6100,6511,411
臺中市南屯區惠中里,9398,9809,411
桃園市中壢區華勛里,4311,4725,414
桃園市楊梅區上湖里,6385,6799,414
高雄市岡山區台上里,6967,7381,414
彰化縣彰化市南興里,9007,9423,416
雲林縣麥寮鄉麥豐村,9325,9743,418
新北市樹林區南園里,15765,16183,418
新竹縣芎林鄉上山村,4917,5335,418
桃園市蘆竹區順興里,4768,5187,419
桃園市中壢區忠義里,4499,4919,420
桃園市新屋區頭洲里,4995,5417,422
臺北市北投區奇岩里,10529,10951,422
桃園市八德區大正里,5033,5457,424
臺南市安南區溪心里,9294,9724,430
基隆市信義區孝忠里,8757,9190,433
新北市三峽區中埔里,3322,3757,435
彰化縣大村鄉過溝村,3321,3757,436
新竹市北區海濱里,4593,5031,438
基隆市安樂區鶯安里,5410,5850,440
高雄市楠梓區五常里,7370,7810,440
高雄市小港區廈莊里,4231,4671,440
臺中市沙鹿區鹿峰里,6321,6766,445
高雄市鼓山區龍子里,20265,20710,445
臺南市南區興農里,2640,3086,446
臺南市南區省躬里,4133,4583,450
新北市汐止區自強里,5698,6152,454
新竹縣竹北市十興里,9974,10431,457
臺北市內湖區寶湖里,9268,9732,464
新北市新莊區忠孝里,4948,5413,465
臺中市太平區新光里,8859,9324,465
高雄市三民區寶業里,6697,7165,468
臺南市南區大成里,1637,2105,468
臺南市東區東智里,2747,3218,471
桃園市蘆竹區南榮里,3919,4392,473
臺中市大里區新里里,12194,12667,473
新北市新店區香坡里,10967,11442,475
臺北市內湖區週美里,8667,9144,477
高雄市楠梓區金田里,3890,4368,478
高雄市小港區港南里,2750,3229,479
新北市新店區和平里,966,1445,479
桃園市平鎮區宋屋里,4749,5229,480
新北市汐止區北峰里,4652,5133,481
新北市新莊區中平里,9476,9960,484
桃園市楊梅區梅溪里,4668,5162,494
桃園市龍潭區烏林里,4812,5309,497
新北市板橋區宏翠里,5052,5550,498
新竹縣湖口鄉中勢村,3702,4201,499
桃園市大園區田心里,8206,8706,500
新竹市東區關新里,5588,6089,501
新竹縣湖口鄉信義村,4281,4784,503
臺南市安南區淵西里,3927,4431,504
屏東縣屏東市崇蘭里,14465,14973,508
臺南市北區華德里,4497,5006,509
新北市淡水區新春里,9131,9640,509
新北市三峽區龍學里,16437,16949,512
高雄市鳳山區南成里,10035,10548,513
高雄市苓雅區晴朗里,2350,2865,515
桃園市蘆竹區中興里,6277,6795,518
金門縣金寧鄉安美村,5145,5665,520
臺中市南屯區三厝里,8755,9275,520
新北市鶯歌區鳳福里,3916,4439,523
高雄市楠梓區東寧里,5107,5631,524
桃園市楊梅區永寧里,8860,9386,526
臺中市大里區永隆里,13164,13692,528
屏東縣東港鎮興東里,11242,11770,528
新竹縣新豐鄉松柏村,7592,8123,531
雲林縣虎尾鎮墾地里,1922,2456,534
高雄市仁武區灣內里,9123,9659,536
新北市林口區中湖里,4556,5098,542
臺南市仁德區仁德里,8950,9497,547
新北市板橋區社後里,9335,9885,550
新北市板橋區溪頭里,6211,6767,556
桃園市桃園區新埔里,11442,11998,556
臺中市西屯區福林里,9271,9828,557
臺中市太平區長億里,7235,7793,558
桃園市楊梅區瑞塘里,6877,7441,564
彰化縣彰化市延平里,11234,11800,566
苗栗縣頭份市後庄里,4984,5552,568
高雄市仁武區五和里,5561,6130,569
新北市汐止區東勢里,4209,4779,570
新北市新莊區雙鳳里,11865,12442,577
桃園市龜山區長庚里,4958,5543,585
臺中市沙鹿區三鹿里,8704,9296,592
臺中市太平區新福里,7575,8168,593
臺中市西屯區西墩里,6916,7509,593
桃園市桃園區大有里,7525,8125,600
新北市板橋區柏翠里,4301,4901,600
桃園市大園區南港里,6544,7146,602
新北市淡水區北投里,10976,11582,606
臺南市南區明德里,1058,1667,609
新竹縣竹北市中崙里,8161,8781,620
新北市三重區碧華里,8202,8825,623
新北市中和區碧河里,4502,5126,624
臺南市安南區海南里,2257,2881,624
新北市板橋區居仁里,3379,4009,630
新北市淡水區竿蓁里,10722,11368,646
臺中市清水區南社里,12026,12675,649
臺中市北屯區松竹里,10313,10963,650
苗栗縣竹南鎮大埔里,4925,5578,653
臺中市梧棲區福德里,5507,6166,659
桃園市平鎮區義興里,8011,8676,665
高雄市左營區自助里,410,1079,669
桃園市楊梅區青山里,4641,5312,671
桃園市觀音區樹林里,4847,5519,672
新竹市東區東園里,8092,8774,682
苗栗縣苗栗市文山里,4601,5286,685
桃園市平鎮區金星里,7908,8601,693
嘉義市東區興安里,2824,3540,716
新竹縣新埔鎮田新里,2978,3696,718
臺中市南屯區春安里,963,1681,718
新北市新莊區榮和里,5003,5732,729
桃園市桃園區會稽里,11184,11915,731
新北市新莊區福基里,4749,5488,739
新北市蘆洲區保新里,3287,4038,751
新北市汐止區福安里,6476,7228,752
桃園市中壢區復興里,12292,13057,765
新北市新莊區西盛里,12410,13177,767
新竹縣湖口鄉中正村,3764,4536,772
臺北市南港區東明里,4902,5682,780
桃園市桃園區龍壽里,7345,8126,781
新北市林口區西林里,10867,11674,807
臺中市北區錦祥里,4410,5222,812
高雄市仁武區赤山里,7404,8223,819
臺中市南區樹義里,14013,14845,832
桃園市龜山區文化里,7642,8477,835
臺中市西屯區潮洋里,6513,7351,838
新北市淡水區八勢里,5880,6718,838
臺南市安平區國平里,8530,9370,840
高雄市鳳山區過埤里,16352,17201,849
高雄市仁武區高楠里,2211,3073,862
新北市板橋區福安里,6662,7525,863
基隆市信義區孝深里,4503,5380,877
高雄市鳳山區新興里,2767,3668,901
新北市新莊區龍鳳里,10049,10952,903
新竹縣竹北市隘口里,3402,4306,904
桃園市中壢區芝芭里,4037,4974,937
新北市土城區日和里,6056,6998,942
新竹縣竹北市斗崙里,8883,9839,956
新北市蘆洲區正義里,14574,15536,962
臺中市南屯區新生里,1854,2837,983
新北市新莊區立廷里,12044,13037,993
桃園市大溪區仁善里,4583,5578,995
新北市鶯歌區尖山里,8301,9322,1021
臺中市太平區新興里,6358,7392,1034
高雄市楠梓區清豐里,26736,27778,1042
臺南市安南區國安里,2717,3799,1082
新竹市北區金雅里,2555,3654,1099
新北市鶯歌區鳳鳴里,4926,6033,1107
新竹市東區東勢里,3344,4457,1113
新北市五股區成功里,6643,7783,1140
桃園市觀音區草漯里,2612,3776,1164
臺中市烏日區三和里,5750,6917,1167
苗栗縣頭份市東庄里,4426,5595,1169
新北市板橋區中正里,4510,5687,1177
新北市新店區公崙里,12721,13921,1200
高雄市左營區福山里,43756,44993,1237
桃園市龜山區文青里,7882,9129,1247
新北市土城區員林里,6295,7557,1262
新北市新莊區頭前里,8861,10137,1276
桃園市桃園區同安里,10613,11969,1356
臺中市烏日區榮泉里,6060,7419,1359
新竹縣竹北市鹿場里,15298,16686,1388
高雄市楠梓區藍田里,8464,9899,1435
高雄市楠梓區中和里,3999,5486,1487
臺中市北屯區和平里,13397,14889,1492
新竹縣竹東鎮二重里,13409,14952,1543
新北市林口區東勢里,6461,8016,1555
臺中市西屯區惠來里,18004,19560,1556
新北市新莊區昌平里,7273,8881,1608
桃園市八德區瑞豐里,4645,6260,1615
臺中市清水區槺榔里,6348,7964,1616
桃園市桃園區中成里,5247,6866,1619
臺南市善化區蓮潭里,3408,5031,1623
臺中市北屯區舊社里,7121,8756,1635
桃園市桃園區汴洲里,6329,8007,1678
高雄市鳳山區鎮北里,10265,11943,1678
新北市中和區中原里,6128,7826,1698
桃園市楊梅區楊明里,8390,10112,1722
桃園市桃園區中正里,6342,8071,1729
臺中市北屯區仁美里,10787,12553,1766
臺南市永康區東橋里,7873,9669,1796
高雄市仁武區八卦里,19041,20871,1830
桃園市桃園區文中里,3136,5031,1895
臺中市南屯區文山里,12489,14391,1902
新竹縣竹北市東興里,7997,9924,1927
桃園市八德區福興里,10594,12547,1953
桃園市大園區橫峰里,12827,14784,1957
臺中市太平區新高里,8878,10848,1970
新竹縣竹北市竹北里,8630,10601,1971
桃園市中壢區過嶺里,8380,10353,1973
新北市新莊區中原里,11553,13613,2060
新竹市東區龍山里,11974,14064,2090
新竹縣竹北市中興里,9816,11970,2154
新竹市東區埔頂里,6574,8744,2170
新北市新店區中興里,5315,7505,2190
新竹縣竹北市東平里,16292,18484,2192
高雄市橋頭區新莊里,2857,5211,2354
新北市淡水區大庄里,8203,10565,2362
新北市五股區成泰里,9140,11518,2378
高雄市鼓山區龍水里,28994,31402,2408
桃園市八德區興仁里,9041,11452,2411
桃園市龜山區樂善里,4266,6811,2545
桃園市中壢區洽溪里,6418,9179,2761
新竹縣竹北市北興里,5129,8469,3340
桃園市中壢區青埔里,4628,8432,3804
新北市林口區湖南里,23485,27543,4058
臺中市北屯區廍子里,13516,19067,5551
新北市淡水區崁頂里,15833,21659,5826
新北市林口區南勢里,20852,27084,6232
