cunli,2018.12,2021.08,diff,rate
雲林縣斗六市虎溪里,6454,4004,-2450,-0.38
新北市新店區新安里,6533,4097,-2436,-0.373
臺北市松山區自強里,10211,8990,-1221,-0.12
臺北市萬華區和德里,7165,6344,-821,-0.115
高雄市鳳山區富甲里,2843,2060,-783,-0.275
臺北市萬華區華江里,8885,8195,-690,-0.078
臺北市萬華區和平里,7120,6437,-683,-0.096
臺北市松山區吉祥里,8614,7934,-680,-0.079
臺中市烏日區前竹里,2616,1957,-659,-0.252
臺北市內湖區樂康里,9053,8399,-654,-0.072
臺北市中山區大直里,9735,9090,-645,-0.066
臺北市中正區龍福里,6209,5582,-627,-0.101
臺北市北投區中央里,8893,8268,-625,-0.07
臺北市南港區舊莊里,9430,8807,-623,-0.066
臺北市北投區大同里,6068,5449,-619,-0.102
臺北市信義區泰和里,8065,7449,-616,-0.076
臺北市大同區至聖里,8274,7659,-615,-0.074
臺北市中山區行仁里,8447,7835,-612,-0.072
臺北市中正區新營里,10164,9563,-601,-0.059
臺北市萬華區新和里,8625,8054,-571,-0.066
臺北市內湖區西湖里,7453,6892,-561,-0.075
臺北市松山區新聚里,8251,7690,-561,-0.068
臺北市信義區廣居里,8287,7728,-559,-0.067
臺北市士林區社新里,9606,9047,-559,-0.058
臺北市信義區國業里,8151,7594,-557,-0.068
臺北市信義區三張里,9143,8598,-545,-0.06
臺北市中正區忠勤里,6577,6049,-528,-0.08
臺北市內湖區瑞陽里,7996,7469,-527,-0.066
臺北市士林區百齡里,7494,6977,-517,-0.069
高雄市三民區安邦里,4638,4121,-517,-0.111
臺北市文山區樟林里,8791,8276,-515,-0.059
臺北市信義區中行里,8207,7704,-503,-0.061
臺北市大同區斯文里,5077,4577,-500,-0.098
臺北市文山區興旺里,8705,8209,-496,-0.057
臺北市大安區義村里,5696,5207,-489,-0.086
臺北市文山區木新里,10499,10011,-488,-0.046
臺北市大安區光信里,8050,7566,-484,-0.06
臺北市松山區民福里,6461,5985,-476,-0.074
臺北市萬華區頂碩里,7402,6932,-470,-0.063
臺北市北投區關渡里,11859,11392,-467,-0.039
臺北市士林區永倫里,7411,6949,-462,-0.062
臺北市大同區雙連里,9919,9457,-462,-0.047
臺北市士林區福華里,6620,6160,-460,-0.069
臺北市大安區住安里,5325,4868,-457,-0.086
臺北市松山區東光里,7244,6793,-451,-0.062
臺北市士林區福中里,7308,6859,-449,-0.061
臺北市文山區興家里,7828,7379,-449,-0.057
臺北市中山區永安里,9929,9482,-447,-0.045
臺北市士林區葫蘆里,8027,7582,-445,-0.055
臺北市信義區惠安里,6734,6289,-445,-0.066
臺北市松山區民有里,8981,8542,-439,-0.049
臺北市信義區興雅里,5893,5454,-439,-0.074
臺北市松山區安平里,8659,8220,-439,-0.051
臺北市中山區江山里,7751,7313,-438,-0.057
臺北市南港區成福里,7922,7485,-437,-0.055
臺北市士林區天和里,8013,7579,-434,-0.054
臺北市松山區復盛里,6528,6095,-433,-0.066
臺北市內湖區港富里,10041,9608,-433,-0.043
臺北市士林區後港里,8536,8104,-432,-0.051
臺北市信義區五全里,5047,4616,-431,-0.085
臺北市中山區新喜里,5503,5073,-430,-0.078
臺北市中山區新生里,5028,4598,-430,-0.086
臺北市內湖區西康里,9784,9357,-427,-0.044
臺北市信義區安康里,11118,10692,-426,-0.038
臺北市大安區黎和里,4928,4505,-423,-0.086
臺北市信義區黎平里,7212,6790,-422,-0.059
臺北市中山區江寧里,7176,6756,-420,-0.059
臺北市北投區長安里,6548,6132,-416,-0.064
臺北市士林區天玉里,9351,8936,-415,-0.044
臺北市中山區成功里,7235,6820,-415,-0.057
桃園市桃園區光興里,6078,5663,-415,-0.068
臺北市文山區順興里,7919,7504,-415,-0.052
臺北市大同區永樂里,5533,5119,-414,-0.075
臺北市大安區龍淵里,10361,9947,-414,-0.04
臺北市北投區溫泉里,6879,6465,-414,-0.06
臺北市士林區舊佳里,6467,6054,-413,-0.064
臺北市文山區萬美里,7646,7234,-412,-0.054
臺北市萬華區新安里,6307,5895,-412,-0.065
臺北市萬華區華中里,6421,6009,-412,-0.064
臺北市大安區德安里,5928,5517,-411,-0.069
臺北市大安區民輝里,6947,6536,-411,-0.059
臺北市內湖區清白里,8861,8452,-409,-0.046
新北市新莊區營盤里,2250,1842,-408,-0.181
臺北市大安區龍雲里,4950,4543,-407,-0.082
臺北市萬華區柳鄉里,5404,4998,-406,-0.075
臺北市大同區大有里,5035,4631,-404,-0.08
臺北市萬華區壽德里,5402,4998,-404,-0.075
臺北市中正區龍興里,4334,3930,-404,-0.093
新北市新莊區立人里,2410,2007,-403,-0.167
臺北市大安區和安里,7443,7041,-402,-0.054
臺北市內湖區紫雲里,6104,5705,-399,-0.065
臺北市南港區合成里,6944,6545,-399,-0.057
臺北市大安區仁愛里,5437,5039,-398,-0.073
臺北市士林區福佳里,8147,7749,-398,-0.049
臺北市文山區興昌里,6957,6562,-395,-0.057
臺北市松山區三民里,7041,6648,-393,-0.056
臺北市北投區振華里,7990,7599,-391,-0.049
臺北市中山區下埤里,7680,7289,-391,-0.051
臺北市大安區正聲里,4953,4563,-390,-0.079
臺北市中山區集英里,7484,7094,-390,-0.052
臺北市南港區東新里,7652,7263,-389,-0.051
臺北市中山區中庄里,5235,4846,-389,-0.074
臺北市士林區福德里,6039,5651,-388,-0.064
臺北市信義區雙和里,7361,6973,-388,-0.053
臺北市松山區東榮里,8338,7950,-388,-0.047
臺北市士林區天母里,7036,6649,-387,-0.055
臺北市信義區景勤里,4149,3762,-387,-0.093
臺北市文山區萬芳里,8211,7825,-386,-0.047
臺北市大安區群英里,7056,6671,-385,-0.055
臺北市信義區大道里,6220,5835,-385,-0.062
臺北市士林區福志里,7843,7459,-384,-0.049
臺北市南港區中研里,9871,9488,-383,-0.039
臺北市大安區光武里,7737,7357,-380,-0.049
臺北市大安區建倫里,6448,6069,-379,-0.059
臺北市信義區六合里,6910,6533,-377,-0.055
臺北市大安區群賢里,5982,5607,-375,-0.063
臺北市萬華區興德里,4929,4554,-375,-0.076
臺北市北投區榮華里,7736,7362,-374,-0.048
臺北市文山區試院里,7177,6803,-374,-0.052
臺北市文山區樟腳里,5967,5594,-373,-0.063
臺北市萬華區糖廍里,5628,5257,-371,-0.066
臺北市大安區龍圖里,7021,6650,-371,-0.053
臺北市大同區老師里,6094,5724,-370,-0.061
臺北市內湖區安湖里,8365,7996,-369,-0.044
臺北市文山區景華里,6153,5786,-367,-0.06
臺北市萬華區銘德里,4867,4501,-366,-0.075
臺北市信義區四育里,5737,5372,-365,-0.064
臺北市大安區建安里,5164,4799,-365,-0.071
臺北市南港區聯成里,5294,4929,-365,-0.069
臺北市文山區興業里,5627,5267,-360,-0.064
臺北市大安區大學里,8840,8480,-360,-0.041
臺北市信義區松友里,7148,6791,-357,-0.05
臺北市文山區樟樹里,5159,4804,-355,-0.069
臺北市文山區華興里,9415,9060,-355,-0.038
臺北市中山區行政里,7596,7241,-355,-0.047
新北市中和區仁和里,4369,4016,-353,-0.081
臺北市信義區四維里,5441,5089,-352,-0.065
臺北市士林區社園里,7704,7352,-352,-0.046
臺北市大安區車層里,6521,6171,-350,-0.054
臺北市士林區三玉里,6068,5720,-348,-0.057
臺北市內湖區西安里,6801,6454,-347,-0.051
臺北市內湖區五分里,11830,11485,-345,-0.029
臺北市內湖區秀湖里,6436,6091,-345,-0.054
新竹市北區育英里,4740,4396,-344,-0.073
臺北市文山區萬年里,5523,5180,-343,-0.062
臺北市中山區新庄里,5178,4835,-343,-0.066
臺北市北投區中庸里,4438,4095,-343,-0.077
臺北市內湖區湖濱里,8715,8373,-342,-0.039
臺北市大安區黎孝里,7813,7471,-342,-0.044
臺北市北投區稻香里,5690,5349,-341,-0.06
高雄市左營區新上里,30418,30077,-341,-0.011
臺北市大安區誠安里,4159,3819,-340,-0.082
新竹縣竹東鎮五豐里,9603,9264,-339,-0.035
臺北市文山區明興里,7034,6695,-339,-0.048
臺北市大安區通安里,5625,5287,-338,-0.06
臺北市松山區鵬程里,5576,5239,-337,-0.06
臺北市大安區敦煌里,6586,6249,-337,-0.051
臺北市中正區永昌里,5052,4716,-336,-0.067
高雄市前鎮區瑞祥里,5945,5609,-336,-0.057
花蓮縣花蓮市國富里,5779,5443,-336,-0.058
臺北市中正區幸市里,4541,4208,-333,-0.073
臺北市內湖區紫星里,8301,7968,-333,-0.04
臺北市中正區河堤里,4643,4311,-332,-0.072
臺北市文山區興福里,6074,5743,-331,-0.054
臺北市內湖區安泰里,5798,5468,-330,-0.057
臺中市大里區東興里,8486,8157,-329,-0.039
新竹縣竹北市竹仁里,11559,11231,-328,-0.028
臺北市北投區一德里,7830,7502,-328,-0.042
臺北市南港區中南里,3961,3635,-326,-0.082
臺北市信義區興隆里,2900,2574,-326,-0.112
臺北市中正區網溪里,5945,5620,-325,-0.055
臺北市文山區景慶里,6931,6608,-323,-0.047
臺北市萬華區福星里,5641,5318,-323,-0.057
臺北市中山區松江里,6709,6389,-320,-0.048
臺北市大安區敦安里,6668,6348,-320,-0.048
臺北市士林區名山里,7414,7096,-318,-0.043
臺北市士林區蘭雅里,9074,8759,-315,-0.035
臺北市松山區中正里,10543,10229,-314,-0.03
臺北市南港區新富里,4185,3871,-314,-0.075
臺北市信義區敦厚里,5367,5055,-312,-0.058
臺北市北投區八仙里,5770,5459,-311,-0.054
苗栗縣三義鄉廣盛村,4865,4555,-310,-0.064
臺北市文山區景東里,7713,7404,-309,-0.04
臺北市中正區頂東里,6123,5815,-308,-0.05
臺北市松山區敦化里,7331,7023,-308,-0.042
臺中市豐原區西安里,6182,5875,-307,-0.05
臺北市南港區萬福里,4423,4116,-307,-0.069
臺北市士林區天山里,7269,6962,-307,-0.042
臺北市中正區螢雪里,4453,4147,-306,-0.069
臺北市北投區吉利里,7612,7306,-306,-0.04
臺北市內湖區康寧里,9632,9327,-305,-0.032
臺北市北投區榮光里,8104,7799,-305,-0.038
臺南市北區北門里,6115,5812,-303,-0.05
臺北市士林區忠誠里,5786,5484,-302,-0.052
臺北市中山區朱馥里,6101,5801,-300,-0.049
屏東縣屏東市大連里,11000,10700,-300,-0.027
臺北市南港區百福里,5605,5305,-300,-0.054
臺北市信義區西村里,5912,5613,-299,-0.051
臺北市士林區明勝里,5119,4820,-299,-0.058
臺北市文山區樟新里,5873,5575,-298,-0.051
臺中市西屯區逢福里,6597,6300,-297,-0.045
高雄市楠梓區宏毅里,2973,2676,-297,-0.1
臺南市新營區王公里,5258,4962,-296,-0.056
臺北市南港區仁福里,5807,5512,-295,-0.051
臺北市中山區民安里,4647,4353,-294,-0.063
臺北市大同區星明里,6413,6119,-294,-0.046
新竹縣竹東鎮鷄林里,4756,4463,-293,-0.062
臺北市南港區西新里,5018,4725,-293,-0.058
金門縣金城鎮西門里,11501,11209,-292,-0.025
臺北市士林區承德里,5770,5478,-292,-0.051
臺北市中正區文北里,5836,5545,-291,-0.05
臺北市中山區圓山里,4399,4109,-290,-0.066
臺北市士林區社子里,6810,6520,-290,-0.043
臺中市烏日區九德里,16252,15963,-289,-0.018
高雄市左營區海勝里,6422,6134,-288,-0.045
臺北市信義區長春里,4382,4095,-287,-0.065
臺南市北區長勝里,4487,4201,-286,-0.064
臺北市北投區桃源里,6290,6004,-286,-0.045
臺北市信義區黎忠里,4954,4668,-286,-0.058
高雄市三民區寶國里,9744,9459,-285,-0.029
臺北市大安區義安里,5453,5170,-283,-0.052
新北市樹林區保安里,6687,6404,-283,-0.042
臺南市東區崇文里,7675,7394,-281,-0.037
臺南市中西區南廠里,4547,4266,-281,-0.062
臺北市大同區鄰江里,6661,6380,-281,-0.042
臺北市大安區民炤里,8428,8149,-279,-0.033
臺北市萬華區錦德里,5703,5424,-279,-0.049
臺北市文山區萬隆里,7586,7308,-278,-0.037
臺南市東區泉南里,5440,5163,-277,-0.051
臺北市萬華區綠堤里,4449,4173,-276,-0.062
臺北市信義區正和里,4775,4499,-276,-0.058
臺北市內湖區瑞光里,4779,4504,-275,-0.058
臺北市內湖區湖興里,8801,8526,-275,-0.031
高雄市小港區正苓里,4923,4648,-275,-0.056
高雄市楠梓區錦屏里,3350,3076,-274,-0.082
高雄市鳳山區協和里,4003,3729,-274,-0.068
臺北市內湖區葫洲里,7924,7651,-273,-0.034
新北市中和區新南里,8512,8239,-273,-0.032
臺北市內湖區大湖里,5736,5464,-272,-0.047
臺北市大安區龍坡里,6142,5870,-272,-0.044
桃園市大園區埔心里,7184,6913,-271,-0.038
臺北市信義區中坡里,4536,4265,-271,-0.06
臺北市萬華區仁德里,4851,4581,-270,-0.056
桃園市龜山區龜山里,8191,7921,-270,-0.033
新北市板橋區湳興里,5547,5279,-268,-0.048
臺北市信義區新仁里,3484,3217,-267,-0.077
臺北市萬華區凌霄里,3769,3503,-266,-0.071
新北市永和區保安里,7512,7246,-266,-0.035
臺北市文山區萬有里,5906,5641,-265,-0.045
金門縣金湖鎮新市里,4765,4500,-265,-0.056
臺北市大同區民權里,6808,6543,-265,-0.039
臺北市中山區晴光里,5597,5332,-265,-0.047
臺北市信義區黎順里,4151,3888,-263,-0.063
桃園市桃園區中德里,8202,7940,-262,-0.032
臺北市士林區蘭興里,6713,6451,-262,-0.039
新北市永和區民樂里,5001,4739,-262,-0.052
臺北市松山區富泰里,4793,4532,-261,-0.054
金門縣金城鎮東門里,5802,5541,-261,-0.045
臺北市北投區裕民里,8056,7796,-260,-0.032
臺北市松山區莊敬里,5489,5230,-259,-0.047
臺北市南港區玉成里,5025,4766,-259,-0.052
臺北市內湖區碧山里,7371,7112,-259,-0.035
新北市新莊區光華里,7921,7663,-258,-0.033
臺北市萬華區福音里,4093,3836,-257,-0.063
臺中市潭子區東寶里,14268,14011,-257,-0.018
臺北市中山區中山里,6858,6601,-257,-0.037
臺北市中正區永功里,6495,6238,-257,-0.04
臺北市中正區三愛里,9035,8779,-256,-0.028
臺北市南港區九如里,6692,6436,-256,-0.038
高雄市三民區本館里,9731,9476,-255,-0.026
臺北市萬華區榮德里,3758,3504,-254,-0.068
桃園市龜山區新路里,6519,6265,-254,-0.039
臺北市北投區文化里,4486,4232,-254,-0.057
臺北市文山區萬興里,8855,8602,-253,-0.029
臺北市大安區虎嘯里,3925,3672,-253,-0.064
臺北市士林區天祿里,5506,5253,-253,-0.046
臺東縣臺東市馬蘭里,3772,3520,-252,-0.067
臺北市信義區永吉里,4129,3877,-252,-0.061
苗栗縣造橋鄉大西村,4041,3789,-252,-0.062
臺北市信義區大仁里,4110,3858,-252,-0.061
桃園市平鎮區湧光里,6443,6192,-251,-0.039
新北市土城區埤林里,8932,8681,-251,-0.028
臺南市北區大港里,6375,6124,-251,-0.039
臺北市北投區中心里,6678,6427,-251,-0.038
臺中市西屯區何仁里,7394,7145,-249,-0.034
新北市泰山區義仁里,9040,8791,-249,-0.028
臺北市內湖區金湖里,10586,10338,-248,-0.023
臺北市信義區中興里,3573,3325,-248,-0.069
臺北市北投區智仁里,6410,6162,-248,-0.039
臺北市萬華區忠貞里,4933,4686,-247,-0.05
高雄市前鎮區鎮榮里,2490,2243,-247,-0.099
高雄市苓雅區五福里,4142,3895,-247,-0.06
臺北市文山區萬盛里,4822,4576,-246,-0.051
臺北市中正區螢圃里,5658,5412,-246,-0.043
臺北市內湖區金龍里,5550,5304,-246,-0.044
臺北市信義區松光里,5009,4763,-246,-0.049
高雄市鳳山區和興里,6211,5965,-246,-0.04
臺北市士林區福林里,3111,2865,-246,-0.079
臺北市大安區黎元里,5714,5470,-244,-0.043
臺南市永康區復華里,10952,10708,-244,-0.022
臺北市大安區芳和里,5876,5633,-243,-0.041
臺北市北投區永明里,5343,5100,-243,-0.045
臺北市內湖區石潭里,4205,3962,-243,-0.058
臺北市大安區法治里,4592,4350,-242,-0.053
臺北市大同區建明里,3447,3206,-241,-0.07
新北市板橋區海山里,8528,8287,-241,-0.028
臺中市潭子區甘蔗里,11395,11156,-239,-0.021
臺北市士林區天福里,6668,6430,-238,-0.036
新竹市東區高峰里,6901,6663,-238,-0.034
臺北市信義區五常里,3764,3527,-237,-0.063
臺北市中山區龍洲里,5077,4840,-237,-0.047
高雄市三民區寶中里,3526,3289,-237,-0.067
屏東縣屏東市永安里,8321,8084,-237,-0.028
臺北市北投區立農里,9714,9478,-236,-0.024
桃園市桃園區東埔里,5601,5365,-236,-0.042
新北市新莊區信義里,5734,5498,-236,-0.041
臺北市大安區華聲里,4383,4147,-236,-0.054
臺南市永康區正強里,9445,9209,-236,-0.025
臺南市東區小東里,5177,4941,-236,-0.046
屏東縣屏東市華山里,5796,5561,-235,-0.041
臺中市大里區國光里,7091,6856,-235,-0.033
臺北市中山區新福里,5326,5091,-235,-0.044
臺中市西區公舘里,6775,6540,-235,-0.035
臺北市中山區中央里,3907,3673,-234,-0.06
臺北市北投區石牌里,5445,5211,-234,-0.043
臺北市中山區埤頭里,3393,3160,-233,-0.069
臺中市北區建興里,6603,6370,-233,-0.035
臺北市松山區東勢里,4545,4312,-233,-0.051
新北市三峽區永舘里,7995,7762,-233,-0.029
臺北市士林區仁勇里,4078,3846,-232,-0.057
基隆市安樂區鶯歌里,3393,3161,-232,-0.068
金門縣金城鎮南門里,6302,6070,-232,-0.037
彰化縣彰化市萬安里,4969,4737,-232,-0.047
臺南市安平區天妃里,3888,3656,-232,-0.06
臺南市東區德光里,4819,4588,-231,-0.048
臺北市信義區永春里,5067,4836,-231,-0.046
臺南市新營區永平里,3128,2898,-230,-0.074
新竹市北區新雅里,6070,5840,-230,-0.038
新北市土城區清水里,8475,8245,-230,-0.027
臺南市東區崇明里,5057,4827,-230,-0.045
新北市板橋區福德里,5353,5123,-230,-0.043
臺南市東區圍下里,2347,2117,-230,-0.098
臺北市松山區復勢里,6624,6395,-229,-0.035
臺北市士林區東山里,5357,5128,-229,-0.043
臺北市南港區新光里,3892,3663,-229,-0.059
臺北市北投區中和里,5094,4865,-229,-0.045
高雄市三民區安吉里,5266,5037,-229,-0.043
高雄市小港區店鎮里,6830,6602,-228,-0.033
臺北市信義區景新里,5296,5068,-228,-0.043
臺北市士林區臨溪里,3053,2825,-228,-0.075
臺南市東區莊敬里,4441,4213,-228,-0.051
臺北市內湖區港墘里,6384,6156,-228,-0.036
新竹縣橫山鄉橫山村,3919,3692,-227,-0.058
臺中市西區吉龍里,7757,7530,-227,-0.029
臺北市萬華區雙園里,4805,4578,-227,-0.047
臺南市北區小北里,4526,4299,-227,-0.05
高雄市前鎮區草衙里,10882,10655,-227,-0.021
臺北市萬華區西門里,3849,3623,-226,-0.059
臺北市萬華區富福里,6156,5930,-226,-0.037
桃園市大園區沙崙里,3222,2997,-225,-0.07
臺北市內湖區紫陽里,8345,8120,-225,-0.027
新北市林口區東林里,4395,4170,-225,-0.051
高雄市前鎮區瑞平里,4475,4251,-224,-0.05
臺北市萬華區萬壽里,3405,3181,-224,-0.066
臺北市松山區富錦里,5328,5104,-224,-0.042
臺北市萬華區保德里,3421,3198,-223,-0.065
臺北市信義區嘉興里,3230,3007,-223,-0.069
臺中市大里區金城里,11880,11657,-223,-0.019
臺北市北投區吉慶里,5617,5395,-222,-0.04
臺北市中山區正義里,5363,5141,-222,-0.041
臺北市萬華區富民里,5006,4784,-222,-0.044
臺北市士林區聖山里,5280,5059,-221,-0.042
臺北市中正區東門里,4124,3903,-221,-0.054
臺北市南港區重陽里,5742,5521,-221,-0.038
臺北市士林區義信里,3416,3195,-221,-0.065
彰化縣彰化市西安里,3369,3148,-221,-0.066
臺中市大里區仁化里,10516,10295,-221,-0.021
臺北市大安區新龍里,7177,6957,-220,-0.031
新竹市東區三民里,6105,5885,-220,-0.036
臺北市松山區龍田里,11206,10986,-220,-0.02
新北市新店區國豐里,3400,3180,-220,-0.065
臺北市松山區介壽里,4745,4526,-219,-0.046
臺北市文山區興安里,6988,6769,-219,-0.031
臺中市北區賴村里,5193,4974,-219,-0.042
臺北市士林區前港里,4790,4571,-219,-0.046
臺北市南港區鴻福里,4660,4441,-219,-0.047
臺北市信義區三犁里,5351,5132,-219,-0.041
臺北市大安區臨江里,4235,4016,-219,-0.052
臺北市大同區建泰里,3941,3723,-218,-0.055
高雄市左營區新中里,5826,5608,-218,-0.037
臺南市北區北華里,4621,4403,-218,-0.047
臺中市西區忠誠里,6685,6468,-217,-0.032
臺北市士林區富光里,6178,5961,-217,-0.035
臺中市西區藍興里,5056,4840,-216,-0.043
高雄市鳳山區老爺里,7808,7593,-215,-0.028
高雄市三民區正順里,4615,4400,-215,-0.047
桃園市桃園區大豐里,6118,5903,-215,-0.035
臺中市西屯區西平里,6057,5843,-214,-0.035
新北市板橋區德翠里,7616,7402,-214,-0.028
高雄市三民區寶德里,5698,5484,-214,-0.038
雲林縣臺西鄉和豐村,3446,3232,-214,-0.062
臺北市大安區龍陣里,3554,3341,-213,-0.06
臺中市北屯區北興里,3745,3532,-213,-0.057
臺北市文山區景美里,5452,5239,-213,-0.039
新北市新店區中正里,6414,6201,-213,-0.033
新北市新莊區自立里,5683,5470,-213,-0.037
臺北市北投區開明里,6810,6597,-213,-0.031
宜蘭縣羅東鎮賢文里,4547,4335,-212,-0.047
高雄市苓雅區文昌里,4312,4100,-212,-0.049
高雄市前鎮區西山里,3788,3576,-212,-0.056
臺南市中西區兌悅里,4483,4272,-211,-0.047
高雄市路竹區文北里,3871,3660,-211,-0.055
桃園市中壢區光明里,6543,6332,-211,-0.032
新北市中和區文元里,5433,5222,-211,-0.039
臺南市永康區勝利里,8989,8778,-211,-0.023
高雄市楠梓區玉屏里,2502,2291,-211,-0.084
臺北市大安區福住里,6910,6699,-211,-0.031
新北市石門區老梅里,2497,2286,-211,-0.085
新北市鶯歌區鳳祥里,4779,4569,-210,-0.044
臺北市萬華區全德里,4567,4357,-210,-0.046
高雄市鳳山區一甲里,3735,3525,-210,-0.056
彰化縣彰化市復興里,5235,5025,-210,-0.04
新北市三重區永福里,5670,5461,-209,-0.037
臺北市大同區南芳里,4278,4069,-209,-0.049
新北市中和區中正里,4197,3988,-209,-0.05
高雄市鳳山區忠義里,5300,5091,-209,-0.039
臺北市大同區景星里,2781,2573,-208,-0.075
臺北市大同區蓬萊里,5119,4911,-208,-0.041
臺北市文山區博嘉里,6130,5922,-208,-0.034
高雄市鳳山區興仁里,4154,3946,-208,-0.05
臺南市中西區藥王里,3844,3636,-208,-0.054
彰化縣彰化市福山里,7982,7775,-207,-0.026
桃園市龍潭區中興里,5185,4978,-207,-0.04
臺北市大安區全安里,4483,4276,-207,-0.046
臺北市大安區學府里,2781,2575,-206,-0.074
臺北市士林區芝山里,7884,7679,-205,-0.026
臺南市北區大興里,3479,3275,-204,-0.059
臺南市永康區崑山里,6987,6784,-203,-0.029
臺南市北區開元里,3879,3676,-203,-0.052
臺南市北區大光里,5545,5342,-203,-0.037
臺北市內湖區湖元里,5701,5498,-203,-0.036
臺北市大同區延平里,4286,4083,-203,-0.047
臺中市南屯區中和里,5255,5053,-202,-0.038
新北市泰山區泰友里,2300,2099,-201,-0.087
臺北市中正區梅花里,3228,3027,-201,-0.062
臺南市歸仁區南保里,7140,6939,-201,-0.028
臺北市松山區新東里,5100,4899,-201,-0.039
臺中市北區中正里,1976,1776,-200,-0.101
臺南市東區中西里,3681,3481,-200,-0.054
苗栗縣頭份市建國里,4555,4355,-200,-0.044
臺北市信義區景聯里,4663,4464,-199,-0.043
高雄市三民區寶龍里,4910,4711,-199,-0.041
臺北市萬華區菜園里,6342,6143,-199,-0.031
臺北市大同區朝陽里,4518,4319,-199,-0.044
新北市中和區忠孝里,4938,4739,-199,-0.04
新北市板橋區港嘴里,6237,6038,-199,-0.032
臺南市北區合興里,3985,3786,-199,-0.05
臺中市西區廣民里,1868,1669,-199,-0.107
新竹市東區頂竹里,3404,3206,-198,-0.058
新竹市東區光明里,3932,3734,-198,-0.05
新北市新莊區興漢里,3636,3438,-198,-0.054
臺南市東區東光里,6042,5845,-197,-0.033
臺北市中山區劍潭里,3859,3662,-197,-0.051
臺北市內湖區內溝里,4915,4718,-197,-0.04
臺北市中正區文祥里,8571,8374,-197,-0.023
新北市新莊區瓊林里,6166,5969,-197,-0.032
臺中市西屯區鵬程里,3198,3001,-197,-0.062
高雄市小港區港明里,3731,3534,-197,-0.053
高雄市前鎮區民權里,4793,4596,-197,-0.041
臺東縣臺東市東海里,3592,3395,-197,-0.055
新北市板橋區港德里,4962,4766,-196,-0.04
嘉義市西區後驛里,2554,2358,-196,-0.077
新北市新店區小城里,3993,3797,-196,-0.049
臺北市大同區建功里,4876,4680,-196,-0.04
臺南市北區立人里,3092,2896,-196,-0.063
基隆市安樂區七賢里,3013,2817,-196,-0.065
新北市新莊區立基里,6447,6251,-196,-0.03
嘉義市西區美源里,4471,4275,-196,-0.044
臺中市北區長青里,7273,7078,-195,-0.027
高雄市苓雅區英明里,2213,2018,-195,-0.088
臺南市南區鹽埕里,4252,4057,-195,-0.046
新北市中和區錦中里,4515,4321,-194,-0.043
臺南市南區明亮里,4190,3996,-194,-0.046
苗栗縣苗栗市嘉盛里,4124,3930,-194,-0.047
臺北市北投區豐年里,4798,4604,-194,-0.04
臺南市北區東興里,2506,2312,-194,-0.077
臺中市大里區塗城里,10102,9908,-194,-0.019
高雄市前鎮區瑞隆里,4167,3974,-193,-0.046
臺北市中山區聚盛里,4300,4107,-193,-0.045
臺北市中山區中原里,5235,5043,-192,-0.037
基隆市安樂區四維里,5685,5493,-192,-0.034
新北市板橋區聚安里,5533,5342,-191,-0.035
彰化縣社頭鄉廣興村,5514,5323,-191,-0.035
臺中市北區樂英里,2945,2754,-191,-0.065
新北市板橋區仁愛里,3286,3095,-191,-0.058
新北市中和區復興里,5303,5113,-190,-0.036
高雄市楠梓區宏南里,979,790,-189,-0.193
高雄市小港區二苓里,4342,4153,-189,-0.044
臺南市南區開南里,6612,6423,-189,-0.029
桃園市平鎮區廣仁里,5125,4936,-189,-0.037
臺北市萬華區孝德里,3352,3163,-189,-0.056
臺南市南區國宅里,3410,3221,-189,-0.055
高雄市三民區德智里,2500,2311,-189,-0.076
高雄市三民區寶盛里,5647,5458,-189,-0.033
臺南市六甲區甲東里,3168,2979,-189,-0.06
臺中市太平區永平里,4934,4746,-188,-0.038
臺北市松山區新益里,4689,4501,-188,-0.04
臺北市中山區正得里,3721,3533,-188,-0.051
臺北市松山區中華里,6716,6528,-188,-0.028
臺中市大雅區雅楓里,4464,4277,-187,-0.042
高雄市前鎮區鎮海里,4651,4464,-187,-0.04
新北市板橋區華德里,7398,7211,-187,-0.025
雲林縣北港鎮華勝里,5854,5667,-187,-0.032
高雄市鳳山區正義里,7125,6938,-187,-0.026
臺北市大安區通化里,6330,6144,-186,-0.029
新北市新店區大同里,4048,3862,-186,-0.046
新北市新莊區中港里,6838,6652,-186,-0.027
高雄市鳳山區北門里,4855,4669,-186,-0.038
桃園市平鎮區北興里,4897,4711,-186,-0.038
嘉義市東區民族里,2094,1908,-186,-0.089
新北市新莊區立言里,5308,5123,-185,-0.035
高雄市三民區鼎西里,8257,8072,-185,-0.022
臺北市士林區福順里,5620,5436,-184,-0.033
高雄市苓雅區林華里,3118,2934,-184,-0.059
新北市三重區博愛里,4790,4607,-183,-0.038
新北市中和區內南里,5248,5065,-183,-0.035
彰化縣和美鎮和西里,3984,3801,-183,-0.046
屏東縣鹽埔鄉新圍村,3649,3466,-183,-0.05
高雄市小港區六苓里,3273,3090,-183,-0.056
新竹市北區客雅里,2250,2068,-182,-0.081
臺中市豐原區朴子里,3976,3794,-182,-0.046
南投縣埔里鎮西門里,3681,3499,-182,-0.049
臺中市北區崇德里,4170,3988,-182,-0.044
花蓮縣豐濱鄉豐濱村,1944,1762,-182,-0.094
高雄市鳳山區龍成里,3260,3078,-182,-0.056
臺北市大安區永康里,4065,3883,-182,-0.045
臺南市南區建南里,5911,5729,-182,-0.031
臺中市大甲區文武里,6771,6590,-181,-0.027
新北市鶯歌區大湖里,5323,5142,-181,-0.034
新北市中和區平河里,9500,9319,-181,-0.019
新北市淡水區幸福里,4200,4020,-180,-0.043
桃園市八德區廣興里,3902,3722,-180,-0.046
新北市蘆洲區樹德里,3493,3313,-180,-0.052
高雄市前鎮區忠誠里,2415,2235,-180,-0.075
臺中市北區錦洲里,3909,3729,-180,-0.046
臺北市信義區雅祥里,5108,4928,-180,-0.035
新北市新莊區裕民里,7476,7296,-180,-0.024
新北市新莊區全泰里,5270,5090,-180,-0.034
高雄市三民區鼎盛里,9039,8860,-179,-0.02
新北市樹林區彭興里,6184,6005,-179,-0.029
桃園市中壢區永福里,6501,6322,-179,-0.028
高雄市大寮區中興里,7474,7295,-179,-0.024
新北市永和區安和里,4046,3867,-179,-0.044
臺北市中正區幸福里,5864,5685,-179,-0.031
彰化縣彰化市桃源里,2952,2773,-179,-0.061
新北市永和區秀朗里,4098,3920,-178,-0.043
臺北市松山區松基里,3725,3547,-178,-0.048
彰化縣員林市中正里,3996,3818,-178,-0.045
苗栗縣苗栗市維新里,4298,4120,-178,-0.041
臺南市北區和順里,5839,5661,-178,-0.03
新北市三重區厚德里,3860,3682,-178,-0.046
臺北市大安區龍生里,7137,6959,-178,-0.025
臺中市大里區大元里,5201,5024,-177,-0.034
嘉義市東區興仁里,4405,4228,-177,-0.04
臺中市北屯區三和里,6749,6572,-177,-0.026
新北市土城區樂利里,5316,5139,-177,-0.033
新竹市東區湖濱里,4240,4063,-177,-0.042
臺南市南區文華里,3732,3555,-177,-0.047
高雄市前鎮區瑞豐里,3481,3305,-176,-0.051
新北市三重區文化里,2464,2288,-176,-0.071
彰化縣員林市大埔里,2780,2604,-176,-0.063
新北市樹林區彭厝里,5319,5143,-176,-0.033
新北市新店區德安里,6494,6319,-175,-0.027
新北市樹林區文林里,5469,5294,-175,-0.032
臺北市中山區興亞里,5453,5278,-175,-0.032
臺北市中正區龍光里,3687,3512,-175,-0.047
臺北市文山區樟文里,6403,6228,-175,-0.027
臺南市東區忠孝里,4749,4574,-175,-0.037
臺北市大同區國順里,2809,2634,-175,-0.062
臺南市南區文南里,5815,5640,-175,-0.03
彰化縣員林市崙雅里,2835,2661,-174,-0.061
苗栗縣頭份市斗煥里,3557,3383,-174,-0.049
臺中市霧峰區甲寅里,5557,5383,-174,-0.031
臺南市安平區平安里,3933,3759,-174,-0.044
桃園市桃園區春日里,7469,7295,-174,-0.023
高雄市前鎮區瑞和里,2423,2249,-174,-0.072
臺南市中西區府前里,2226,2052,-174,-0.078
新北市三重區永豐里,6326,6152,-174,-0.028
苗栗縣頭份市尖下里,3039,2866,-173,-0.057
臺北市大同區玉泉里,3054,2881,-173,-0.057
高雄市苓雅區林榮里,4468,4295,-173,-0.039
臺北市信義區富台里,4551,4378,-173,-0.038
臺中市西屯區何成里,8616,8443,-173,-0.02
新竹市東區東山里,4391,4218,-173,-0.039
苗栗縣銅鑼鄉銅鑼村,5228,5055,-173,-0.033
桃園市桃園區中信里,6987,6814,-173,-0.025
南投縣竹山鎮竹圍里,2755,2582,-173,-0.063
新北市新店區雙城里,6029,5856,-173,-0.029
臺中市東區振興里,3627,3454,-173,-0.048
臺南市中西區光賢里,4168,3995,-173,-0.042
臺北市中正區廈安里,4991,4819,-172,-0.034
新北市土城區復興里,4750,4578,-172,-0.036
臺中市北區建德里,3893,3721,-172,-0.044
新北市新店區新生里,5977,5805,-172,-0.029
臺北市北投區永和里,9562,9390,-172,-0.018
臺中市西屯區何南里,4951,4779,-172,-0.035
臺中市大甲區孟春里,5014,4842,-172,-0.034
高雄市前鎮區復國里,3071,2899,-172,-0.056
新竹市東區科園里,8828,8656,-172,-0.019
臺南市東區崇信里,5228,5056,-172,-0.033
臺中市太平區中興里,3925,3754,-171,-0.044
基隆市安樂區三民里,2994,2823,-171,-0.057
臺中市太平區豐年里,5152,4981,-171,-0.033
臺中市大肚區福山里,4298,4127,-171,-0.04
高雄市三民區安宜里,3545,3374,-171,-0.048
高雄市苓雅區正大里,5720,5549,-171,-0.03
臺中市北區賴旺里,5113,4942,-171,-0.033
臺南市中西區五條港里,2316,2145,-171,-0.074
臺南市新營區南興里,2809,2638,-171,-0.061
臺南市北區元美里,3886,3715,-171,-0.044
臺南市北區力行里,2804,2633,-171,-0.061
臺南市北區長興里,3255,3084,-171,-0.053
澎湖縣馬公市西衛里,6912,6742,-170,-0.025
臺北市大同區光能里,5351,5181,-170,-0.032
臺中市神岡區豐洲里,8451,8281,-170,-0.02
臺中市大里區西湖里,3506,3336,-170,-0.048
高雄市前鎮區竹西里,4750,4580,-170,-0.036
臺南市安南區安富里,6869,6699,-170,-0.025
臺南市北區正覺里,3598,3428,-170,-0.047
新北市三重區福民里,3686,3516,-170,-0.046
臺南市新營區忠政里,5443,5273,-170,-0.031
臺南市新化區武安里,3618,3448,-170,-0.047
臺中市東區富仁里,4712,4542,-170,-0.036
高雄市鳳山區鎮西里,5726,5556,-170,-0.03
新北市鶯歌區永昌里,9079,8909,-170,-0.019
桃園市楊梅區仁美里,4565,4395,-170,-0.037
屏東縣新園鄉鹽埔村,4977,4808,-169,-0.034
臺北市士林區德華里,5864,5695,-169,-0.029
高雄市苓雅區正言里,3107,2938,-169,-0.054
高雄市三民區安泰里,4299,4130,-169,-0.039
臺南市安南區州北里,5638,5469,-169,-0.03
高雄市前鎮區瑞華里,5138,4970,-168,-0.033
臺北市松山區東昌里,2942,2774,-168,-0.057
新竹縣五峰鄉桃山村,1799,1631,-168,-0.093
新北市板橋區文翠里,4171,4003,-168,-0.04
臺中市西區和龍里,2717,2549,-168,-0.062
新北市中和區頂南里,3109,2942,-167,-0.054
高雄市苓雅區福居里,3037,2870,-167,-0.055
臺南市白河區仙草里,1405,1238,-167,-0.119
高雄市苓雅區福地里,2998,2831,-167,-0.056
新北市樹林區三多里,4342,4175,-167,-0.038
臺南市中西區小西門里,3756,3590,-166,-0.044
新北市新店區百忍里,4024,3858,-166,-0.041
新北市樹林區三興里,5148,4982,-166,-0.032
高雄市三民區寶興里,7477,7311,-166,-0.022
臺中市南屯區黎明里,5033,4867,-166,-0.033
南投縣南投市三和里,3339,3174,-165,-0.049
臺北市士林區天壽里,5360,5195,-165,-0.031
臺中市北屯區平福里,4458,4293,-165,-0.037
臺南市安南區鳳凰里,5262,5097,-165,-0.031
高雄市三民區灣利里,3497,3333,-164,-0.047
新北市三重區永順里,5468,5304,-164,-0.03
臺北市內湖區麗山里,6370,6206,-164,-0.026
臺北市大安區昌隆里,3145,2981,-164,-0.052
臺南市東山區東原里,2403,2239,-164,-0.068
新北市板橋區新海里,3713,3549,-164,-0.044
高雄市三民區安和里,2824,2660,-164,-0.058
屏東縣佳冬鄉塭豐村,2829,2666,-163,-0.058
臺南市安南區溪墘里,3872,3709,-163,-0.042
臺北市信義區黎安里,2093,1930,-163,-0.078
臺南市北區賢北里,4411,4248,-163,-0.037
苗栗縣卓蘭鎮內灣里,2468,2305,-163,-0.066
高雄市三民區本安里,5724,5561,-163,-0.028
高雄市鳳山區國泰里,4231,4068,-163,-0.039
新北市中和區正南里,3659,3496,-163,-0.045
高雄市旗山區永和里,4052,3889,-163,-0.04
新竹市北區武陵里,5480,5317,-163,-0.03
新北市新莊區思源里,5678,5516,-162,-0.029
彰化縣花壇鄉長沙村,6121,5959,-162,-0.026
臺北市北投區福興里,7601,7439,-162,-0.021
臺北市松山區吉仁里,4214,4052,-162,-0.038
臺南市東區後甲里,3459,3297,-162,-0.047
高雄市楠梓區瑞屏里,4176,4014,-162,-0.039
基隆市中山區德和里,6161,6000,-161,-0.026
臺南市仁德區文賢里,2607,2446,-161,-0.062
高雄市鳳山區忠孝里,6642,6481,-161,-0.024
新北市三重區崇德里,4144,3983,-161,-0.039
臺北市萬華區忠德里,4631,4470,-161,-0.035
臺北市文山區興邦里,5132,4971,-161,-0.031
金門縣金城鎮北門里,4698,4537,-161,-0.034
雲林縣斗六市八德里,3831,3670,-161,-0.042
臺南市北區大和里,4310,4149,-161,-0.037
臺南市仁德區一甲里,3133,2972,-161,-0.051
臺中市南區城隍里,4153,3992,-161,-0.039
臺中市東區東南里,4407,4246,-161,-0.037
花蓮縣花蓮市國魂里,2534,2374,-160,-0.063
新北市林口區林口里,5857,5697,-160,-0.027
高雄市路竹區社西里,2664,2504,-160,-0.06
屏東縣里港鄉載興村,2797,2637,-160,-0.057
雲林縣虎尾鎮西安里,3944,3784,-160,-0.041
宜蘭縣蘇澳鎮聖愛里,3239,3079,-160,-0.049
高雄市苓雅區正心里,3978,3818,-160,-0.04
苗栗縣苗栗市勝利里,4483,4324,-159,-0.035
新竹市東區振興里,6532,6373,-159,-0.024
屏東縣內埔鄉東寧村,5071,4912,-159,-0.031
新北市中和區福真里,4299,4140,-159,-0.037
臺南市北區大豐里,4924,4765,-159,-0.032
新北市五股區貿商里,3218,3059,-159,-0.049
臺北市中正區板溪里,3332,3173,-159,-0.048
新北市中和區安順里,4458,4299,-159,-0.036
臺中市北屯區三光里,8341,8182,-159,-0.019
苗栗縣三義鄉勝興村,4034,3875,-159,-0.039
臺北市士林區葫東里,4302,4144,-158,-0.037
臺北市萬華區騰雲里,3133,2975,-158,-0.05
高雄市三民區豐裕里,2755,2597,-158,-0.057
桃園市楊梅區新榮里,4429,4271,-158,-0.036
臺北市萬華區日善里,3844,3686,-158,-0.041
桃園市桃園區玉山里,5927,5769,-158,-0.027
桃園市桃園區龍山里,4161,4003,-158,-0.038
臺中市潭子區潭陽里,13409,13251,-158,-0.012
高雄市三民區寶泰里,4521,4363,-158,-0.035
高雄市楠梓區大昌里,2513,2356,-157,-0.062
新北市新店區福德里,4049,3892,-157,-0.039
臺北市信義區六藝里,3885,3728,-157,-0.04
新北市三重區國隆里,2858,2701,-157,-0.055
嘉義縣竹崎鄉灣橋村,5931,5774,-157,-0.026
高雄市三民區安發里,5123,4967,-156,-0.03
新北市中和區福南里,4393,4237,-156,-0.036
臺南市南區明興里,3871,3715,-156,-0.04
臺南市東區大智里,7850,7694,-156,-0.02
嘉義縣民雄鄉山中村,4200,4044,-156,-0.037
新北市板橋區華福里,2179,2023,-156,-0.072
宜蘭縣宜蘭市民族里,2811,2656,-155,-0.055
屏東縣東港鎮南平里,1887,1732,-155,-0.082
新北市板橋區重慶里,9015,8860,-155,-0.017
高雄市三民區灣愛里,3381,3226,-155,-0.046
臺中市霧峰區萬豐里,3193,3038,-155,-0.049
桃園市楊梅區梅新里,2443,2288,-155,-0.063
彰化縣溪湖鎮湖東里,5954,5799,-155,-0.026
臺北市大安區仁慈里,5825,5670,-155,-0.027
新北市雙溪區牡丹里,1715,1561,-154,-0.09
臺南市新化區協興里,3874,3720,-154,-0.04
桃園市中壢區龍安里,2559,2405,-154,-0.06
臺北市士林區岩山里,3507,3353,-154,-0.044
臺北市萬華區青山里,5858,5704,-154,-0.026
高雄市苓雅區正仁里,2874,2720,-154,-0.054
臺中市大雅區大雅里,5307,5153,-154,-0.029
臺南市東區崇德里,5569,5415,-154,-0.028
新北市樹林區和平里,4097,3943,-154,-0.038
彰化縣花壇鄉花壇村,3932,3778,-154,-0.039
基隆市仁愛區林泉里,2366,2213,-153,-0.065
新北市永和區中溪里,5274,5121,-153,-0.029
桃園市楊梅區大平里,3843,3690,-153,-0.04
苗栗縣苗栗市嘉新里,3375,3222,-153,-0.045
屏東縣內埔鄉老埤村,2702,2549,-153,-0.057
新竹市北區西雅里,3396,3243,-153,-0.045
臺北市北投區秀山里,3381,3229,-152,-0.045
新北市土城區清溪里,7172,7020,-152,-0.021
新北市板橋區崑崙里,10438,10286,-152,-0.015
臺中市北屯區松勇里,6134,5982,-152,-0.025
新竹縣湖口鄉和興村,3373,3221,-152,-0.045
新北市新莊區海山里,5661,5509,-152,-0.027
彰化縣福興鄉福興村,4309,4157,-152,-0.035
高雄市苓雅區福隆里,2848,2696,-152,-0.053
新北市蘆洲區永康里,7278,7126,-152,-0.021
臺中市后里區義德里,3204,3052,-152,-0.047
高雄市鼓山區平和里,3918,3767,-151,-0.039
高雄市左營區菜公里,35133,34982,-151,-0.004
高雄市三民區寶慶里,3236,3085,-151,-0.047
嘉義市東區北門里,2639,2488,-151,-0.057
南投縣草屯鎮北勢里,2200,2049,-151,-0.069
新北市新莊區自強里,2840,2689,-151,-0.053
彰化縣二林鎮北平里,3699,3548,-151,-0.041
臺南市安南區溪頂里,5562,5411,-151,-0.027
苗栗縣苑裡鎮苑南里,1827,1677,-150,-0.082
臺北市中山區聚葉里,4068,3918,-150,-0.037
臺北市中山區復華里,4837,4687,-150,-0.031
臺中市太平區光隆里,3830,3680,-150,-0.039
苗栗縣公館鄉館東村,2937,2787,-150,-0.051
嘉義市西區書院里,2277,2127,-150,-0.066
臺中市太平區平安里,2731,2581,-150,-0.055
高雄市路竹區竹南里,3394,3244,-150,-0.044
嘉義市西區導明里,1855,1705,-150,-0.081
新北市永和區水源里,4165,4016,-149,-0.036
桃園市八德區大順里,3178,3029,-149,-0.047
苗栗縣頭份市自強里,2488,2339,-149,-0.06
桃園市平鎮區北貴里,4915,4766,-149,-0.03
高雄市楠梓區宏榮里,3280,3131,-149,-0.045
新北市三峽區安溪里,7901,7752,-149,-0.019
宜蘭縣羅東鎮竹林里,3704,3555,-149,-0.04
臺中市中區光復里,2520,2371,-149,-0.059
彰化縣員林市新生里,5228,5080,-148,-0.028
高雄市鼓山區民強里,2946,2798,-148,-0.05
南投縣埔里鎮北安里,3830,3682,-148,-0.039
高雄市三民區鼎強里,4626,4478,-148,-0.032
臺中市龍井區忠和里,6108,5960,-148,-0.024
新北市永和區潭安里,5029,4881,-148,-0.029
澎湖縣馬公市朝陽里,6213,6065,-148,-0.024
臺北市中山區中吉里,5883,5735,-148,-0.025
高雄市岡山區嘉興里,3958,3811,-147,-0.037
高雄市三民區寶獅里,4050,3903,-147,-0.036
新北市三峽區嘉添里,2493,2346,-147,-0.059
新北市中和區中興里,7189,7042,-147,-0.02
彰化縣二林鎮華崙里,4079,3932,-147,-0.036
臺中市北區賴興里,4584,4437,-147,-0.032
臺中市東區合作里,4865,4718,-147,-0.03
苗栗縣竹南鎮頂埔里,2469,2322,-147,-0.06
高雄市苓雅區福南里,1916,1769,-147,-0.077
基隆市中山區中和里,6415,6268,-147,-0.023
高雄市新興區開平里,4104,3957,-147,-0.036
新北市中和區信和里,4507,4360,-147,-0.033
臺中市神岡區社南里,6552,6406,-146,-0.022
臺北市大同區重慶里,6780,6634,-146,-0.022
高雄市鳳山區福興里,7092,6946,-146,-0.021
屏東縣屏東市溝美里,2784,2638,-146,-0.052
桃園市中壢區龍岡里,5681,5535,-146,-0.026
新北市中和區國光里,4016,3870,-146,-0.036
新北市板橋區龍翠里,5182,5036,-146,-0.028
高雄市前鎮區瑞崗里,2862,2716,-146,-0.051
嘉義市東區宣信里,1566,1420,-146,-0.093
雲林縣林內鄉林北村,2570,2424,-146,-0.057
臺南市南區金華里,5714,5568,-146,-0.026
臺中市大甲區日南里,6835,6689,-146,-0.021
苗栗縣頭份市成功里,4662,4517,-145,-0.031
彰化縣彰化市崙平里,6304,6159,-145,-0.023
新北市永和區永貞里,3540,3395,-145,-0.041
臺北市中山區力行里,6179,6034,-145,-0.023
新北市永和區保平里,5049,4904,-145,-0.029
嘉義市西區國華里,1550,1405,-145,-0.094
桃園市中壢區普忠里,4492,4347,-145,-0.032
南投縣竹山鎮雲林里,4214,4069,-145,-0.034
臺中市東勢區南平里,2192,2047,-145,-0.066
新北市板橋區振興里,4557,4413,-144,-0.032
基隆市信義區東信里,4695,4551,-144,-0.031
臺中市清水區國姓里,2513,2369,-144,-0.057
高雄市鳥松區華美里,4559,4415,-144,-0.032
新北市中和區景本里,2234,2090,-144,-0.064
新北市新莊區光榮里,4865,4722,-143,-0.029
臺南市永康區二王里,9333,9190,-143,-0.015
新北市永和區智光里,3532,3389,-143,-0.04
臺南市北區永祥里,3497,3354,-143,-0.041
新北市中和區秀景里,6533,6390,-143,-0.022
新竹市北區福林里,4673,4530,-143,-0.031
新北市鶯歌區中湖里,6053,5910,-143,-0.024
新北市中和區冠穗里,3454,3312,-142,-0.041
高雄市苓雅區林中里,3096,2954,-142,-0.046
臺中市豐原區社皮里,11908,11766,-142,-0.012
高雄市仁武區烏林里,4570,4428,-142,-0.031
桃園市八德區永豐里,3416,3274,-142,-0.042
新北市汐止區新昌里,5804,5662,-142,-0.024
臺北市萬華區新忠里,3509,3367,-142,-0.04
新竹縣新豐鄉松林村,5960,5818,-142,-0.024
苗栗縣苗栗市玉華里,4434,4292,-142,-0.032
桃園市中壢區自立里,6050,5908,-142,-0.023
桃園市大溪區仁義里,3475,3333,-142,-0.041
新竹市北區長和里,1840,1698,-142,-0.077
桃園市觀音區崙坪里,5694,5552,-142,-0.025
新北市中和區民有里,2897,2756,-141,-0.049
高雄市苓雅區同慶里,3352,3211,-141,-0.042
臺中市北屯區大德里,5745,5604,-141,-0.025
臺中市東勢區新盛里,5829,5688,-141,-0.024
新北市中和區力行里,6321,6180,-141,-0.022
新北市板橋區莒光里,3020,2879,-141,-0.047
新竹縣竹東鎮東寧里,3824,3683,-141,-0.037
彰化縣彰化市大竹里,3949,3808,-141,-0.036
臺中市西區中興里,4229,4089,-140,-0.033
臺北市松山區福成里,2758,2618,-140,-0.051
桃園市八德區白鷺里,3790,3650,-140,-0.037
屏東縣萬丹鄉萬全村,3977,3837,-140,-0.035
花蓮縣花蓮市國威里,2341,2201,-140,-0.06
高雄市鳳山區福祥里,3320,3181,-139,-0.042
新北市中和區南山里,5347,5208,-139,-0.026
彰化縣鹿港鎮溝墘里,5134,4995,-139,-0.027
嘉義市東區興村里,4699,4560,-139,-0.03
新北市新莊區立功里,3899,3760,-139,-0.036
臺南市南區新興里,3124,2985,-139,-0.044
桃園市桃園區大興里,6450,6311,-139,-0.022
新北市淡水區新義里,4447,4308,-139,-0.031
雲林縣古坑鄉棋盤村,2406,2267,-139,-0.058
新北市萬里區野柳里,3697,3559,-138,-0.037
高雄市鼓山區前峰里,4556,4418,-138,-0.03
新北市樹林區󿾵寮里,5302,5164,-138,-0.026
彰化縣員林市三和里,7873,7735,-138,-0.018
基隆市安樂區五福里,3993,3855,-138,-0.035
新北市三重區福隆里,4860,4722,-138,-0.028
花蓮縣花蓮市主和里,3750,3612,-138,-0.037
新北市泰山區新明里,3494,3356,-138,-0.039
高雄市左營區永清里,991,854,-137,-0.138
臺中市豐原區東湳里,4943,4806,-137,-0.028
屏東縣新園鄉新園村,2651,2514,-137,-0.052
高雄市三民區十美里,2041,1904,-137,-0.067
臺南市東區崇成里,3826,3689,-137,-0.036
臺南市永康區五王里,6667,6530,-137,-0.021
臺中市南屯區鎮平里,1660,1523,-137,-0.083
高雄市前鎮區瑞西里,2919,2782,-137,-0.047
桃園市平鎮區復興里,6456,6319,-137,-0.021
桃園市大園區大園里,7538,7401,-137,-0.018
高雄市小港區宏亮里,3998,3861,-137,-0.034
臺中市西屯區上德里,4988,4851,-137,-0.027
彰化縣鹿港鎮永安里,5473,5336,-137,-0.025
臺南市柳營區旭山里,1837,1700,-137,-0.075
臺北市士林區陽明里,3124,2987,-137,-0.044
新北市三重區尚德里,3251,3114,-137,-0.042
屏東縣鹽埔鄉高朗村,3272,3136,-136,-0.042
新北市五股區五股里,4618,4482,-136,-0.029
宜蘭縣宜蘭市神農里,3037,2901,-136,-0.045
臺東縣大武鄉尚武村,1623,1487,-136,-0.084
屏東縣新園鄉五房村,3148,3012,-136,-0.043
臺中市南區西川里,5187,5051,-136,-0.026
臺中市中區繼光里,1900,1764,-136,-0.072
新北市板橋區浮洲里,3994,3858,-136,-0.034
臺北市內湖區明湖里,6013,5877,-136,-0.023
彰化縣員林市惠來里,6708,6572,-136,-0.02
屏東縣東港鎮共和里,849,713,-136,-0.16
新北市土城區永豐里,4638,4502,-136,-0.029
苗栗縣卓蘭鎮老庄里,2224,2088,-136,-0.061
桃園市觀音區白玉里,1148,1013,-135,-0.118
苗栗縣苗栗市上苗里,1922,1787,-135,-0.07
屏東縣東港鎮嘉蓮里,2152,2017,-135,-0.063
臺北市北投區林泉里,3174,3039,-135,-0.043
高雄市苓雅區正義里,2859,2724,-135,-0.047
高雄市鳳山區南和里,3157,3022,-135,-0.043
嘉義市東區朝陽里,2323,2188,-135,-0.058
花蓮縣花蓮市國盛里,4307,4172,-135,-0.031
臺南市安南區理想里,5439,5304,-135,-0.025
嘉義縣梅山鄉梅北村,5112,4977,-135,-0.026
雲林縣西螺鎮振興里,1916,1781,-135,-0.07
高雄市三民區安康里,3142,3007,-135,-0.043
臺北市中山區朱園里,4665,4530,-135,-0.029
桃園市龜山區中興里,5658,5523,-135,-0.024
新北市板橋區溪福里,15027,14893,-134,-0.009
雲林縣二崙鄉港後村,2141,2007,-134,-0.063
臺南市南區田寮里,3618,3484,-134,-0.037
臺南市永康區西灣里,8654,8520,-134,-0.015
桃園市中壢區中央里,4127,3993,-134,-0.032
臺中市神岡區神岡里,3901,3767,-134,-0.034
桃園市桃園區泰山里,4443,4309,-134,-0.03
新北市土城區員仁里,5845,5711,-134,-0.023
臺南市將軍區將軍里,1781,1647,-134,-0.075
臺北市文山區萬祥里,4706,4572,-134,-0.028
高雄市旗津區振興里,1863,1729,-134,-0.072
臺中市新社區協成里,3470,3336,-134,-0.039
雲林縣虎尾鎮立仁里,4602,4468,-134,-0.029
新竹縣竹北市東海里,3650,3516,-134,-0.037
臺南市官田區東西庄里,2126,1992,-134,-0.063
臺中市南區福平里,6327,6193,-134,-0.021
桃園市中壢區莊敬里,4079,3946,-133,-0.033
新竹縣新豐鄉中崙村,3833,3700,-133,-0.035
高雄市小港區小港里,2727,2594,-133,-0.049
屏東縣屏東市斯文里,2016,1883,-133,-0.066
臺南市永康區六合里,6496,6363,-133,-0.02
臺中市西屯區大河里,4557,4424,-133,-0.029
新北市新莊區民安里,6367,6234,-133,-0.021
嘉義市東區芳草里,4160,4027,-133,-0.032
臺中市太平區太平里,6560,6427,-133,-0.02
嘉義市東區過溝里,2532,2399,-133,-0.053
新北市泰山區福興里,3875,3742,-133,-0.034
彰化縣員林市東北里,2788,2655,-133,-0.048
高雄市三民區本元里,6364,6231,-133,-0.021
臺南市新營區民生里,3806,3674,-132,-0.035
高雄市前鎮區瑞南里,5811,5679,-132,-0.023
屏東縣新園鄉港西村,2385,2253,-132,-0.055
南投縣南投市光明里,1126,994,-132,-0.117
臺中市北屯區水湳里,7701,7569,-132,-0.017
苗栗縣苗栗市維祥里,3881,3749,-132,-0.034
高雄市鳳山區埤頂里,7157,7025,-132,-0.018
基隆市安樂區六合里,4507,4375,-132,-0.029
彰化縣永靖鄉港西村,2078,1946,-132,-0.064
雲林縣水林鄉水北村,2579,2448,-131,-0.051
高雄市苓雅區福人里,2314,2183,-131,-0.057
高雄市新興區德生里,3455,3324,-131,-0.038
臺北市士林區新安里,1971,1840,-131,-0.066
新北市永和區光明里,3123,2992,-131,-0.042
彰化縣彰化市建寶里,2801,2670,-131,-0.047
臺南市永康區復興里,2245,2114,-131,-0.058
高雄市岡山區仁壽里,3844,3713,-131,-0.034
桃園市大溪區田心里,5420,5289,-131,-0.024
高雄市鳳山區新泰里,5026,4895,-131,-0.026
基隆市信義區東安里,3096,2965,-131,-0.042
新北市板橋區華翠里,3792,3661,-131,-0.035
新北市三重區永盛里,3537,3406,-131,-0.037
新北市永和區秀和里,5140,5009,-131,-0.025
高雄市鳳山區東門里,6361,6230,-131,-0.021
高雄市梓官區茄苳里,2658,2527,-131,-0.049
新北市新店區新和里,4383,4253,-130,-0.03
高雄市小港區港口里,3694,3564,-130,-0.035
臺中市烏日區光明里,2551,2421,-130,-0.051
宜蘭縣羅東鎮集祥里,1464,1334,-130,-0.089
苗栗縣通霄鎮通南里,3148,3018,-130,-0.041
桃園市平鎮區龍興里,3202,3072,-130,-0.041
苗栗縣後龍鎮埔頂里,3310,3180,-130,-0.039
新北市淡水區義山里,2860,2730,-130,-0.045
高雄市鼓山區河邊里,1544,1414,-130,-0.084
臺南市東區大福里,1917,1787,-130,-0.068
新北市土城區員信里,4626,4496,-130,-0.028
新竹縣新埔鎮照門里,1628,1498,-130,-0.08
新北市板橋區文德里,3207,3077,-130,-0.041
新北市鶯歌區南鶯里,6063,5933,-130,-0.021
高雄市鼓山區華豐里,4399,4270,-129,-0.029
高雄市小港區桂林里,9309,9180,-129,-0.014
新北市新莊區中全里,3784,3655,-129,-0.034
臺南市南區郡南里,4134,4005,-129,-0.031
屏東縣滿州鄉滿州村,1729,1600,-129,-0.075
新北市中和區景南里,3278,3149,-129,-0.039
臺南市歸仁區文化里,3670,3541,-129,-0.035
新北市板橋區華中里,5530,5401,-129,-0.023
桃園市中壢區石頭里,2051,1922,-129,-0.063
臺中市豐原區田心里,7441,7312,-129,-0.017
臺南市南區大忠里,5078,4949,-129,-0.025
臺北市中正區富水里,2705,2576,-129,-0.048
屏東縣內埔鄉黎明村,2861,2732,-129,-0.045
新北市中和區興南里,3201,3072,-129,-0.04
新北市中和區建和里,3661,3532,-129,-0.035
臺中市烏日區溪埧里,5210,5082,-128,-0.025
臺中市大里區立德里,9493,9365,-128,-0.013
桃園市桃園區中路里,4686,4558,-128,-0.027
基隆市信義區東明里,3936,3808,-128,-0.033
高雄市小港區山明里,13852,13724,-128,-0.009
高雄市前鎮區興中里,3465,3337,-128,-0.037
臺中市北屯區平安里,6135,6007,-128,-0.021
屏東縣屏東市大武里,9544,9416,-128,-0.013
高雄市三民區寶安里,7873,7745,-128,-0.016
臺南市永康區王行里,3041,2913,-128,-0.042
臺東縣成功鎮忠仁里,2564,2436,-128,-0.05
新竹市香山區頂埔里,6139,6011,-128,-0.021
臺中市梧棲區中正里,4733,4605,-128,-0.027
新北市板橋區福星里,3715,3587,-128,-0.034
彰化縣秀水鄉鶴鳴村,3738,3610,-128,-0.034
臺中市西屯區港尾里,6114,5986,-128,-0.021
南投縣竹山鎮桂林里,4404,4276,-128,-0.029
新北市石門區石門里,1834,1706,-128,-0.07
嘉義縣梅山鄉梅東村,2586,2458,-128,-0.049
南投縣國姓鄉南港村,1811,1683,-128,-0.071
臺中市南區長春里,2275,2148,-127,-0.056
臺南市官田區渡拔里,2871,2744,-127,-0.044
新竹市香山區虎林里,2761,2634,-127,-0.046
臺南市南區永寧里,2032,1905,-127,-0.063
屏東縣萬巒鄉萬金村,2352,2225,-127,-0.054
彰化縣彰化市南瑶里,9074,8947,-127,-0.014
屏東縣屏東市豐田里,4907,4780,-127,-0.026
高雄市旗津區中華里,1833,1706,-127,-0.069
高雄市左營區合群里,2917,2790,-127,-0.044
高雄市三民區民享里,2255,2128,-127,-0.056
苗栗縣後龍鎮北龍里,1592,1465,-127,-0.08
臺北市士林區德行里,4585,4458,-127,-0.028
屏東縣林邊鄉永樂村,3647,3520,-127,-0.035
臺中市太平區建興里,3423,3296,-127,-0.037
高雄市三民區博惠里,4736,4609,-127,-0.027
臺中市北屯區忠平里,4679,4552,-127,-0.027
臺南市學甲區新達里,2401,2274,-127,-0.053
新北市石門區富基里,1594,1467,-127,-0.08
雲林縣口湖鄉崙中村,1767,1640,-127,-0.072
新北市永和區福和里,5350,5224,-126,-0.024
苗栗縣後龍鎮溪洲里,2678,2552,-126,-0.047
臺南市新營區大宏里,3680,3554,-126,-0.034
臺南市永康區塩洲里,6934,6808,-126,-0.018
臺北市士林區翠山里,2740,2614,-126,-0.046
高雄市美濃區獅山里,2843,2717,-126,-0.044
南投縣南投市光華里,970,844,-126,-0.13
彰化縣彰化市磚󿾨里,3966,3840,-126,-0.032
新北市新店區大豐里,3857,3731,-126,-0.033
基隆市安樂區嘉仁里,3609,3483,-126,-0.035
臺中市南區國光里,4419,4293,-126,-0.029
新北市中和區瓦󿾨里,5777,5651,-126,-0.022
臺南市白河區馬稠後里,1544,1418,-126,-0.082
臺中市西屯區大鵬里,5610,5484,-126,-0.022
屏東縣恆春鎮城北里,2761,2635,-126,-0.046
新北市永和區民富里,3196,3070,-126,-0.039
新北市三重區永發里,6162,6036,-126,-0.02
彰化縣埔心鄉東門村,4335,4210,-125,-0.029
臺南市東區大同里,3265,3140,-125,-0.038
臺南市下營區茅營里,2530,2405,-125,-0.049
新北市新莊區恆安里,4768,4643,-125,-0.026
臺中市西屯區何源里,7760,7635,-125,-0.016
臺中市北區錦村里,3666,3541,-125,-0.034
新竹市東區軍功里,3575,3450,-125,-0.035
屏東縣東港鎮朝安里,1930,1805,-125,-0.065
臺南市關廟區香洋里,3716,3591,-125,-0.034
新北市樹林區東園里,1871,1746,-125,-0.067
高雄市三民區本文里,2260,2135,-125,-0.055
花蓮縣花蓮市民孝里,4135,4010,-125,-0.03
臺南市南區再興里,2629,2504,-125,-0.048
嘉義市東區新店里,4950,4825,-125,-0.025
高雄市燕巢區西燕里,3941,3817,-124,-0.031
桃園市新屋區永安里,2559,2435,-124,-0.048
彰化縣彰化市民生里,1791,1667,-124,-0.069
新北市新莊區南港里,5480,5356,-124,-0.023
高雄市大寮區永芳里,7985,7862,-123,-0.015
高雄市楠梓區廣昌里,3433,3310,-123,-0.036
新北市中和區秀成里,3619,3496,-123,-0.034
桃園市八德區瑞祥里,3927,3804,-123,-0.031
高雄市楠梓區隆昌里,3900,3777,-123,-0.032
彰化縣芳苑鄉新生村,1612,1489,-123,-0.076
苗栗縣苗栗市南勢里,2273,2150,-123,-0.054
新北市林口區菁湖里,4561,4438,-123,-0.027
臺中市大肚區大東里,3722,3599,-123,-0.033
新北市三重區長安里,2312,2189,-123,-0.053
高雄市新興區正氣里,1517,1394,-123,-0.081
桃園市觀音區廣興里,1648,1525,-123,-0.075
高雄市岡山區壽天里,4056,3933,-123,-0.03
新竹縣湖口鄉長安村,1336,1213,-123,-0.092
宜蘭縣蘇澳鎮蘇西里,2734,2611,-123,-0.045
高雄市燕巢區安招里,3895,3772,-123,-0.032
臺北市信義區松隆里,2293,2170,-123,-0.054
苗栗縣通霄鎮通灣里,2600,2477,-123,-0.047
臺中市清水區下湳里,3398,3275,-123,-0.036
高雄市三民區鼎泰里,25420,25298,-122,-0.005
高雄市鹽埕區教仁里,2249,2127,-122,-0.054
新北市蘆洲區永樂里,6793,6671,-122,-0.018
臺南市後壁區菁寮里,1597,1475,-122,-0.076
桃園市桃園區寶安里,10270,10148,-122,-0.012
臺南市永康區中興里,3876,3754,-122,-0.031
屏東縣竹田鄉西勢村,2773,2651,-122,-0.044
彰化縣芬園鄉同安村,1386,1264,-122,-0.088
高雄市三民區本武里,2089,1967,-122,-0.058
新竹縣尖石鄉新樂村,1636,1514,-122,-0.075
臺東縣卑南鄉溫泉村,1324,1202,-122,-0.092
高雄市三民區灣華里,2923,2801,-122,-0.042
臺北市北投區泉源里,2475,2353,-122,-0.049
彰化縣埤頭鄉豊崙村,2708,2586,-122,-0.045
臺東縣關山鎮里壠里,2001,1879,-122,-0.061
臺南市南區彰南里,1854,1732,-122,-0.066
高雄市新興區德望里,2177,2055,-122,-0.056
新北市新莊區昌明里,3826,3704,-122,-0.032
苗栗縣頭屋鄉獅潭村,1975,1853,-122,-0.062
新北市新莊區光和里,3022,2900,-122,-0.04
南投縣國姓鄉北山村,1730,1608,-122,-0.071
高雄市大社區大社里,5705,5583,-122,-0.021
高雄市林園區中芸里,2119,1997,-122,-0.058
雲林縣虎尾鎮安慶里,1718,1597,-121,-0.07
新北市土城區延壽里,4628,4507,-121,-0.026
臺南市柳營區重溪里,2034,1913,-121,-0.059
臺南市安南區頂安里,5674,5553,-121,-0.021
宜蘭縣羅東鎮國華里,5642,5521,-121,-0.021
新北市新莊區和平里,5035,4914,-121,-0.024
高雄市阿蓮區南蓮里,3552,3431,-121,-0.034
新竹縣關西鎮東光里,1531,1410,-121,-0.079
苗栗縣竹南鎮正南里,3375,3255,-120,-0.036
臺中市西屯區福和里,5128,5008,-120,-0.023
苗栗縣銅鑼鄉福興村,1195,1075,-120,-0.1
新北市金山區磺港里,2033,1913,-120,-0.059
彰化縣花壇鄉中庄村,2790,2670,-120,-0.043
新北市三重區長泰里,2346,2226,-120,-0.051
高雄市岡山區協榮里,2476,2356,-120,-0.048
桃園市大園區三石里,3545,3425,-120,-0.034
臺東縣臺東市民權里,1026,906,-120,-0.117
新北市板橋區廣福里,4282,4162,-120,-0.028
高雄市鳳山區中和里,3889,3769,-120,-0.031
新竹縣竹北市聯興里,5340,5220,-120,-0.022
臺中市中區綠川里,2071,1951,-120,-0.058
花蓮縣花蓮市國華里,2945,2826,-119,-0.04
基隆市仁愛區吉仁里,2859,2740,-119,-0.042
臺中市北區育德里,4267,4148,-119,-0.028
屏東縣東港鎮新勝里,2342,2223,-119,-0.051
高雄市鳳山區國隆里,2796,2677,-119,-0.043
屏東縣鹽埔鄉振興村,2119,2000,-119,-0.056
新北市中和區福和里,3776,3657,-119,-0.032
新北市中和區積穗里,8509,8390,-119,-0.014
彰化縣員林市民生里,3250,3131,-119,-0.037
新北市永和區正興里,2312,2193,-119,-0.051
桃園市平鎮區廣興里,6707,6588,-119,-0.018
臺中市北區新興里,1715,1596,-119,-0.069
臺中市西區東昇里,2895,2777,-118,-0.041
新北市三峽區溪北里,2540,2422,-118,-0.046
臺中市后里區中和里,2996,2878,-118,-0.039
高雄市小港區港正里,3055,2937,-118,-0.039
彰化縣彰化市西興里,4066,3948,-118,-0.029
宜蘭縣蘇澳鎮南建里,1380,1262,-118,-0.086
新北市三重區福安里,3163,3045,-118,-0.037
新北市金山區美田里,4569,4451,-118,-0.026
南投縣竹山鎮延祥里,4237,4119,-118,-0.028
新北市板橋區復興里,1103,985,-118,-0.107
新北市中和區安平里,6080,5962,-118,-0.019
屏東縣滿州鄉港口村,1435,1317,-118,-0.082
臺中市北屯區平昌里,5208,5090,-118,-0.023
高雄市前鎮區明正里,5823,5705,-118,-0.02
臺北市文山區木柵里,9193,9075,-118,-0.013
彰化縣鹿港鎮山崙里,3648,3531,-117,-0.032
嘉義市西區慶安里,1903,1786,-117,-0.061
彰化縣福興鄉麥厝村,2689,2572,-117,-0.044
高雄市三民區達仁里,1706,1589,-117,-0.069
桃園市平鎮區雙連里,5774,5657,-117,-0.02
高雄市小港區港墘里,2011,1894,-117,-0.058
高雄市旗山區南勝里,2411,2294,-117,-0.049
臺中市太平區勤益里,2574,2457,-117,-0.045
金門縣金沙鎮汶沙里,5841,5724,-117,-0.02
臺北市松山區精忠里,4601,4484,-117,-0.025
高雄市燕巢區深水里,2781,2664,-117,-0.042
高雄市美濃區清水里,2023,1906,-117,-0.058
雲林縣臺西鄉蚊港村,1995,1878,-117,-0.059
臺南市北區文成里,3585,3468,-117,-0.033
花蓮縣玉里鎮松浦里,1719,1602,-117,-0.068
彰化縣彰化市西勢里,4579,4463,-116,-0.025
苗栗縣公館鄉石墻村,1766,1650,-116,-0.066
新北市永和區竹林里,3826,3710,-116,-0.03
高雄市大樹區興田里,2156,2040,-116,-0.054
臺南市北門區蚵寮里,1660,1544,-116,-0.07
彰化縣和美鎮好修里,1914,1798,-116,-0.061
新北市板橋區新生里,4512,4396,-116,-0.026
苗栗縣竹南鎮中美里,2380,2264,-116,-0.049
高雄市六龜區文武里,1680,1564,-116,-0.069
高雄市旗津區慈愛里,2663,2547,-116,-0.044
苗栗縣大湖鄉義和村,1777,1661,-116,-0.065
屏東縣林邊鄉竹林村,2188,2072,-116,-0.053
高雄市鳳山區武松里,2988,2872,-116,-0.039
嘉義市東區王田里,2678,2562,-116,-0.043
高雄市苓雅區福東里,2937,2821,-116,-0.039
高雄市苓雅區福西里,2011,1895,-116,-0.058
雲林縣水林鄉大山村,1212,1097,-115,-0.095
宜蘭縣宜蘭市新民里,1783,1668,-115,-0.064
臺南市麻豆區興農里,1827,1712,-115,-0.063
屏東縣屏東市仁愛里,2649,2534,-115,-0.043
新北市貢寮區福隆里,1852,1737,-115,-0.062
新北市三芝區埔坪里,7201,7086,-115,-0.016
新北市新莊區中泰里,4706,4591,-115,-0.024
屏東縣鹽埔鄉鹽北村,2156,2041,-115,-0.053
彰化縣彰化市下廍里,6657,6542,-115,-0.017
新北市板橋區堂春里,4586,4471,-115,-0.025
新北市三重區慈愛里,3612,3497,-115,-0.032
新北市板橋區陽明里,2828,2713,-115,-0.041
臺中市東勢區泰昌里,4146,4031,-115,-0.028
嘉義市東區林森里,3305,3190,-115,-0.035
屏東縣屏東市維新里,3056,2941,-115,-0.038
新北市板橋區自強里,5349,5234,-115,-0.021
臺南市新營區南紙里,4323,4208,-115,-0.027
新北市土城區裕生里,5798,5683,-115,-0.02
新北市新店區百和里,3358,3243,-115,-0.034
宜蘭縣頭城鎮竹安里,2498,2383,-115,-0.046
屏東縣屏東市豐源里,4439,4324,-115,-0.026
雲林縣斗六市公誠里,2681,2566,-115,-0.043
南投縣竹山鎮中和里,1088,973,-115,-0.106
新竹縣竹東鎮上舘里,11148,11033,-115,-0.01
屏東縣新園鄉興龍村,2428,2314,-114,-0.047
臺南市南區新昌里,2523,2409,-114,-0.045
臺中市北區頂厝里,4860,4746,-114,-0.023
桃園市中壢區興南里,3567,3453,-114,-0.032
臺中市北區五常里,1662,1548,-114,-0.069
臺南市永康區東灣里,4197,4083,-114,-0.027
新北市永和區上林里,3654,3540,-114,-0.031
嘉義市西區永和里,2303,2189,-114,-0.05
屏東縣東港鎮下廍里,2302,2188,-114,-0.05
高雄市三民區本和里,8158,8044,-114,-0.014
屏東縣枋寮鄉天時村,2205,2091,-114,-0.052
南投縣國姓鄉石門村,2069,1955,-114,-0.055
桃園市蘆竹區蘆竹里,4827,4713,-114,-0.024
臺中市北屯區四民里,1959,1845,-114,-0.058
新北市中和區秀山里,4679,4565,-114,-0.024
新北市土城區廣福里,5978,5864,-114,-0.019
高雄市苓雅區永康里,2390,2276,-114,-0.048
臺中市北區中達里,3113,2999,-114,-0.037
高雄市鼓山區雄峰里,2211,2097,-114,-0.052
苗栗縣銅鑼鄉中平村,3645,3531,-114,-0.031
高雄市梓官區信蚵里,2747,2633,-114,-0.041
臺南市東區大學里,1334,1221,-113,-0.085
臺東縣臺東市民生里,3576,3463,-113,-0.032
新北市板橋區福壽里,3415,3302,-113,-0.033
新竹縣關西鎮北斗里,4365,4252,-113,-0.026
屏東縣枋山鄉加祿村,2214,2101,-113,-0.051
高雄市橋頭區東林里,2745,2632,-113,-0.041
新北市中和區廟美里,4582,4469,-113,-0.025
屏東縣新園鄉南龍村,1605,1492,-113,-0.07
臺南市新營區五興里,1842,1729,-113,-0.061
新北市三重區立德里,3565,3452,-113,-0.032
雲林縣東勢鄉同安村,2161,2048,-113,-0.052
雲林縣臺西鄉牛厝村,2129,2016,-113,-0.053
臺南市佳里區子龍里,2679,2566,-113,-0.042
高雄市前鎮區明孝里,2734,2621,-113,-0.041
新北市中和區自強里,5189,5076,-113,-0.022
新北市三重區光明里,7875,7762,-113,-0.014
臺中市北屯區松安里,5818,5705,-113,-0.019
南投縣名間鄉新街村,4893,4780,-113,-0.023
臺中市西屯區何德里,4351,4238,-113,-0.026
臺北市內湖區港都里,5963,5850,-113,-0.019
臺中市北區金龍里,4962,4849,-113,-0.023
雲林縣東勢鄉東南村,1761,1648,-113,-0.064
嘉義市東區中央里,2601,2488,-113,-0.043
新北市三重區仁德里,2093,1980,-113,-0.054
苗栗縣大湖鄉大寮村,1408,1296,-112,-0.08
臺南市佳里區安西里,7125,7013,-112,-0.016
雲林縣虎尾鎮德興里,3156,3044,-112,-0.035
高雄市左營區果峰里,1779,1667,-112,-0.063
高雄市岡山區平安里,1336,1224,-112,-0.084
臺東縣成功鎮三民里,3089,2977,-112,-0.036
基隆市仁愛區智仁里,3295,3183,-112,-0.034
桃園市八德區瑞德里,4244,4132,-112,-0.026
新北市新店區美潭里,5405,5293,-112,-0.021
高雄市前鎮區良和里,3166,3054,-112,-0.035
新北市新店區復興里,3421,3309,-112,-0.033
桃園市中壢區仁祥里,3379,3267,-112,-0.033
新北市新店區永平里,5941,5829,-112,-0.019
桃園市桃園區中和里,1588,1476,-112,-0.071
花蓮縣壽豐鄉豐裡村,1574,1462,-112,-0.071
南投縣魚池鄉魚池村,2324,2212,-112,-0.048
臺中市太平區建國里,3425,3314,-111,-0.032
桃園市桃園區建國里,6100,5989,-111,-0.018
桃園市大溪區福安里,2582,2471,-111,-0.043
新北市三重區福田里,3614,3503,-111,-0.031
桃園市中壢區德義里,3063,2952,-111,-0.036
南投縣南投市漳興里,3078,2967,-111,-0.036
臺北市中正區光復里,3981,3870,-111,-0.028
高雄市旗津區北汕里,3102,2991,-111,-0.036
苗栗縣頭份市珊湖里,2031,1920,-111,-0.055
新北市板橋區東丘里,4866,4755,-111,-0.023
臺南市後壁區上茄苳里,2542,2431,-111,-0.044
臺中市南屯區楓樹里,7154,7043,-111,-0.016
臺中市大安區海墘里,1654,1543,-111,-0.067
桃園市中壢區中堅里,4773,4662,-111,-0.023
高雄市三民區安生里,1613,1502,-111,-0.069
臺中市北區大湖里,2488,2377,-111,-0.045
屏東縣屏東市龍華里,2653,2542,-111,-0.042
苗栗縣泰安鄉錦水村,1312,1201,-111,-0.085
基隆市七堵區富民里,4118,4007,-111,-0.027
高雄市三民區鳳北里,1547,1436,-111,-0.072
臺中市太平區頭汴里,2133,2022,-111,-0.052
彰化縣芳苑鄉建平村,2430,2320,-110,-0.045
雲林縣斗六市鎮北里,3356,3246,-110,-0.033
臺中市大雅區忠義里,4311,4201,-110,-0.026
新北市石門區尖鹿里,1759,1649,-110,-0.063
臺南市南區府南里,5577,5467,-110,-0.02
苗栗縣造橋鄉造橋村,2384,2274,-110,-0.046
彰化縣彰化市彰安里,3429,3319,-110,-0.032
南投縣草屯鎮復興里,3362,3252,-110,-0.033
新北市蘆洲區九芎里,5725,5615,-110,-0.019
高雄市前鎮區盛興里,2980,2870,-110,-0.037
臺南市南區松安里,2111,2001,-110,-0.052
新北市新店區江陵里,5587,5477,-110,-0.02
宜蘭縣冬山鄉南興村,3853,3743,-110,-0.029
新竹市東區南大里,1673,1563,-110,-0.066
臺中市沙鹿區居仁里,1701,1591,-110,-0.065
臺南市南區大林里,2539,2429,-110,-0.043
桃園市八德區廣德里,3146,3036,-110,-0.035
臺南市南區佛壇里,3061,2951,-110,-0.036
臺南市南區光明里,4794,4684,-110,-0.023
新竹縣新埔鎮旱坑里,2070,1960,-110,-0.053
嘉義縣東石鄉塭港村,1961,1851,-110,-0.056
彰化縣員林市大明里,2864,2754,-110,-0.038
高雄市苓雅區衛武里,2176,2066,-110,-0.051
桃園市大園區內海里,2624,2514,-110,-0.042
桃園市中壢區興國里,2329,2219,-110,-0.047
南投縣竹山鎮中央里,1323,1214,-109,-0.082
臺南市白河區詔豐里,2282,2173,-109,-0.048
新北市泰山區黎明里,3753,3644,-109,-0.029
高雄市鳳山區富榮里,2906,2797,-109,-0.038
屏東縣里港鄉土庫村,2310,2201,-109,-0.047
臺南市關廟區深坑里,1741,1632,-109,-0.063
新竹縣湖口鄉鳳凰村,5970,5861,-109,-0.018
臺中市北區明德里,6294,6185,-109,-0.017
雲林縣東勢鄉嘉隆村,1849,1740,-109,-0.059
苗栗縣後龍鎮新民里,1610,1501,-109,-0.068
雲林縣林內鄉九芎村,3027,2918,-109,-0.036
南投縣南投市光榮里,1206,1097,-109,-0.09
新北市新莊區福營里,2671,2562,-109,-0.041
新北市樹林區樹興里,3923,3814,-109,-0.028
臺中市霧峰區舊正里,2496,2387,-109,-0.044
嘉義市東區後庄里,4736,4628,-108,-0.023
高雄市鳳山區鎮南里,5422,5314,-108,-0.02
基隆市仁愛區虹橋里,2143,2035,-108,-0.05
臺中市北區賴厝里,6124,6016,-108,-0.018
基隆市中正區社寮里,2010,1902,-108,-0.054
臺南市佳里區下營里,2063,1955,-108,-0.052
桃園市龍潭區建林里,4480,4372,-108,-0.024
新竹縣新埔鎮四座里,3848,3740,-108,-0.028
臺南市學甲區三慶里,1519,1411,-108,-0.071
高雄市楠梓區稔田里,1622,1514,-108,-0.067
高雄市苓雅區城東里,2207,2099,-108,-0.049
臺南市白河區大竹里,1652,1544,-108,-0.065
苗栗縣苗栗市清華里,3659,3551,-108,-0.03
雲林縣崙背鄉草湖村,1683,1575,-108,-0.064
嘉義市西區育英里,2162,2054,-108,-0.05
雲林縣西螺鎮大新里,1957,1849,-108,-0.055
新北市三重區大有里,5486,5378,-108,-0.02
臺中市沙鹿區興仁里,3190,3082,-108,-0.034
花蓮縣花蓮市民德里,1970,1862,-108,-0.055
新北市中和區中山里,2898,2790,-108,-0.037
臺中市龍井區竹坑里,3689,3582,-107,-0.029
臺東縣成功鎮三仙里,1577,1470,-107,-0.068
高雄市三民區達勇里,1091,984,-107,-0.098
新北市板橋區建國里,3706,3599,-107,-0.029
新北市新莊區全安里,4747,4640,-107,-0.023
臺南市東區東聖里,2728,2621,-107,-0.039
新北市樹林區樹福里,3781,3674,-107,-0.028
新北市板橋區華貴里,2734,2627,-107,-0.039
高雄市鳳山區海光里,3427,3320,-107,-0.031
嘉義市東區東興里,2122,2015,-107,-0.05
新北市新莊區中和里,4767,4660,-107,-0.022
新北市金山區五湖里,1955,1848,-107,-0.055
雲林縣古坑鄉崁腳村,1381,1274,-107,-0.077
高雄市林園區中汕里,2672,2565,-107,-0.04
花蓮縣花蓮市國治里,1238,1131,-107,-0.086
臺中市豐原區南田里,3784,3677,-107,-0.028
新竹縣芎林鄉石潭村,3075,2968,-107,-0.035
彰化縣田中鎮碧峰里,1246,1139,-107,-0.086
新竹市北區民富里,6394,6287,-107,-0.017
臺中市北屯區松茂里,6123,6016,-107,-0.017
連江縣南竿鄉復興村,1217,1110,-107,-0.088
雲林縣斗南鎮中天里,1471,1364,-107,-0.073
花蓮縣玉里鎮國武里,1428,1321,-107,-0.075
高雄市鳳山區武漢里,5577,5470,-107,-0.019
彰化縣福興鄉廈粘村,2300,2193,-107,-0.047
高雄市前鎮區鎮東里,1874,1767,-107,-0.057
高雄市橋頭區仕和里,4299,4193,-106,-0.025
新北市泰山區同興里,4195,4089,-106,-0.025
臺南市永康區安康里,5886,5780,-106,-0.018
新北市新莊區思賢里,4472,4366,-106,-0.024
新北市三重區培德里,3932,3826,-106,-0.027
雲林縣西螺鎮正興里,3582,3476,-106,-0.03
苗栗縣大湖鄉大湖村,1878,1772,-106,-0.056
臺北市北投區湖山里,1685,1579,-106,-0.063
臺南市中西區赤嵌里,4634,4528,-106,-0.023
宜蘭縣蘇澳鎮聖湖里,2669,2563,-106,-0.04
新北市新店區永安里,5365,5259,-106,-0.02
嘉義市東區中庄里,3903,3797,-106,-0.027
新北市三重區五順里,4187,4081,-106,-0.025
南投縣水里鄉新城村,1780,1674,-106,-0.06
苗栗縣南庄鄉南江村,1623,1517,-106,-0.065
臺南市仁德區仁義里,10604,10498,-106,-0.01
新北市三重區永吉里,3101,2995,-106,-0.034
高雄市大寮區潮寮里,3400,3294,-106,-0.031
屏東縣東港鎮興漁里,2209,2103,-106,-0.048
新竹市北區光田里,2548,2442,-106,-0.042
屏東縣東港鎮八德里,938,832,-106,-0.113
基隆市中山區通明里,1986,1880,-106,-0.053
澎湖縣馬公市陽明里,2903,2797,-106,-0.037
新北市淡水區水源里,2311,2206,-105,-0.045
彰化縣永靖鄉永南村,2244,2139,-105,-0.047
宜蘭縣蘇澳鎮南興里,1627,1522,-105,-0.065
彰化縣彰化市民權里,1279,1174,-105,-0.082
新北市五股區五龍里,1528,1423,-105,-0.069
屏東縣獅子鄉草埔村,816,711,-105,-0.129
彰化縣和美鎮月眉里,3680,3575,-105,-0.029
臺中市太平區宜佳里,7129,7024,-105,-0.015
新竹縣湖口鄉孝勢村,1466,1361,-105,-0.072
臺東縣鹿野鄉鹿野村,1256,1151,-105,-0.084
高雄市前金區社東里,1721,1616,-105,-0.061
新北市土城區金城里,6375,6270,-105,-0.016
南投縣鹿谷鄉鹿谷村,2120,2015,-105,-0.05
桃園市中壢區後寮里,5869,5764,-105,-0.018
臺中市大里區仁德里,7451,7346,-105,-0.014
嘉義縣朴子市文化里,2031,1926,-105,-0.052
臺中市神岡區圳前里,2804,2699,-105,-0.037
新北市永和區上溪里,2019,1915,-104,-0.052
雲林縣水林鄉春埔村,1121,1017,-104,-0.093
雲林縣莿桐鄉興貴村,2274,2170,-104,-0.046
臺南市新營區中營里,1418,1314,-104,-0.073
新北市新莊區富國里,2457,2353,-104,-0.042
南投縣鹿谷鄉鳳凰村,1550,1446,-104,-0.067
臺中市西區公德里,5123,5019,-104,-0.02
南投縣國姓鄉北港村,2093,1989,-104,-0.05
桃園市大園區竹圍里,3923,3819,-104,-0.027
彰化縣田中鎮頂潭里,1522,1418,-104,-0.068
屏東縣屏東市瑞光里,8552,8448,-104,-0.012
臺南市麻豆區井東里,2009,1905,-104,-0.052
高雄市鳳山區國光里,3712,3608,-104,-0.028
高雄市鳳山區新強里,6552,6448,-104,-0.016
臺中市大安區龜売里,1812,1708,-104,-0.057
臺中市龍井區龍津里,6126,6022,-104,-0.017
新北市三重區龍濱里,3476,3372,-104,-0.03
臺南市北區中樓里,1611,1507,-104,-0.065
苗栗縣公館鄉尖山村,1662,1558,-104,-0.063
臺中市新社區復盛里,2271,2167,-104,-0.046
嘉義市東區仁義里,3532,3428,-104,-0.029
桃園市大溪區復興里,1046,942,-104,-0.099
臺南市永康區永康里,10600,10497,-103,-0.01
彰化縣和美鎮和北里,2275,2172,-103,-0.045
高雄市美濃區合和里,2767,2664,-103,-0.037
高雄市鹽埕區壽星里,1451,1348,-103,-0.071
新竹市北區舊社里,7369,7266,-103,-0.014
新北市永和區永樂里,2546,2443,-103,-0.04
臺南市下營區開化里,2144,2041,-103,-0.048
宜蘭縣宜蘭市復興里,3087,2984,-103,-0.033
嘉義市東區華南里,2300,2197,-103,-0.045
高雄市三民區達德里,1507,1404,-103,-0.068
高雄市永安區新港里,2632,2529,-103,-0.039
臺南市將軍區巷埔里,1360,1257,-103,-0.076
新北市新莊區立志里,4157,4054,-103,-0.025
苗栗縣苑裡鎮房裡里,2634,2531,-103,-0.039
高雄市三民區灣復里,3967,3864,-103,-0.026
臺中市豐原區中陽里,6849,6746,-103,-0.015
新北市新莊區文聖里,3615,3512,-103,-0.028
臺中市西區双龍里,3238,3136,-102,-0.032
高雄市旗津區復興里,3415,3313,-102,-0.03
臺中市西區公益里,3294,3192,-102,-0.031
彰化縣二林鎮中西里,1990,1888,-102,-0.051
宜蘭縣宜蘭市新東里,3952,3850,-102,-0.026
臺北市文山區興得里,6075,5973,-102,-0.017
臺中市中區大誠里,2920,2818,-102,-0.035
雲林縣元長鄉下寮村,1730,1628,-102,-0.059
新北市鶯歌區南靖里,3795,3693,-102,-0.027
臺南市新營區三仙里,3331,3229,-102,-0.031
新北市鶯歌區同慶里,1803,1701,-102,-0.057
嘉義市東區義教里,3375,3273,-102,-0.03
高雄市前鎮區瑞東里,2850,2748,-102,-0.036
桃園市中壢區龍興里,5126,5024,-102,-0.02
臺北市松山區美仁里,3764,3662,-102,-0.027
南投縣草屯鎮南埔里,4796,4694,-102,-0.021
屏東縣內埔鄉富田村,2130,2028,-102,-0.048
新北市三重區秀江里,1409,1307,-102,-0.072
嘉義縣大林鎮大美里,1880,1778,-102,-0.054
新北市新莊區中宏里,3842,3740,-102,-0.027
高雄市苓雅區朝陽里,1632,1530,-102,-0.063
新北市新店區寶安里,5514,5412,-102,-0.018
高雄市美濃區福安里,2881,2779,-102,-0.035
新竹縣關西鎮石光里,2083,1981,-102,-0.049
屏東縣內埔鄉振豐村,1882,1781,-101,-0.054
苗栗縣後龍鎮南龍里,1773,1672,-101,-0.057
臺中市龍井區龍西里,2256,2155,-101,-0.045
臺中市大甲區幸福里,3119,3018,-101,-0.032
高雄市鳳山區瑞興里,5831,5730,-101,-0.017
南投縣埔里鎮泰安里,2487,2386,-101,-0.041
基隆市七堵區實踐里,4466,4365,-101,-0.023
桃園市中壢區五福里,4296,4195,-101,-0.024
臺北市中山區北安里,2712,2611,-101,-0.037
新北市新莊區龍安里,2518,2417,-101,-0.04
基隆市信義區信綠里,2383,2282,-101,-0.042
新北市新莊區仁義里,3882,3781,-101,-0.026
新北市永和區福林里,3522,3421,-101,-0.029
彰化縣溪州鄉西畔村,2391,2290,-101,-0.042
彰化縣線西鄉頂犁村,3099,2998,-101,-0.033
桃園市楊梅區秀才里,4016,3915,-101,-0.025
臺南市七股區大埕里,3179,3078,-101,-0.032
宜蘭縣蘇澳鎮蘇北里,1158,1057,-101,-0.087
臺南市永康區成功里,2382,2281,-101,-0.042
高雄市三民區立業里,1108,1007,-101,-0.091
高雄市林園區潭頭里,3222,3122,-100,-0.031
雲林縣二崙鄉油車村,2019,1919,-100,-0.05
臺南市安平區文平里,6023,5923,-100,-0.017
新北市中和區福美里,4558,4458,-100,-0.022
桃園市中壢區龍平里,3575,3475,-100,-0.028
雲林縣林內鄉烏麻村,1222,1122,-100,-0.082
高雄市三民區千秋里,2242,2142,-100,-0.045
新北市板橋區廣德里,7083,6983,-100,-0.014
臺中市梧棲區永安里,3030,2930,-100,-0.033
臺南市東區裕農里,3477,3377,-100,-0.029
基隆市中山區和慶里,7635,7535,-100,-0.013
宜蘭縣羅東鎮樹林里,4394,4294,-100,-0.023
彰化縣彰化市東興里,1829,1729,-100,-0.055
屏東縣新埤鄉萬隆村,1974,1874,-100,-0.051
新竹縣竹東鎮東華里,817,717,-100,-0.122
臺南市新市區港墘里,4081,3981,-100,-0.025
臺中市西屯區大石里,2461,2361,-100,-0.041
高雄市楠梓區仁昌里,6234,6134,-100,-0.016
彰化縣溪湖鎮大竹里,2998,2898,-100,-0.033
臺中市東區新庄里,3586,3486,-100,-0.028
宜蘭縣宜蘭市中興里,3522,3422,-100,-0.028
彰化縣田中鎮北路里,4083,3983,-100,-0.024
臺中市豐原區鎌村里,5610,5510,-100,-0.018
高雄市美濃區中壇里,2331,2231,-100,-0.043
臺南市安南區溪北里,3313,3213,-100,-0.03
臺南市東區崇善里,5993,5893,-100,-0.017
新北市泰山區楓樹里,4710,4610,-100,-0.021
彰化縣芳苑鄉漢寶村,3767,3667,-100,-0.027
高雄市三民區灣子里,4408,4308,-100,-0.023
新竹縣北埔鄉南興村,1375,1275,-100,-0.073
新北市三重區重陽里,3767,3668,-99,-0.026
高雄市永安區維新里,4027,3928,-99,-0.025
屏東縣屏東市勝利里,6308,6209,-99,-0.016
彰化縣員林市和平里,3435,3336,-99,-0.029
苗栗縣銅鑼鄉朝陽村,1929,1830,-99,-0.051
新北市永和區民族里,4929,4830,-99,-0.02
雲林縣褒忠鄉馬鳴村,1721,1622,-99,-0.058
南投縣竹山鎮延平里,3319,3220,-99,-0.03
桃園市八德區高明里,4630,4531,-99,-0.021
新北市板橋區東安里,2723,2624,-99,-0.036
臺南市東區崇學里,3383,3284,-99,-0.029
新北市板橋區龍安里,2959,2860,-99,-0.033
高雄市路竹區甲南里,3934,3835,-99,-0.025
桃園市大溪區僑愛里,3080,2981,-99,-0.032
高雄市大樹區井腳里,1816,1717,-99,-0.055
雲林縣古坑鄉桂林村,1267,1168,-99,-0.078
新北市土城區日新里,4859,4760,-99,-0.02
臺南市永康區甲頂里,2667,2568,-99,-0.037
新北市三重區永清里,5749,5650,-99,-0.017
臺中市豐原區翁社里,2449,2350,-99,-0.04
新北市汐止區忠山里,3430,3331,-99,-0.029
新北市新店區建國里,3195,3096,-99,-0.031
桃園市楊梅區埔心里,1654,1555,-99,-0.06
彰化縣溪湖鎮汴頭里,3695,3596,-99,-0.027
嘉義縣新港鄉月潭村,1812,1713,-99,-0.055
嘉義縣中埔鄉同仁村,2195,2096,-99,-0.045
新北市板橋區埔墘里,6424,6325,-99,-0.015
花蓮縣吉安鄉仁里村,6874,6775,-99,-0.014
苗栗縣後龍鎮大山里,1748,1649,-99,-0.057
新北市永和區和平里,5047,4948,-99,-0.02
南投縣埔里鎮東門里,3086,2987,-99,-0.032
雲林縣虎尾鎮東仁里,3403,3305,-98,-0.029
基隆市仁愛區英仁里,1439,1341,-98,-0.068
臺中市東勢區慶東里,2127,2029,-98,-0.046
屏東縣內埔鄉大新村,1994,1896,-98,-0.049
臺南市東區富強里,5277,5179,-98,-0.019
桃園市桃園區萬壽里,1157,1059,-98,-0.085
桃園市大溪區中新里,1769,1671,-98,-0.055
屏東縣枋寮鄉東海村,3102,3004,-98,-0.032
臺東縣臺東市民族里,2352,2254,-98,-0.042
臺中市西區平和里,2556,2458,-98,-0.038
苗栗縣頭份市流東里,2585,2487,-98,-0.038
新北市新莊區昌隆里,4635,4537,-98,-0.021
新北市新莊區文明里,1899,1801,-98,-0.052
新北市中和區泰安里,3590,3492,-98,-0.027
臺南市南化區北寮里,1327,1229,-98,-0.074
臺南市麻豆區埤頭里,2658,2560,-98,-0.037
宜蘭縣五結鄉季新村,3194,3096,-98,-0.031
高雄市美濃區廣德里,1510,1412,-98,-0.065
臺北市北投區建民里,4424,4326,-98,-0.022
新北市萬里區北基里,3160,3063,-97,-0.031
臺東縣成功鎮忠智里,2236,2139,-97,-0.043
桃園市大溪區康安里,1562,1465,-97,-0.062
臺中市東勢區隆興里,1678,1581,-97,-0.058
宜蘭縣蘇澳鎮南成里,1256,1159,-97,-0.077
高雄市林園區鳳芸里,2081,1984,-97,-0.047
嘉義縣中埔鄉和美村,7971,7874,-97,-0.012
桃園市平鎮區東勢里,6442,6345,-97,-0.015
新北市新店區福民里,4286,4189,-97,-0.023
桃園市桃園區豐林里,7550,7453,-97,-0.013
臺北市士林區菁山里,1658,1561,-97,-0.059
高雄市三民區灣興里,2241,2144,-97,-0.043
嘉義縣水上鄉忠和村,2184,2087,-97,-0.044
高雄市新興區華聲里,1080,983,-97,-0.09
臺南市楠西區灣丘里,1303,1206,-97,-0.074
彰化縣二林鎮趙甲里,1825,1728,-97,-0.053
新竹縣竹東鎮商華里,3666,3569,-97,-0.026
臺東縣臺東市豐谷里,5891,5794,-97,-0.016
新竹縣五峰鄉大隘村,1657,1560,-97,-0.059
新北市三重區五華里,5487,5390,-97,-0.018
新北市中和區東南里,4395,4298,-97,-0.022
臺中市大甲區平安里,2684,2587,-97,-0.036
新北市萬里區萬里里,5015,4918,-97,-0.019
新北市新莊區幸福里,4547,4450,-97,-0.021
臺南市東區大德里,1695,1598,-97,-0.057
屏東縣恆春鎮山海里,1897,1801,-96,-0.051
屏東縣新埤鄉餉潭村,1494,1398,-96,-0.064
臺中市龍井區山腳里,7073,6977,-96,-0.014
彰化縣彰化市中庄里,2911,2815,-96,-0.033
新竹市北區境福里,5835,5739,-96,-0.016
彰化縣彰化市國聖里,2902,2806,-96,-0.033
新北市蘆洲區永德里,4729,4633,-96,-0.02
苗栗縣頭份市尖山里,1574,1478,-96,-0.061
新北市中和區嘉慶里,4561,4465,-96,-0.021
高雄市旗山區中正里,1687,1591,-96,-0.057
桃園市中壢區舊明里,1809,1713,-96,-0.053
臺南市下營區下營里,1784,1688,-96,-0.054
雲林縣臺西鄉海口村,2323,2227,-96,-0.041
彰化縣員林市三義里,3182,3086,-96,-0.03
高雄市鳳山區鎮東里,2886,2790,-96,-0.033
桃園市龜山區福源里,2373,2277,-96,-0.04
臺南市東區崇誨里,2852,2756,-96,-0.034
高雄市林園區仁愛里,3626,3530,-96,-0.026
新北市新莊區四維里,4888,4792,-96,-0.02
高雄市美濃區廣林里,1667,1571,-96,-0.058
彰化縣永靖鄉永興村,1918,1822,-96,-0.05
新北市中和區安樂里,3690,3594,-96,-0.026
桃園市龜山區山德里,5586,5490,-96,-0.017
高雄市岡山區碧紅里,4551,4455,-96,-0.021
苗栗縣頭屋鄉象山村,2099,2004,-95,-0.045
彰化縣秀水鄉金興村,2215,2120,-95,-0.043
新竹縣芎林鄉文林村,2812,2717,-95,-0.034
臺中市神岡區神洲里,3084,2989,-95,-0.031
基隆市暖暖區碇安里,5707,5612,-95,-0.017
南投縣國姓鄉福龜村,2045,1950,-95,-0.046
彰化縣田中鎮南路里,1407,1312,-95,-0.068
新北市板橋區正泰里,3184,3089,-95,-0.03
臺南市六甲區二甲里,3962,3867,-95,-0.024
臺中市大肚區新興里,3116,3021,-95,-0.03
屏東縣枋山鄉楓港村,1160,1065,-95,-0.082
新北市永和區秀成里,3011,2916,-95,-0.032
雲林縣元長鄉長南村,3874,3779,-95,-0.025
雲林縣東勢鄉新坤村,1203,1108,-95,-0.079
屏東縣新園鄉共和村,2599,2504,-95,-0.037
南投縣埔里鎮同聲里,2612,2517,-95,-0.036
屏東縣新埤鄉打鐵村,1042,947,-95,-0.091
臺中市西區忠明里,6744,6649,-95,-0.014
高雄市鼓山區裕豐里,2786,2691,-95,-0.034
新北市板橋區光華里,2823,2728,-95,-0.034
新北市板橋區民權里,2735,2640,-95,-0.035
花蓮縣玉里鎮中城里,6205,6110,-95,-0.015
高雄市新興區東坡里,1338,1243,-95,-0.071
基隆市安樂區長樂里,3837,3742,-95,-0.025
基隆市中正區正濱里,1051,956,-95,-0.09
高雄市苓雅區日中里,2393,2298,-95,-0.04
新竹縣竹東鎮南華里,1255,1160,-95,-0.076
臺南市新營區太北里,2004,1909,-95,-0.047
臺南市安南區安西里,4246,4151,-95,-0.022
新北市樹林區樹人里,3625,3530,-95,-0.026
南投縣集集鎮田寮里,1383,1288,-95,-0.069
臺南市歸仁區後市里,3900,3805,-95,-0.024
高雄市大樹區久堂里,4741,4646,-95,-0.02
臺中市大甲區太白里,1524,1429,-95,-0.062
新北市三重區維德里,3087,2993,-94,-0.03
新北市中和區德穗里,4719,4625,-94,-0.02
彰化縣員林市源潭里,2190,2096,-94,-0.043
新北市五股區興珍里,4887,4793,-94,-0.019
高雄市大寮區光武里,203,109,-94,-0.463
臺中市豐原區中興里,3488,3394,-94,-0.027
屏東縣枋寮鄉地利村,1638,1544,-94,-0.057
新北市樹林區樹西里,5441,5347,-94,-0.017
臺南市後壁區竹新里,1564,1470,-94,-0.06
屏東縣東港鎮大潭里,1799,1705,-94,-0.052
臺中市南區積善里,2936,2842,-94,-0.032
臺東縣關山鎮中福里,968,874,-94,-0.097
雲林縣褒忠鄉有才村,984,890,-94,-0.096
新北市新店區玫瑰里,6183,6089,-94,-0.015
新北市新莊區中信里,9314,9220,-94,-0.01
宜蘭縣員山鄉枕山村,2649,2555,-94,-0.035
臺南市中西區淺草里,2835,2741,-94,-0.033
新北市永和區店街里,4302,4208,-94,-0.022
苗栗縣苗栗市建功里,4998,4904,-94,-0.019
屏東縣林邊鄉水利村,2115,2021,-94,-0.044
高雄市三民區力行里,1232,1138,-94,-0.076
新北市三重區永德里,5231,5137,-94,-0.018
彰化縣鹿港鎮玉順里,1404,1310,-94,-0.067
高雄市苓雅區福康里,2106,2012,-94,-0.045
高雄市林園區西溪里,4003,3909,-94,-0.023
高雄市旗山區湄洲里,1887,1794,-93,-0.049
臺南市新化區礁坑里,1107,1014,-93,-0.084
臺中市豐原區大湳里,2972,2879,-93,-0.031
高雄市美濃區龍肚里,1586,1493,-93,-0.059
苗栗縣公館鄉館中村,1914,1821,-93,-0.049
臺中市豐原區北陽里,16156,16063,-93,-0.006
臺南市安定區蘇林里,2421,2328,-93,-0.038
高雄市苓雅區民主里,4200,4107,-93,-0.022
新北市板橋區五權里,4301,4208,-93,-0.022
高雄市鼓山區光榮里,3814,3721,-93,-0.024
臺南市東區成大里,2287,2194,-93,-0.041
基隆市信義區仁壽里,1326,1233,-93,-0.07
臺中市梧棲區安仁里,1014,921,-93,-0.092
新北市板橋區振義里,4347,4254,-93,-0.021
桃園市中壢區永光里,6733,6640,-93,-0.014
嘉義縣竹崎鄉昇平村,2036,1943,-93,-0.046
基隆市信義區智誠里,1696,1603,-93,-0.055
臺中市神岡區岸裡里,3365,3272,-93,-0.028
桃園市桃園區中原里,5678,5585,-93,-0.016
新北市新店區太平里,3223,3130,-93,-0.029
臺東縣東河鄉北源村,1756,1663,-93,-0.053
高雄市鹽埕區陸橋里,1309,1216,-93,-0.071
南投縣鹿谷鄉永隆村,1824,1731,-93,-0.051
基隆市信義區禮東里,1670,1577,-93,-0.056
新北市三重區光田里,4534,4441,-93,-0.021
苗栗縣銅鑼鄉九湖村,1402,1309,-93,-0.066
新北市土城區安和里,5151,5058,-93,-0.018
雲林縣四湖鄉蔡厝村,1002,909,-93,-0.093
雲林縣四湖鄉溪底村,1053,960,-93,-0.088
桃園市中壢區龍東里,5981,5888,-93,-0.016
臺中市西區昇平里,6667,6575,-92,-0.014
桃園市桃園區三民里,5289,5197,-92,-0.017
臺南市將軍區忠嘉里,2784,2692,-92,-0.033
宜蘭縣宜蘭市擺厘里,3470,3378,-92,-0.027
高雄市旗津區中洲里,2066,1974,-92,-0.045
嘉義縣民雄鄉中樂村,1873,1781,-92,-0.049
彰化縣二林鎮振興里,1443,1351,-92,-0.064
高雄市左營區埤北里,1439,1347,-92,-0.064
新北市板橋區長安里,5022,4930,-92,-0.018
臺南市下營區仁里里,2304,2212,-92,-0.04
高雄市三民區同德里,2989,2897,-92,-0.031
屏東縣內埔鄉建興村,960,868,-92,-0.096
彰化縣芳苑鄉三合村,2564,2472,-92,-0.036
臺南市麻豆區油車里,4244,4152,-92,-0.022
臺南市南區鯤鯓里,2030,1938,-92,-0.045
臺中市東區東信里,10647,10555,-92,-0.009
屏東縣屏東市長春里,2362,2270,-92,-0.039
宜蘭縣蘇澳鎮港邊里,1532,1440,-92,-0.06
屏東縣麟洛鄉新田村,2407,2315,-92,-0.038
新北市永和區永福里,2863,2771,-92,-0.032
宜蘭縣礁溪鄉六結村,1664,1572,-92,-0.055
高雄市湖內區海埔里,2052,1960,-92,-0.045
雲林縣西螺鎮新豐里,1810,1718,-92,-0.051
桃園市蘆竹區山腳里,4311,4219,-92,-0.021
高雄市苓雅區廣澤里,1961,1869,-92,-0.047
高雄市苓雅區苓東里,1593,1501,-92,-0.058
新北市中和區錦和里,5781,5689,-92,-0.016
臺南市鹽水區坔頭港里,1570,1478,-92,-0.059
臺中市大甲區大甲里,1279,1187,-92,-0.072
高雄市前金區文東里,1319,1227,-92,-0.07
屏東縣東港鎮東隆里,1455,1363,-92,-0.063
高雄市新興區光耀里,2827,2735,-92,-0.033
苗栗縣竹南鎮龍鳳里,2565,2473,-92,-0.036
臺中市后里區聯合里,1885,1794,-91,-0.048
臺中市大甲區奉化里,2536,2445,-91,-0.036
屏東縣枋寮鄉隆山村,4853,4762,-91,-0.019
高雄市鼓山區忠正里,4182,4091,-91,-0.022
新北市蘆洲區民和里,2822,2731,-91,-0.032
新竹縣竹東鎮中山里,2042,1951,-91,-0.045
臺中市東勢區慶福里,1462,1371,-91,-0.062
高雄市苓雅區苓中里,1815,1724,-91,-0.05
新北市新莊區立德里,2719,2628,-91,-0.033
高雄市三民區鼎金里,4422,4331,-91,-0.021
臺南市安平區怡平里,5016,4925,-91,-0.018
高雄市彌陀區文安里,1980,1889,-91,-0.046
苗栗縣頭屋鄉頭屋村,2894,2803,-91,-0.031
桃園市中壢區龍昌里,6401,6310,-91,-0.014
臺南市玉井區玉田里,4174,4083,-91,-0.022
嘉義縣水上鄉大崙村,2408,2317,-91,-0.038
雲林縣四湖鄉湖西村,2593,2502,-91,-0.035
高雄市鹽埕區河濱里,1812,1721,-91,-0.05
屏東縣長治鄉繁華村,2739,2648,-91,-0.033
臺南市龍崎區崎頂里,1158,1067,-91,-0.079
彰化縣大城鄉東港村,1406,1315,-91,-0.065
臺中市西屯區廣福里,2952,2862,-90,-0.03
臺中市豐原區豐田里,12315,12225,-90,-0.007
高雄市林園區北汕里,1855,1765,-90,-0.049
臺中市大里區西榮里,6759,6669,-90,-0.013
臺南市後壁區長短樹里,2246,2156,-90,-0.04
臺南市歸仁區媽廟里,2296,2206,-90,-0.039
高雄市前鎮區鎮昌里,2259,2169,-90,-0.04
高雄市阿蓮區中路里,2366,2276,-90,-0.038
臺中市梧棲區興農里,2794,2704,-90,-0.032
高雄市鼓山區厚生里,3463,3373,-90,-0.026
臺中市大甲區岷山里,2584,2494,-90,-0.035
屏東縣里港鄉茄苳村,1801,1711,-90,-0.05
臺北市北投區文林里,4401,4311,-90,-0.02
臺北市大安區龍門里,4644,4554,-90,-0.019
嘉義市西區保生里,5145,5055,-90,-0.017
雲林縣斗南鎮田頭里,2631,2541,-90,-0.034
基隆市信義區義幸里,2562,2472,-90,-0.035
新北市土城區員福里,5704,5614,-90,-0.016
桃園市桃園區雲林里,7549,7459,-90,-0.012
新北市板橋區自立里,2897,2807,-90,-0.031
新北市林口區瑞平里,994,904,-90,-0.091
雲林縣元長鄉鹿北村,1340,1250,-90,-0.067
金門縣烈嶼鄉林湖村,3741,3651,-90,-0.024
彰化縣田尾鄉豐田村,991,901,-90,-0.091
苗栗縣竹南鎮中華里,3420,3331,-89,-0.026
桃園市龍潭區龍潭里,2261,2172,-89,-0.039
苗栗縣南庄鄉南富村,1217,1128,-89,-0.073
臺南市新營區民權里,2836,2747,-89,-0.031
苗栗縣公館鄉福基村,1229,1140,-89,-0.072
基隆市仁愛區育仁里,867,778,-89,-0.103
屏東縣萬巒鄉佳和村,1654,1565,-89,-0.054
基隆市暖暖區暖暖里,3047,2958,-89,-0.029
臺南市永康區西橋里,3597,3508,-89,-0.025
高雄市鳳山區忠誠里,3982,3893,-89,-0.022
彰化縣彰化市長樂里,1163,1074,-89,-0.077
雲林縣臺西鄉永豐村,1621,1532,-89,-0.055
臺南市下營區紅甲里,2553,2464,-89,-0.035
花蓮縣玉里鎮永昌里,1481,1392,-89,-0.06
高雄市小港區大苓里,2897,2808,-89,-0.031
高雄市苓雅區林德里,1987,1898,-89,-0.045
高雄市鼓山區哨船頭里,1141,1052,-89,-0.078
南投縣竹山鎮延正里,1983,1894,-89,-0.045
彰化縣員林市光明里,977,888,-89,-0.091
新北市三峽區安坑里,1532,1443,-89,-0.058
高雄市鼓山區綠川里,1614,1525,-89,-0.055
新北市蘆洲區保佑里,4018,3929,-89,-0.022
臺南市仁德區中洲里,3046,2957,-89,-0.029
臺東縣成功鎮信義里,2024,1935,-89,-0.044
雲林縣斗六市江厝里,2637,2548,-89,-0.034
新北市瑞芳區爪峯里,4211,4122,-89,-0.021
彰化縣田中鎮三安里,1820,1731,-89,-0.049
臺中市沙鹿區沙鹿里,1248,1159,-89,-0.071
臺中市外埔區水美里,4014,3926,-88,-0.022
高雄市鳳山區文華里,10307,10219,-88,-0.009
基隆市安樂區干城里,2347,2259,-88,-0.037
桃園市楊梅區上田里,3068,2980,-88,-0.029
雲林縣水林鄉蘇秦村,1132,1044,-88,-0.078
臺中市后里區太平里,2596,2508,-88,-0.034
嘉義縣竹崎鄉復金村,2177,2089,-88,-0.04
高雄市大寮區山頂里,8634,8546,-88,-0.01
新竹市北區興南里,1746,1658,-88,-0.05
屏東縣麟洛鄉麟趾村,2901,2813,-88,-0.03
高雄市林園區廣應里,4093,4005,-88,-0.022
南投縣埔里鎮合成里,1916,1828,-88,-0.046
新竹市北區曲溪里,6088,6000,-88,-0.014
彰化縣二林鎮豐田里,3025,2937,-88,-0.029
桃園市中壢區東興里,4093,4005,-88,-0.022
臺北市內湖區金瑞里,7035,6947,-88,-0.013
花蓮縣花蓮市主權里,6469,6381,-88,-0.014
新北市中和區中安里,4420,4332,-88,-0.02
高雄市前鎮區竹東里,2501,2413,-88,-0.035
高雄市三民區灣勝里,2097,2009,-88,-0.042
彰化縣員林市西東里,2455,2367,-88,-0.036
屏東縣鹽埔鄉新二村,4056,3968,-88,-0.022
雲林縣斗南鎮西岐里,2560,2472,-88,-0.034
桃園市蘆竹區南興里,6733,6645,-88,-0.013
新北市永和區文化里,2909,2821,-88,-0.03
澎湖縣馬公市重慶里,1141,1053,-88,-0.077
臺南市新化區𦰡拔里,2494,2406,-88,-0.035
高雄市美濃區東門里,1372,1284,-88,-0.064
苗栗縣頭份市合興里,3236,3149,-87,-0.027
雲林縣莿桐鄉四合村,2048,1961,-87,-0.042
高雄市左營區尾北里,3704,3617,-87,-0.023
屏東縣佳冬鄉玉光村,2407,2320,-87,-0.036
基隆市中山區協和里,1773,1686,-87,-0.049
高雄市前鎮區竹內里,3171,3084,-87,-0.027
嘉義市西區新西里,2477,2390,-87,-0.035
雲林縣二崙鄉來惠村,1855,1768,-87,-0.047
彰化縣大城鄉豐美村,1075,988,-87,-0.081
雲林縣斗南鎮小東里,1744,1657,-87,-0.05
雲林縣水林鄉松北村,1357,1270,-87,-0.064
臺南市麻豆區謝厝寮里,1907,1820,-87,-0.046
桃園市桃園區中泰里,5127,5040,-87,-0.017
新北市三峽區溪東里,3256,3169,-87,-0.027
雲林縣四湖鄉崙北村,1865,1778,-87,-0.047
高雄市鳳山區誠信里,2440,2353,-87,-0.036
苗栗縣頭屋鄉明德村,1105,1018,-87,-0.079
臺南市新營區埤寮里,1989,1902,-87,-0.044
臺中市后里區眉山里,3870,3783,-87,-0.022
高雄市左營區尾西里,1141,1054,-87,-0.076
臺東縣長濱鄉寧埔村,1330,1243,-87,-0.065
高雄市鼓山區鼓岩里,1296,1209,-87,-0.067
嘉義縣六腳鄉灣南村,1369,1282,-87,-0.064
彰化縣田中鎮復興里,1777,1690,-87,-0.049
臺中市清水區裕嘉里,1734,1647,-87,-0.05
彰化縣鹿港鎮東崎里,6417,6330,-87,-0.014
臺南市仁德區保安里,3203,3116,-87,-0.027
新北市新莊區合鳳里,4817,4730,-87,-0.018
高雄市鳳山區中民里,5004,4917,-87,-0.017
高雄市杉林區月美里,1408,1321,-87,-0.062
苗栗縣大湖鄉靜湖村,2069,1983,-86,-0.042
基隆市中正區入船里,903,817,-86,-0.095
高雄市鳳山區中崙里,2799,2713,-86,-0.031
高雄市鳳山區新樂里,5183,5097,-86,-0.017
桃園市大溪區瑞源里,4490,4404,-86,-0.019
高雄市彌陀區海尾里,1004,918,-86,-0.086
桃園市龍潭區高平里,3735,3649,-86,-0.023
彰化縣彰化市光復里,828,742,-86,-0.104
雲林縣四湖鄉施湖村,1367,1281,-86,-0.063
高雄市鳳山區文德里,10129,10043,-86,-0.008
花蓮縣豐濱鄉磯崎村,505,419,-86,-0.17
新竹縣關西鎮仁安里,1177,1091,-86,-0.073
新北市三峽區五寮里,950,864,-86,-0.091
苗栗縣頭份市下興里,3036,2950,-86,-0.028
彰化縣社頭鄉平和村,1177,1091,-86,-0.073
新北市瑞芳區傑魚里,2252,2166,-86,-0.038
苗栗縣南庄鄉員林村,1179,1093,-86,-0.073
新北市瑞芳區瑞濱里,2221,2135,-86,-0.039
臺南市北門區三光里,1378,1292,-86,-0.062
苗栗縣三灣鄉銅鏡村,985,899,-86,-0.087
新北市新莊區豐年里,3888,3802,-86,-0.022
彰化縣福興鄉西勢村,2355,2269,-86,-0.037
高雄市美濃區龍山里,2382,2296,-86,-0.036
彰化縣永靖鄉光雲村,1921,1835,-86,-0.045
新北市新莊區光正里,4903,4817,-86,-0.018
宜蘭縣蘇澳鎮龍德里,3877,3791,-86,-0.022
雲林縣二崙鄉大同村,1002,916,-86,-0.086
新竹市東區成功里,754,668,-86,-0.114
宜蘭縣羅東鎮公正里,3539,3453,-86,-0.024
臺南市鹽水區津城里,1673,1588,-85,-0.051
苗栗縣卓蘭鎮上新里,2363,2278,-85,-0.036
苗栗縣頭份市頭份里,4009,3924,-85,-0.021
桃園市中壢區振興里,5641,5556,-85,-0.015
高雄市楠梓區國昌里,4218,4133,-85,-0.02
花蓮縣玉里鎮泰昌里,1541,1456,-85,-0.055
臺南市學甲區光華里,1401,1316,-85,-0.061
新北市新店區粗坑里,3245,3160,-85,-0.026
基隆市仁愛區朝棟里,3132,3047,-85,-0.027
桃園市龍潭區上華里,4087,4002,-85,-0.021
新北市新店區日興里,6034,5949,-85,-0.014
彰化縣田尾鄉新興村,1259,1174,-85,-0.068
臺中市烏日區湖日里,2988,2903,-85,-0.028
臺中市南區福興里,4504,4419,-85,-0.019
高雄市小港區三苓里,3239,3154,-85,-0.026
臺北市中正區愛國里,3493,3408,-85,-0.024
臺中市太平區福隆里,4274,4189,-85,-0.02
桃園市蘆竹區福昌里,6532,6447,-85,-0.013
嘉義縣布袋鎮光復里,1886,1801,-85,-0.045
新北市樹林區樹德里,3769,3684,-85,-0.023
臺南市南區新生里,3783,3698,-85,-0.022
臺中市北區新北里,1907,1822,-85,-0.045
基隆市安樂區外寮里,4596,4511,-85,-0.018
臺中市西區利民里,2087,2002,-85,-0.041
高雄市左營區埤東里,1139,1054,-85,-0.075
高雄市小港區港后里,3080,2995,-85,-0.028
新北市新莊區國泰里,1583,1498,-85,-0.054
嘉義縣布袋鎮復興里,2650,2566,-84,-0.032
高雄市三民區安寧里,2047,1963,-84,-0.041
屏東縣九如鄉九清村,1701,1617,-84,-0.049
新北市三重區田心里,4250,4166,-84,-0.02
高雄市大社區神農里,5721,5637,-84,-0.015
屏東縣林邊鄉光林村,1795,1711,-84,-0.047
桃園市蘆竹區長興里,3186,3102,-84,-0.026
新北市三重區安慶里,2164,2080,-84,-0.039
雲林縣土庫鎮埤腳里,1413,1329,-84,-0.059
桃園市中壢區中原里,4440,4356,-84,-0.019
新北市三芝區後厝里,2258,2174,-84,-0.037
臺南市歸仁區武東里,2223,2139,-84,-0.038
臺中市北區健行里,7773,7689,-84,-0.011
臺南市南區南都里,3094,3010,-84,-0.027
雲林縣褒忠鄉中勝村,1782,1698,-84,-0.047
彰化縣大城鄉菜寮村,1250,1166,-84,-0.067
臺東縣臺東市興國里,1052,968,-84,-0.08
基隆市中正區中正里,1853,1769,-84,-0.045
彰化縣田尾鄉北曾村,1886,1802,-84,-0.045
新北市中和區德行里,6900,6816,-84,-0.012
新北市中和區錦盛里,4041,3957,-84,-0.021
新北市貢寮區真理里,2249,2165,-84,-0.037
宜蘭縣礁溪鄉林美村,1364,1280,-84,-0.062
南投縣埔里鎮蜈蚣里,2972,2888,-84,-0.028
宜蘭縣蘇澳鎮南正里,1041,957,-84,-0.081
高雄市橋頭區橋頭里,2509,2425,-84,-0.033
新北市板橋區後埔里,3889,3805,-84,-0.022
臺中市神岡區新庄里,4995,4911,-84,-0.017
臺南市後壁區新東里,1865,1782,-83,-0.045
桃園市桃園區福安里,5225,5142,-83,-0.016
苗栗縣苑裡鎮苑港里,1445,1362,-83,-0.057
南投縣埔里鎮北梅里,3832,3749,-83,-0.022
彰化縣員林市仁美里,3138,3055,-83,-0.026
基隆市七堵區百福里,7232,7149,-83,-0.011
新北市瑞芳區吉安里,3417,3334,-83,-0.024
彰化縣彰化市陽明里,2148,2065,-83,-0.039
高雄市美濃區吉東里,2083,2000,-83,-0.04
高雄市苓雅區林貴里,2114,2031,-83,-0.039
南投縣國姓鄉長流村,1574,1491,-83,-0.053
新北市板橋區流芳里,1564,1481,-83,-0.053
新北市永和區民本里,4271,4188,-83,-0.019
宜蘭縣礁溪鄉玉田村,2447,2364,-83,-0.034
宜蘭縣羅東鎮維揚里,3821,3738,-83,-0.022
臺南市將軍區苓仔寮里,2227,2144,-83,-0.037
新北市汐止區茄苳里,4878,4795,-83,-0.017
新北市三峽區中正里,5518,5435,-83,-0.015
臺中市西屯區何安里,6088,6005,-83,-0.014
新北市平溪區十分里,943,860,-83,-0.088
臺南市南區廣州里,2562,2479,-83,-0.032
彰化縣福興鄉頂粘村,2808,2725,-83,-0.03
臺南市東區東明里,3537,3454,-83,-0.023
苗栗縣後龍鎮南港里,1361,1278,-83,-0.061
彰化縣田中鎮平和里,1698,1615,-83,-0.049
彰化縣彰化市忠孝里,1459,1376,-83,-0.057
高雄市前鎮區明義里,2635,2553,-82,-0.031
臺中市南區長榮里,3024,2942,-82,-0.027
臺南市學甲區仁得里,4398,4316,-82,-0.019
屏東縣車城鄉溫泉村,1026,944,-82,-0.08
嘉義縣新港鄉月眉村,1896,1814,-82,-0.043
高雄市小港區港興里,2639,2557,-82,-0.031
臺南市將軍區鯤鯓里,2104,2022,-82,-0.039
屏東縣內埔鄉龍潭村,2790,2708,-82,-0.029
雲林縣西螺鎮東興里,1123,1041,-82,-0.073
高雄市鳳山區中榮里,5022,4940,-82,-0.016
新竹縣湖口鄉長嶺村,3896,3814,-82,-0.021
高雄市鳳山區二甲里,5470,5388,-82,-0.015
新北市新莊區自信里,2608,2526,-82,-0.031
屏東縣滿州鄉响林村,679,597,-82,-0.121
臺中市大肚區頂街里,9093,9011,-82,-0.009
臺南市麻豆區中興里,2306,2224,-82,-0.036
苗栗縣頭份市蘆竹里,1567,1485,-82,-0.052
嘉義市東區太平里,5284,5202,-82,-0.016
高雄市小港區鳳源里,4206,4124,-82,-0.019
桃園市平鎮區平鎮里,5332,5250,-82,-0.015
苗栗縣大湖鄉富興村,1589,1507,-82,-0.052
南投縣草屯鎮雙冬里,2623,2541,-82,-0.031
臺南市歸仁區西埔里,1980,1898,-82,-0.041
新北市板橋區吉翠里,3914,3832,-82,-0.021
臺南市白河區關嶺里,1139,1057,-82,-0.072
臺中市和平區梨山里,2315,2233,-82,-0.035
基隆市中正區正砂里,2574,2492,-82,-0.032
桃園市中壢區金華里,4921,4839,-82,-0.017
嘉義縣梅山鄉大南村,1889,1807,-82,-0.043
臺北市大安區古風里,4310,4228,-82,-0.019
屏東縣滿州鄉長樂村,1503,1421,-82,-0.055
高雄市橋頭區頂鹽里,1499,1417,-82,-0.055
新竹縣新埔鎮巨埔里,1331,1249,-82,-0.062
雲林縣西螺鎮廣福里,2720,2638,-82,-0.03
高雄市六龜區新寮里,761,679,-82,-0.108
臺北市中山區正守里,3320,3239,-81,-0.024
臺南市柳營區神農里,1585,1504,-81,-0.051
彰化縣溪州鄉圳寮村,1775,1694,-81,-0.046
嘉義縣布袋鎮中安里,1543,1462,-81,-0.052
新北市板橋區光仁里,3060,2979,-81,-0.026
新北市永和區永安里,4301,4220,-81,-0.019
苗栗縣苗栗市恭敬里,1608,1527,-81,-0.05
新北市中和區壽德里,4805,4724,-81,-0.017
新北市永和區永元里,4964,4883,-81,-0.016
彰化縣彰化市文化里,1597,1516,-81,-0.051
桃園市大園區大海里,1994,1913,-81,-0.041
雲林縣北港鎮光復里,2147,2066,-81,-0.038
新竹縣湖口鄉湖南村,1870,1789,-81,-0.043
高雄市阿蓮區復安里,1909,1828,-81,-0.042
屏東縣高樹鄉南華村,1431,1350,-81,-0.057
臺東縣長濱鄉長濱村,2235,2154,-81,-0.036
臺中市清水區田寮里,2943,2862,-81,-0.028
基隆市信義區禮儀里,1775,1694,-81,-0.046
屏東縣恆春鎮鵝鑾里,1329,1248,-81,-0.061
高雄市旗山區東平里,2239,2158,-81,-0.036
雲林縣臺西鄉五港村,2056,1975,-81,-0.039
高雄市路竹區竹西里,2778,2697,-81,-0.029
宜蘭縣頭城鎮頂埔里,1575,1494,-81,-0.051
彰化縣員林市出水里,1930,1849,-81,-0.042
宜蘭縣蘇澳鎮南寧里,1175,1094,-81,-0.069
屏東縣滿州鄉永靖村,1419,1338,-81,-0.057
屏東縣崁頂鄉港東村,2332,2251,-81,-0.035
新北市瑞芳區龍川里,1920,1839,-81,-0.042
臺南市楠西區楠西里,2046,1965,-81,-0.04
彰化縣秀水鄉安東村,4746,4665,-81,-0.017
新北市三重區萬壽里,2069,1988,-81,-0.039
臺南市學甲區中洲里,1584,1503,-81,-0.051
屏東縣長治鄉德榮村,1329,1248,-81,-0.061
宜蘭縣蘇澳鎮存仁里,1026,946,-80,-0.078
臺中市大雅區三和里,6501,6421,-80,-0.012
臺南市山上區新莊里,1102,1022,-80,-0.073
高雄市鼓山區維生里,1358,1278,-80,-0.059
苗栗縣苑裡鎮苑東里,2629,2549,-80,-0.03
彰化縣田尾鄉海豐村,1583,1503,-80,-0.051
新北市貢寮區仁里里,1939,1859,-80,-0.041
高雄市鳳山區生明里,2338,2258,-80,-0.034
臺南市大內區石城里,1654,1574,-80,-0.048
雲林縣西螺鎮吳厝里,1546,1466,-80,-0.052
臺南市佳里區文新里,6350,6270,-80,-0.013
新北市中和區華南里,5245,5165,-80,-0.015
高雄市楠梓區泰昌里,1712,1632,-80,-0.047
雲林縣北港鎮大同里,1377,1297,-80,-0.058
彰化縣田中鎮三民里,1863,1783,-80,-0.043
臺中市大肚區王田里,5200,5120,-80,-0.015
苗栗縣後龍鎮中和里,1180,1100,-80,-0.068
雲林縣口湖鄉台子村,2217,2137,-80,-0.036
桃園市楊梅區中山里,3793,3713,-80,-0.021
桃園市新屋區赤欄里,1560,1480,-80,-0.051
雲林縣土庫鎮新庄里,1657,1577,-80,-0.048
南投縣南投市福山里,2197,2117,-80,-0.036
臺東縣臺東市建國里,1439,1359,-80,-0.056
雲林縣四湖鄉󿿀子村,1020,940,-80,-0.078
花蓮縣豐濱鄉靜浦村,765,685,-80,-0.105
苗栗縣頭份市忠孝里,3983,3903,-80,-0.02
桃園市桃園區龍岡里,7032,6952,-80,-0.011
苗栗縣三灣鄉三灣村,2574,2494,-80,-0.031
臺中市南區南門里,3993,3913,-80,-0.02
桃園市八德區大信里,4168,4088,-80,-0.019
基隆市中正區碧砂里,1417,1337,-80,-0.056
嘉義縣溪口鄉疊溪村,1193,1113,-80,-0.067
新北市永和區民生里,4240,4160,-80,-0.019
基隆市中正區和憲里,1143,1063,-80,-0.07
基隆市中山區文化里,1482,1402,-80,-0.054
臺中市石岡區德興里,1674,1594,-80,-0.048
新北市蘆洲區得仁里,3192,3112,-80,-0.025
南投縣埔里鎮清新里,4261,4181,-80,-0.019
南投縣水里鄉農富村,536,456,-80,-0.149
屏東縣枋寮鄉人和村,2373,2293,-80,-0.034
雲林縣元長鄉長北村,1714,1634,-80,-0.047
新北市三重區田中里,6613,6533,-80,-0.012
宜蘭縣羅東鎮北成里,3600,3520,-80,-0.022
苗栗縣銅鑼鄉竹森村,1228,1148,-80,-0.065
高雄市左營區屏山里,1749,1669,-80,-0.046
嘉義縣鹿草鄉光潭村,1168,1088,-80,-0.068
屏東縣竹田鄉竹田村,1672,1592,-80,-0.048
臺中市東勢區延平里,2587,2507,-80,-0.031
臺南市東區龍山里,5688,5608,-80,-0.014
雲林縣西螺鎮鹿場里,1746,1666,-80,-0.046
彰化縣彰化市東芳里,4255,4176,-79,-0.019
臺東縣臺東市中正里,877,798,-79,-0.09
新竹市東區公園里,4247,4168,-79,-0.019
彰化縣花壇鄉橋頭村,4060,3981,-79,-0.019
高雄市大樹區龍目里,2018,1939,-79,-0.039
苗栗縣卓蘭鎮豐田里,1116,1037,-79,-0.071
基隆市中山區居仁里,1475,1396,-79,-0.054
臺東縣卑南鄉初鹿村,1467,1388,-79,-0.054
彰化縣田中鎮新民里,5112,5033,-79,-0.015
臺南市新化區護國里,3157,3078,-79,-0.025
新竹市香山區內湖里,5246,5167,-79,-0.015
高雄市三民區寶玉里,9986,9907,-79,-0.008
新北市新店區中華里,4480,4401,-79,-0.018
屏東縣新埤鄉新埤村,2210,2131,-79,-0.036
新北市板橋區國光里,3799,3720,-79,-0.021
雲林縣土庫鎮奮起里,1481,1402,-79,-0.053
新北市板橋區華興里,4360,4281,-79,-0.018
桃園市楊梅區水美里,4907,4828,-79,-0.016
臺南市後壁區侯伯里,1519,1440,-79,-0.052
高雄市旗津區上竹里,3241,3162,-79,-0.024
臺南市東山區科里里,1377,1298,-79,-0.057
屏東縣潮州鎮四春里,1960,1881,-79,-0.04
彰化縣二水鄉上豊村,1107,1028,-79,-0.071
基隆市仁愛區博愛里,1701,1622,-79,-0.046
嘉義市西區番社里,1611,1532,-79,-0.049
雲林縣古坑鄉新庄村,1697,1618,-79,-0.047
臺中市西區安龍里,3290,3211,-79,-0.024
桃園市新屋區社子里,1612,1533,-79,-0.049
新北市中和區景新里,3647,3568,-79,-0.022
臺南市鹽水區竹林里,1231,1152,-79,-0.064
新北市金山區金美里,5716,5637,-79,-0.014
桃園市楊梅區瑞原里,4471,4392,-79,-0.018
嘉義縣鹿草鄉後堀村,1333,1254,-79,-0.059
花蓮縣花蓮市民勤里,4385,4306,-79,-0.018
臺北市士林區永福里,1301,1222,-79,-0.061
新竹縣竹北市竹義里,7139,7060,-79,-0.011
高雄市六龜區新發里,1132,1053,-79,-0.07
苗栗縣苗栗市綠苗里,976,897,-79,-0.081
臺南市大內區環湖里,846,767,-79,-0.093
嘉義縣大林鎮過溪里,1642,1564,-78,-0.048
雲林縣四湖鄉󿿀東村,1186,1108,-78,-0.066
屏東縣枋山鄉善餘村,971,893,-78,-0.08
桃園市八德區瑞泰里,5062,4984,-78,-0.015
彰化縣彰化市南安里,2616,2538,-78,-0.03
高雄市梓官區梓和里,2639,2561,-78,-0.03
彰化縣彰化市華陽里,2103,2025,-78,-0.037
臺中市豐原區中山里,1014,936,-78,-0.077
臺中市豐原區民生里,1425,1347,-78,-0.055
屏東縣屏東市新興里,3007,2929,-78,-0.026
苗栗縣竹南鎮大厝里,6656,6578,-78,-0.012
雲林縣斗六市光興里,866,788,-78,-0.09
嘉義縣義竹鄉義竹村,1678,1600,-78,-0.046
宜蘭縣員山鄉尚德村,2434,2356,-78,-0.032
彰化縣北斗鎮西德里,5625,5547,-78,-0.014
臺中市清水區高北里,1414,1336,-78,-0.055
澎湖縣馬公市光復里,2259,2181,-78,-0.035
連江縣南竿鄉福沃村,926,848,-78,-0.084
臺中市霧峰區六股里,2888,2810,-78,-0.027
彰化縣芳苑鄉王功村,2488,2410,-78,-0.031
彰化縣二水鄉光化村,1058,980,-78,-0.074
基隆市中正區平寮里,1416,1338,-78,-0.055
南投縣信義鄉明德村,1721,1643,-78,-0.045
彰化縣秀水鄉秀水村,2083,2005,-78,-0.037
新北市蘆洲區仁復里,2278,2200,-78,-0.034
嘉義市東區東川里,2121,2043,-78,-0.037
彰化縣員林市黎明里,2146,2068,-78,-0.036
高雄市仁武區中華里,1837,1759,-78,-0.042
高雄市苓雅區苓昇里,1343,1265,-78,-0.058
彰化縣員林市新興里,889,811,-78,-0.088
高雄市旗津區中興里,2897,2819,-78,-0.027
彰化縣花壇鄉永春村,2247,2169,-78,-0.035
高雄市彌陀區鹽埕里,2375,2297,-78,-0.033
臺中市神岡區溪洲里,3325,3247,-78,-0.023
臺北市中山區康樂里,2629,2551,-78,-0.03
臺東縣大武鄉大武村,1544,1466,-78,-0.051
屏東縣枋山鄉枋山村,1153,1075,-78,-0.068
高雄市前鎮區信德里,2545,2467,-78,-0.031
高雄市三民區德行里,1216,1138,-78,-0.064
彰化縣溪州鄉大庄村,2176,2098,-78,-0.036
臺東縣卑南鄉東興村,1382,1304,-78,-0.056
高雄市橋頭區仕隆里,2688,2610,-78,-0.029
嘉義縣布袋鎮西安里,1320,1242,-78,-0.059
雲林縣北港鎮番溝里,904,827,-77,-0.085
桃園市桃園區信光里,8718,8641,-77,-0.009
新北市汐止區長青里,1008,931,-77,-0.076
屏東縣佳冬鄉石光村,2201,2124,-77,-0.035
臺北市松山區中崙里,4430,4353,-77,-0.017
新北市雙溪區平林里,1042,965,-77,-0.074
高雄市前鎮區仁愛里,1482,1405,-77,-0.052
基隆市暖暖區八西里,1640,1563,-77,-0.047
新北市樹林區三福里,4254,4177,-77,-0.018
嘉義縣布袋鎮東安里,1496,1419,-77,-0.051
高雄市新興區大明里,1191,1114,-77,-0.065
臺南市七股區七股里,1059,982,-77,-0.073
新北市三重區永春里,2033,1956,-77,-0.038
臺中市大甲區江南里,1667,1590,-77,-0.046
新北市新店區下城里,3451,3374,-77,-0.022
新竹縣新埔鎮新民里,1228,1151,-77,-0.063
高雄市新興區玉衡里,881,804,-77,-0.087
臺中市新社區福興里,1306,1229,-77,-0.059
臺中市霧峰區北勢里,2617,2540,-77,-0.029
臺中市大雅區六寶里,7591,7514,-77,-0.01
高雄市鹽埕區藍橋里,1506,1429,-77,-0.051
新北市萬里區大鵬里,3120,3043,-77,-0.025
新北市土城區瑞興里,3229,3152,-77,-0.024
臺南市鹽水區三明里,1764,1687,-77,-0.044
彰化縣溪湖鎮番婆里,2119,2042,-77,-0.036
臺南市東山區南勢里,1256,1179,-77,-0.061
宜蘭縣員山鄉同樂村,2795,2718,-77,-0.028
基隆市中山區西康里,1802,1725,-77,-0.043
雲林縣莿桐鄉麻園村,1736,1659,-77,-0.044
屏東縣佳冬鄉賴家村,872,795,-77,-0.088
新北市三重區永安里,4370,4293,-77,-0.018
新北市永和區信義里,2695,2618,-77,-0.029
雲林縣北港鎮樹腳里,3552,3475,-77,-0.022
臺南市安南區大安里,4258,4181,-77,-0.018
臺中市大肚區瑞井里,6075,5998,-77,-0.013
高雄市美濃區吉洋里,2101,2024,-77,-0.037
高雄市三民區寶民里,3679,3602,-77,-0.021
雲林縣口湖鄉崙東村,1663,1586,-77,-0.046
彰化縣田尾鄉南曾村,1577,1500,-77,-0.049
嘉義縣大林鎮中林里,1811,1735,-76,-0.042
高雄市三民區德仁里,2131,2055,-76,-0.036
屏東縣崁頂鄉北勢村,1874,1798,-76,-0.041
臺南市東山區東正里,1651,1575,-76,-0.046
屏東縣東港鎮中興里,818,742,-76,-0.093
臺南市後壁區福安里,1997,1921,-76,-0.038
高雄市岡山區信義里,1876,1800,-76,-0.041
嘉義市西區新富里,1930,1854,-76,-0.039
苗栗縣通霄鎮五北里,1657,1581,-76,-0.046
高雄市大社區翠屏里,1928,1852,-76,-0.039
新北市三重區永煇里,2633,2557,-76,-0.029
屏東縣枋寮鄉保生村,1099,1023,-76,-0.069
新北市新店區頂城里,1778,1702,-76,-0.043
屏東縣霧臺鄉霧台村,1331,1255,-76,-0.057
高雄市前鎮區瑞昌里,3641,3565,-76,-0.021
南投縣竹山鎮竹山里,2304,2228,-76,-0.033
彰化縣埔鹽鄉埔鹽村,2041,1965,-76,-0.037
苗栗縣苑裡鎮上舘里,1853,1777,-76,-0.041
臺北市南港區南港里,6798,6722,-76,-0.011
臺南市關廟區花園里,4025,3949,-76,-0.019
新北市中和區正行里,3053,2977,-76,-0.025
苗栗縣苗栗市水源里,2882,2806,-76,-0.026
高雄市路竹區北嶺里,1487,1411,-76,-0.051
臺中市西區大忠里,5258,5182,-76,-0.014
臺南市新化區知義里,2470,2394,-76,-0.031
嘉義縣鹿草鄉三角村,1615,1539,-76,-0.047
新北市泰山區福泰里,2998,2922,-76,-0.025
臺中市東勢區詒福里,1914,1838,-76,-0.04
高雄市大寮區拷潭里,1631,1555,-76,-0.047
屏東縣內埔鄉龍泉村,2823,2747,-76,-0.027
新竹市香山區中埔里,3453,3377,-76,-0.022
彰化縣永靖鄉竹子村,1513,1437,-76,-0.05
臺南市安平區華平里,5598,5522,-76,-0.014
臺南市北門區文山里,1400,1324,-76,-0.054
高雄市大社區中里里,3676,3600,-76,-0.021
新竹縣北埔鄉埔尾村,3041,2965,-76,-0.025
屏東縣新埤鄉建功村,1160,1084,-76,-0.066
基隆市中山區中興里,1426,1350,-76,-0.053
雲林縣元長鄉山內村,1105,1029,-76,-0.069
高雄市路竹區文南里,2992,2917,-75,-0.025
新北市中和區秀明里,5160,5085,-75,-0.015
新北市土城區清化里,1687,1612,-75,-0.044
南投縣竹山鎮鯉魚里,879,804,-75,-0.085
新北市三重區慈生里,2380,2305,-75,-0.032
臺南市安南區佃東里,3998,3923,-75,-0.019
屏東縣屏東市擇仁里,962,887,-75,-0.078
雲林縣元長鄉瓦󿾨村,1706,1631,-75,-0.044
新北市板橋區松柏里,2368,2293,-75,-0.032
屏東縣萬丹鄉後村村,1207,1132,-75,-0.062
臺南市關廟區東勢里,3641,3566,-75,-0.021
屏東縣高樹鄉高樹村,2451,2376,-75,-0.031
高雄市楠梓區建昌里,3059,2984,-75,-0.025
南投縣鹿谷鄉彰雅村,1463,1388,-75,-0.051
臺東縣東河鄉泰源村,1328,1253,-75,-0.056
新北市三重區錦通里,1542,1467,-75,-0.049
桃園市八德區大仁里,5117,5042,-75,-0.015
桃園市新屋區九斗里,2713,2638,-75,-0.028
臺中市東勢區中嵙里,2179,2104,-75,-0.034
雲林縣虎尾鎮頂溪里,3000,2925,-75,-0.025
高雄市大樹區檨腳里,4033,3958,-75,-0.019
雲林縣二崙鄉永定村,1643,1568,-75,-0.046
彰化縣秀水鄉安溪村,2453,2378,-75,-0.031
嘉義縣溪口鄉溪東村,1492,1417,-75,-0.05
苗栗縣通霄鎮通東里,1266,1191,-75,-0.059
臺中市新社區東興里,1438,1363,-75,-0.052
臺北市北投區湖田里,985,910,-75,-0.076
高雄市新興區黎明里,949,874,-75,-0.079
嘉義縣新港鄉南崙村,1062,987,-75,-0.071
臺中市后里區義里里,3790,3715,-75,-0.02
雲林縣西螺鎮新安里,1549,1474,-75,-0.048
彰化縣員林市南東里,2092,2017,-75,-0.036
南投縣名間鄉東湖村,1883,1808,-75,-0.04
臺東縣大武鄉大鳥村,1350,1275,-75,-0.056
高雄市仁武區竹後里,2503,2429,-74,-0.03
新北市板橋區溪洲里,6235,6161,-74,-0.012
屏東縣長治鄉德協村,1207,1133,-74,-0.061
彰化縣二林鎮頂厝里,1557,1483,-74,-0.048
桃園市楊梅區富岡里,2165,2091,-74,-0.034
新北市瑞芳區龍鎮里,1396,1322,-74,-0.053
臺南市東山區聖賢里,2098,2024,-74,-0.035
臺南市東區東安里,1646,1572,-74,-0.045
新北市新店區吉祥里,4903,4829,-74,-0.015
苗栗縣通霄鎮烏眉里,1050,976,-74,-0.07
嘉義市西區重興里,2407,2333,-74,-0.031
嘉義縣水上鄉龍德村,2237,2163,-74,-0.033
雲林縣虎尾鎮惠來里,2695,2621,-74,-0.027
彰化縣永靖鄉浮圳村,1438,1364,-74,-0.051
苗栗縣三義鄉双湖村,2155,2081,-74,-0.034
苗栗縣西湖鄉三湖村,1020,946,-74,-0.073
宜蘭縣宜蘭市南門里,1670,1596,-74,-0.044
雲林縣土庫鎮東平里,2151,2077,-74,-0.034
臺北市北投區尊賢里,5107,5033,-74,-0.014
嘉義縣中埔鄉隆興村,2153,2079,-74,-0.034
屏東縣屏東市橋南里,1831,1757,-74,-0.04
宜蘭縣羅東鎮仁德里,1369,1295,-74,-0.054
高雄市小港區泰山里,3876,3802,-74,-0.019
基隆市中正區正船里,1413,1339,-74,-0.052
嘉義縣六腳鄉豐美村,1209,1135,-74,-0.061
新竹市香山區樹下里,2495,2421,-74,-0.03
新竹市東區水源里,3943,3870,-73,-0.019
高雄市彌陀區彌陀里,2078,2005,-73,-0.035
嘉義縣番路鄉下坑村,2064,1991,-73,-0.035
臺南市七股區竹橋里,1417,1344,-73,-0.052
彰化縣埤頭鄉芙朝村,1765,1692,-73,-0.041
高雄市苓雅區林西里,1729,1656,-73,-0.042
雲林縣古坑鄉水碓村,1438,1365,-73,-0.051
嘉義市西區北榮里,2713,2640,-73,-0.027
新北市三重區福樂里,3926,3853,-73,-0.019
彰化縣二林鎮西斗里,1235,1162,-73,-0.059
臺南市鹽水區橋南里,4360,4287,-73,-0.017
臺中市南區平和里,4103,4030,-73,-0.018
新竹縣竹東鎮榮樂里,1647,1574,-73,-0.044
新北市永和區忠義里,851,778,-73,-0.086
苗栗縣南庄鄉獅山村,937,864,-73,-0.078
苗栗縣頭屋鄉曲洞村,1010,937,-73,-0.072
苗栗縣三義鄉双潭村,1581,1508,-73,-0.046
雲林縣褒忠鄉龍岩村,1374,1301,-73,-0.053
臺中市大里區立仁里,6330,6257,-73,-0.012
雲林縣元長鄉子茂村,1521,1448,-73,-0.048
高雄市新興區榮治里,846,773,-73,-0.086
新北市土城區峯廷里,7667,7594,-73,-0.01
桃園市平鎮區龍恩里,3353,3280,-73,-0.022
桃園市大溪區義和里,2046,1973,-73,-0.036
花蓮縣新城鄉新城村,1486,1413,-73,-0.049
臺中市中區公園里,1793,1720,-73,-0.041
新北市土城區延祿里,4382,4309,-73,-0.017
桃園市中壢區普強里,4525,4452,-73,-0.016
花蓮縣玉里鎮源城里,1421,1348,-73,-0.051
苗栗縣苑裡鎮山脚里,1577,1504,-73,-0.046
臺南市東區路東里,1815,1743,-72,-0.04
臺南市六甲區水林里,2474,2402,-72,-0.029
屏東縣潮州鎮泗林里,1872,1800,-72,-0.038
桃園市八德區龍友里,2628,2556,-72,-0.027
新竹縣北埔鄉北埔村,1333,1261,-72,-0.054
嘉義縣溪口鄉游東村,1131,1059,-72,-0.064
臺中市外埔區土城里,1879,1807,-72,-0.038
雲林縣大埤鄉大德村,1177,1105,-72,-0.061
臺中市東區東興里,3291,3219,-72,-0.022
嘉義縣大林鎮平林里,6985,6913,-72,-0.01
高雄市大社區嘉誠里,1081,1009,-72,-0.067
臺南市楠西區東勢里,2561,2489,-72,-0.028
臺南市白河區廣蓮里,1671,1599,-72,-0.043
苗栗縣公館鄉五谷村,2594,2522,-72,-0.028
臺中市沙鹿區洛泉里,2624,2552,-72,-0.027
屏東縣竹田鄉鳳明村,1391,1319,-72,-0.052
臺中市大甲區銅安里,1693,1621,-72,-0.043
新竹市東區復中里,5499,5427,-72,-0.013
彰化縣彰化市成功里,1772,1700,-72,-0.041
雲林縣斗南鎮南昌里,2629,2557,-72,-0.027
雲林縣斗南鎮阿丹里,1289,1217,-72,-0.056
屏東縣佳冬鄉豐隆村,793,721,-72,-0.091
臺中市東勢區北興里,1588,1516,-72,-0.045
新北市雙溪區新基里,870,798,-72,-0.083
新北市雙溪區魚行里,794,722,-72,-0.091
臺中市西屯區何明里,4211,4139,-72,-0.017
新北市樹林區三龍里,2220,2148,-72,-0.032
新北市中和區民享里,2569,2497,-72,-0.028
雲林縣北港鎮草湖里,1582,1510,-72,-0.046
雲林縣四湖鄉林厝村,1174,1103,-71,-0.06
臺南市關廟區南雄里,1711,1640,-71,-0.041
嘉義縣東石鄉鰲鼓村,1432,1361,-71,-0.05
嘉義縣竹崎鄉紫雲村,1643,1572,-71,-0.043
新北市板橋區嵐翠里,2546,2475,-71,-0.028
雲林縣崙背鄉舊庄村,1316,1245,-71,-0.054
臺南市西港區竹林里,1550,1479,-71,-0.046
嘉義市西區湖邊里,2528,2457,-71,-0.028
新北市板橋區港尾里,3063,2992,-71,-0.023
新北市三重區六合里,3920,3849,-71,-0.018
臺中市大里區大明里,4931,4860,-71,-0.014
南投縣魚池鄉大林村,1240,1169,-71,-0.057
雲林縣崙背鄉港尾村,1501,1430,-71,-0.047
新北市三重區光陽里,6444,6373,-71,-0.011
嘉義縣新港鄉溪北村,1530,1459,-71,-0.046
臺中市太平區大興里,2913,2842,-71,-0.024
臺中市太平區聖和里,1800,1729,-71,-0.039
彰化縣溪州鄉柑園村,1391,1320,-71,-0.051
高雄市鼓山區興宗里,1401,1330,-71,-0.051
嘉義縣溪口鄉美北村,1135,1064,-71,-0.063
臺南市善化區昌隆里,2264,2193,-71,-0.031
新北市瑞芳區龍興里,2268,2197,-71,-0.031
彰化縣鹿港鎮洋厝里,2853,2782,-71,-0.025
高雄市六龜區荖濃里,1579,1508,-71,-0.045
高雄市新興區振華里,1200,1129,-71,-0.059
花蓮縣花蓮市國風里,4428,4357,-71,-0.016
基隆市中正區中船里,1341,1270,-71,-0.053
桃園市中壢區山東里,4408,4337,-71,-0.016
臺中市潭子區頭家東里,5273,5202,-71,-0.013
新竹縣橫山鄉力行村,949,878,-71,-0.075
桃園市中壢區興和里,3304,3233,-71,-0.021
高雄市小港區山東里,3427,3356,-71,-0.021
臺中市梧棲區草湳里,7454,7383,-71,-0.01
苗栗縣造橋鄉豐湖村,1174,1103,-71,-0.06
桃園市桃園區西埔里,3691,3620,-71,-0.019
桃園市八德區陸光里,5275,5204,-71,-0.013
高雄市大樹區水寮里,2603,2532,-71,-0.027
宜蘭縣員山鄉湖西村,1581,1510,-71,-0.045
苗栗縣通霄鎮內湖里,2131,2060,-71,-0.033
屏東縣東港鎮興和里,1267,1196,-71,-0.056
苗栗縣後龍鎮秀水里,809,739,-70,-0.087
新竹縣湖口鄉湖口村,3312,3242,-70,-0.021
桃園市龍潭區北興里,2783,2713,-70,-0.025
花蓮縣花蓮市國防里,1066,996,-70,-0.066
臺中市沙鹿區西勢里,2512,2442,-70,-0.028
桃園市龍潭區龍祥里,4259,4189,-70,-0.016
屏東縣九如鄉玉水村,1457,1387,-70,-0.048
屏東縣潮州鎮三共里,7531,7461,-70,-0.009
高雄市鼓山區峰南里,935,865,-70,-0.075
高雄市杉林區集來里,1395,1325,-70,-0.05
雲林縣崙背鄉枋南村,910,840,-70,-0.077
嘉義縣布袋鎮永安里,1244,1174,-70,-0.056
彰化縣和美鎮面前里,2649,2579,-70,-0.026
臺中市大里區瑞城里,14283,14213,-70,-0.005
高雄市苓雅區林圍里,3093,3023,-70,-0.023
新北市新莊區後港里,7294,7224,-70,-0.01
新北市新莊區中誠里,2287,2217,-70,-0.031
雲林縣四湖鄉林東村,1099,1029,-70,-0.064
高雄市鳳山區海洋里,4508,4438,-70,-0.016
新北市永和區得和里,4406,4336,-70,-0.016
雲林縣虎尾鎮西屯里,1762,1692,-70,-0.04
高雄市苓雅區建軍里,2257,2187,-70,-0.031
苗栗縣西湖鄉五湖村,920,850,-70,-0.076
新北市石門區茂林里,700,630,-70,-0.1
新竹縣新埔鎮內立里,1305,1235,-70,-0.054
基隆市中正區中濱里,1410,1340,-70,-0.05
新竹縣新埔鎮新北里,693,623,-70,-0.101
宜蘭縣宜蘭市中山里,1054,984,-70,-0.066
苗栗縣公館鄉中義村,2675,2605,-70,-0.026
新竹縣芎林鄉五龍村,604,534,-70,-0.116
雲林縣斗六市久安里,2776,2706,-70,-0.025
臺南市白河區竹門里,989,919,-70,-0.071
高雄市美濃區德興里,1686,1616,-70,-0.042
屏東縣屏東市廣興里,2476,2406,-70,-0.028
高雄市旗津區永安里,1265,1195,-70,-0.055
臺中市外埔區三崁里,2216,2146,-70,-0.032
高雄市梓官區赤東里,2516,2446,-70,-0.028
彰化縣埔心鄉瓦南村,1660,1590,-70,-0.042
新北市中和區佳和里,5066,4996,-70,-0.014
高雄市彌陀區舊港里,1835,1765,-70,-0.038
雲林縣莿桐鄉六合村,2086,2016,-70,-0.034
新北市鶯歌區東鶯里,1163,1093,-70,-0.06
花蓮縣瑞穗鄉瑞祥村,1103,1033,-70,-0.063
臺中市大安區南庄里,1196,1126,-70,-0.059
彰化縣芬園鄉大埔村,1652,1582,-70,-0.042
雲林縣土庫鎮北平里,1035,966,-69,-0.067
高雄市旗山區南洲里,1435,1366,-69,-0.048
基隆市仁愛區誠仁里,1060,991,-69,-0.065
雲林縣斗六市社口里,2739,2670,-69,-0.025
臺南市西港區慶安里,5003,4934,-69,-0.014
臺中市清水區頂湳里,2071,2002,-69,-0.033
高雄市大樹區興山里,1257,1188,-69,-0.055
臺東縣臺東市富岡里,1683,1614,-69,-0.041
新竹市北區崇禮里,1267,1198,-69,-0.054
臺中市外埔區廍子里,1394,1325,-69,-0.049
臺東縣長濱鄉竹湖村,994,925,-69,-0.069
臺中市豐原區豐西里,1845,1776,-69,-0.037
基隆市信義區仁義里,1351,1282,-69,-0.051
雲林縣大埤鄉興安村,816,747,-69,-0.085
新竹市北區大鵬里,316,247,-69,-0.218
屏東縣琉球鄉大福村,1950,1881,-69,-0.035
苗栗縣公館鄉仁安村,1483,1414,-69,-0.047
宜蘭縣羅東鎮西安里,3441,3372,-69,-0.02
新竹縣關西鎮南和里,970,901,-69,-0.071
花蓮縣壽豐鄉志學村,2966,2897,-69,-0.023
南投縣水里鄉鉅工村,1135,1066,-69,-0.061
雲林縣北港鎮好收里,1837,1768,-69,-0.038
新北市三峽區有木里,795,726,-69,-0.087
雲林縣口湖鄉成龍村,1061,992,-69,-0.065
臺南市麻豆區新興里,2234,2165,-69,-0.031
臺南市安定區港尾里,1803,1734,-69,-0.038
屏東縣新園鄉仙吉村,2906,2837,-69,-0.024
臺中市西屯區何厝里,3847,3778,-69,-0.018
臺南市北區重興里,2067,1998,-69,-0.033
彰化縣彰化市永生里,1393,1324,-69,-0.05
彰化縣彰化市福田里,1433,1364,-69,-0.048
新北市樹林區東陽里,6309,6240,-69,-0.011
花蓮縣光復鄉大安村,956,887,-69,-0.072
桃園市桃園區長安里,4406,4337,-69,-0.016
臺南市六甲區七甲里,2241,2173,-68,-0.03
臺南市玉井區竹圍里,1643,1575,-68,-0.041
高雄市苓雅區仁政里,1360,1292,-68,-0.05
宜蘭縣礁溪鄉匏崙村,1085,1017,-68,-0.063
臺北市內湖區南湖里,6112,6044,-68,-0.011
彰化縣大城鄉西城村,984,916,-68,-0.069
屏東縣南州鄉七塊村,1179,1111,-68,-0.058
臺中市太平區光華里,6024,5956,-68,-0.011
新北市板橋區鄉雲里,3921,3853,-68,-0.017
連江縣莒光鄉大坪村,576,508,-68,-0.118
臺北市大安區古莊里,7495,7427,-68,-0.009
臺東縣大武鄉大竹村,897,829,-68,-0.076
彰化縣彰化市興北里,2094,2026,-68,-0.032
屏東縣屏東市鵬程里,307,239,-68,-0.221
新北市三重區長元里,2564,2496,-68,-0.027
臺南市歸仁區辜厝里,3861,3793,-68,-0.018
新北市三重區錦安里,1906,1838,-68,-0.036
臺南市鹽水區月港里,1817,1749,-68,-0.037
新北市中和區景平里,5502,5434,-68,-0.012
臺南市麻豆區安業里,1524,1456,-68,-0.045
南投縣南投市鳳山里,1228,1160,-68,-0.055
高雄市苓雅區林興里,1457,1389,-68,-0.047
臺南市七股區後港里,1130,1062,-68,-0.06
彰化縣彰化市五權里,5188,5120,-68,-0.013
臺南市仁德區二行里,2434,2366,-68,-0.028
桃園市龜山區山頂里,6521,6453,-68,-0.01
宜蘭縣員山鄉內城村,1739,1671,-68,-0.039
新竹縣寶山鄉三峰村,1161,1093,-68,-0.059
嘉義縣竹崎鄉內埔村,1812,1744,-68,-0.038
雲林縣斗六市鎮南里,4224,4156,-68,-0.016
高雄市六龜區寶來里,1036,968,-68,-0.066
雲林縣斗六市龍潭里,2154,2086,-68,-0.032
彰化縣彰化市中正里,1746,1678,-68,-0.039
臺南市學甲區豐和里,1365,1297,-68,-0.05
彰化縣大城鄉山腳村,1480,1412,-68,-0.046
新竹縣竹北市崇義里,2262,2194,-68,-0.03
嘉義縣鹿草鄉竹山村,1031,964,-67,-0.065
屏東縣屏東市中正里,5561,5494,-67,-0.012
臺中市北區明新里,3155,3088,-67,-0.021
基隆市中山區西榮里,768,701,-67,-0.087
嘉義市西區港坪里,4154,4087,-67,-0.016
苗栗縣南庄鄉東河村,1134,1067,-67,-0.059
苗栗縣銅鑼鄉樟樹村,1488,1421,-67,-0.045
臺中市東區干城里,2225,2158,-67,-0.03
新北市中和區連城里,6627,6560,-67,-0.01
新北市中和區福善里,4351,4284,-67,-0.015
苗栗縣公館鄉鶴岡村,1852,1785,-67,-0.036
臺東縣達仁鄉森永村,476,409,-67,-0.141
臺南市新營區姑爺里,1050,983,-67,-0.064
臺南市南區喜北里,2526,2459,-67,-0.027
雲林縣北港鎮溝皂里,1318,1251,-67,-0.051
屏東縣內埔鄉東勢村,3249,3182,-67,-0.021
雲林縣二崙鄉崙西村,2062,1995,-67,-0.032
雲林縣土庫鎮興新里,1723,1656,-67,-0.039
彰化縣田尾鄉仁里村,1909,1842,-67,-0.035
新北市新莊區中華里,3058,2991,-67,-0.022
嘉義縣溪口鄉溪北村,767,700,-67,-0.087
嘉義市東區後湖里,4185,4118,-67,-0.016
臺南市關廟區布袋里,1387,1320,-67,-0.048
臺中市龍井區南寮里,1938,1871,-67,-0.035
高雄市左營區頂西里,1049,982,-67,-0.064
高雄市左營區明建里,790,723,-67,-0.085
臺中市沙鹿區興安里,4236,4169,-67,-0.016
高雄市岡山區後協里,6430,6363,-67,-0.01
臺中市大肚區社腳里,2903,2836,-67,-0.023
臺中市后里區后里里,4464,4397,-67,-0.015
彰化縣福興鄉福寶村,1588,1521,-67,-0.042
桃園市平鎮區東安里,3364,3297,-67,-0.02
高雄市鹽埕區江南里,715,648,-67,-0.094
宜蘭縣宜蘭市思源里,5260,5193,-67,-0.013
高雄市鼓山區惠安里,1266,1199,-67,-0.053
彰化縣伸港鄉定興村,3170,3103,-67,-0.021
臺中市大甲區頂店里,5623,5556,-67,-0.012
桃園市龍潭區佳安里,4165,4098,-67,-0.016
臺中市潭子區潭秀里,1556,1489,-67,-0.043
宜蘭縣羅東鎮開明里,1641,1574,-67,-0.041
屏東縣恆春鎮大光里,2697,2630,-67,-0.025
臺東縣太麻里鄉三和村,698,631,-67,-0.096
新北市五股區觀音里,1479,1412,-67,-0.045
桃園市大溪區月眉里,1489,1422,-67,-0.045
新北市新莊區仁愛里,2792,2725,-67,-0.024
臺南市善化區坐駕里,5171,5104,-67,-0.013
屏東縣新園鄉港墘村,1000,933,-67,-0.067
臺南市玉井區望明里,1652,1585,-67,-0.041
高雄市梓官區赤崁里,2070,2003,-67,-0.032
高雄市杉林區新庄里,1644,1577,-67,-0.041
臺中市大甲區庄美里,2566,2499,-67,-0.026
花蓮縣壽豐鄉水璉村,836,769,-67,-0.08
臺中市霧峰區本堂里,6975,6908,-67,-0.01
花蓮縣花蓮市主商里,779,713,-66,-0.085
高雄市茄萣區嘉泰里,1267,1201,-66,-0.052
彰化縣二林鎮萬合里,1324,1258,-66,-0.05
基隆市暖暖區過港里,4206,4140,-66,-0.016
高雄市鳥松區仁美里,7347,7281,-66,-0.009
彰化縣線西鄉塭仔村,1510,1444,-66,-0.044
新北市金山區重和里,1327,1261,-66,-0.05
新北市樹林區圳生里,1649,1583,-66,-0.04
嘉義縣民雄鄉金興村,3340,3274,-66,-0.02
臺南市將軍區長沙里,1513,1447,-66,-0.044
臺南市歸仁區許厝里,3917,3851,-66,-0.017
桃園市大園區圳頭里,3066,3000,-66,-0.022
嘉義縣新港鄉中洋村,1205,1139,-66,-0.055
臺南市南區大恩里,3830,3764,-66,-0.017
新北市板橋區金華里,4132,4066,-66,-0.016
彰化縣永靖鄉湳墘村,965,899,-66,-0.068
雲林縣古坑鄉高林村,1319,1253,-66,-0.05
新竹縣北埔鄉水磜村,981,915,-66,-0.067
基隆市仁愛區獅球里,1112,1046,-66,-0.059
臺北市文山區老泉里,969,903,-66,-0.068
嘉義縣東石鄉副瀨村,1020,954,-66,-0.065
新竹縣橫山鄉內灣村,1057,991,-66,-0.062
高雄市鳳山區曹公里,2205,2139,-66,-0.03
新北市中和區嘉新里,4164,4098,-66,-0.016
彰化縣員林市鎮興里,2364,2298,-66,-0.028
屏東縣佳冬鄉昌隆村,1088,1022,-66,-0.061
新北市貢寮區雙玉里,737,671,-66,-0.09
宜蘭縣羅東鎮東安里,4433,4367,-66,-0.015
臺中市豐原區豐原里,2646,2580,-66,-0.025
桃園市平鎮區新貴里,3720,3654,-66,-0.018
屏東縣佳冬鄉六根村,1484,1418,-66,-0.044
高雄市鳳山區鳳崗里,1257,1191,-66,-0.053
南投縣中寮鄉清水村,995,929,-66,-0.066
屏東縣屏東市安樂里,506,440,-66,-0.13
南投縣魚池鄉大雁村,741,675,-66,-0.089
臺南市佳里區塭內里,3076,3010,-66,-0.021
臺中市豐原區東勢里,1802,1736,-66,-0.037
花蓮縣玉里鎮觀音里,1736,1670,-66,-0.038
高雄市前金區社西里,1201,1135,-66,-0.055
雲林縣元長鄉龍岩村,1135,1069,-66,-0.058
屏東縣南州鄉溪南村,1061,995,-66,-0.062
臺南市安南區布袋里,1759,1693,-66,-0.038
南投縣名間鄉大庄村,2067,2001,-66,-0.032
新竹市北區金竹里,7296,7230,-66,-0.009
臺中市沙鹿區竹林里,9393,9327,-66,-0.007
臺東縣臺東市新興里,1141,1075,-66,-0.058
臺南市學甲區大灣里,1100,1034,-66,-0.06
臺中市北屯區平順里,3762,3696,-66,-0.018
高雄市內門區觀亭里,1928,1862,-66,-0.034
臺南市新市區豐華里,1105,1039,-66,-0.06
新北市土城區廷寮里,5123,5057,-66,-0.013
南投縣竹山鎮山崇里,2130,2064,-66,-0.031
新竹縣竹東鎮大鄉里,5597,5531,-66,-0.012
桃園市桃園區文昌里,991,926,-65,-0.066
桃園市蘆竹區坑口里,3001,2936,-65,-0.022
桃園市八德區瑞發里,3862,3797,-65,-0.017
高雄市大樹區溪埔里,1829,1764,-65,-0.036
臺南市佳里區海澄里,2518,2453,-65,-0.026
臺中市北區邱厝里,2735,2670,-65,-0.024
臺南市東區富裕里,2496,2431,-65,-0.026
高雄市杉林區上平里,1754,1689,-65,-0.037
花蓮縣富里鄉東里村,1139,1074,-65,-0.057
屏東縣高樹鄉鹽樹村,1345,1280,-65,-0.048
嘉義市西區福安里,5097,5032,-65,-0.013
桃園市桃園區明德里,3951,3886,-65,-0.016
臺南市南區喜南里,1397,1332,-65,-0.047
高雄市梓官區智蚵里,3277,3212,-65,-0.02
雲林縣褒忠鄉新湖村,1312,1247,-65,-0.05
新竹縣新豐鄉新豐村,2400,2335,-65,-0.027
屏東縣高樹鄉菜寮村,850,785,-65,-0.076
宜蘭縣宜蘭市建軍里,1944,1879,-65,-0.033
臺南市學甲區明宜里,2227,2162,-65,-0.029
臺南市東山區高原里,1019,954,-65,-0.064
高雄市六龜區新威里,832,767,-65,-0.078
基隆市中山區民治里,858,793,-65,-0.076
苗栗縣公館鄉鶴山村,1692,1627,-65,-0.038
高雄市鼓山區建國里,2777,2712,-65,-0.023
高雄市左營區埤西里,965,900,-65,-0.067
新竹市東區仙水里,5870,5805,-65,-0.011
新北市樹林區東山里,3357,3292,-65,-0.019
苗栗縣西湖鄉湖東村,1289,1224,-65,-0.05
高雄市苓雅區福祥里,1357,1292,-65,-0.048
高雄市前鎮區信義里,1596,1531,-65,-0.041
屏東縣新園鄉新東村,2639,2574,-65,-0.025
臺中市清水區西寧里,1912,1847,-65,-0.034
彰化縣二水鄉二水村,985,920,-65,-0.066
臺中市北屯區東山里,2446,2381,-65,-0.027
苗栗縣後龍鎮外埔里,1171,1106,-65,-0.056
苗栗縣三義鄉鯉魚潭村,1424,1359,-65,-0.046
新北市土城區清和里,6496,6431,-65,-0.01
屏東縣佳冬鄉大同村,1310,1245,-65,-0.05
南投縣埔里鎮福興里,1139,1074,-65,-0.057
彰化縣溪湖鎮中山里,2822,2757,-65,-0.023
彰化縣永靖鄉獨鰲村,1020,955,-65,-0.064
雲林縣古坑鄉永光村,2465,2400,-65,-0.026
新北市中和區福祥里,5173,5108,-65,-0.013
新竹市北區湳中里,8098,8033,-65,-0.008
臺中市北屯區陳平里,5410,5345,-65,-0.012
彰化縣二林鎮外竹里,1173,1108,-65,-0.055
苗栗縣頭份市上埔里,3102,3037,-65,-0.021
彰化縣竹塘鄉內新村,641,576,-65,-0.101
高雄市鼓山區壽山里,1520,1455,-65,-0.043
屏東縣南州鄉萬華村,1130,1065,-65,-0.058
高雄市前鎮區瑞文里,2715,2650,-65,-0.024
桃園市觀音區塔腳里,1258,1194,-64,-0.051
臺中市外埔區鐵山里,2473,2409,-64,-0.026
高雄市旗山區鯤洲里,804,740,-64,-0.08
花蓮縣萬榮鄉馬遠村,1353,1289,-64,-0.047
嘉義市西區獅子里,3398,3334,-64,-0.019
臺中市豐原區北湳里,3380,3316,-64,-0.019
桃園市中壢區興平里,2985,2921,-64,-0.021
臺南市七股區三股里,1515,1451,-64,-0.042
新竹市東區建華里,3090,3026,-64,-0.021
南投縣竹山鎮秀林里,794,730,-64,-0.081
花蓮縣光復鄉大興村,600,536,-64,-0.107
新北市樹林區樹南里,4360,4296,-64,-0.015
臺中市后里區仁里里,1300,1236,-64,-0.049
嘉義縣竹崎鄉獅埜村,1402,1338,-64,-0.046
彰化縣花壇鄉金墩村,2084,2020,-64,-0.031
新北市板橋區光復里,3474,3410,-64,-0.018
宜蘭縣宜蘭市文化里,3803,3739,-64,-0.017
高雄市燕巢區尖山里,1280,1216,-64,-0.05
澎湖縣馬公市啟明里,1030,966,-64,-0.062
屏東縣竹田鄉大湖村,1387,1323,-64,-0.046
基隆市仁愛區曲水里,911,847,-64,-0.07
臺南市佳里區佳興里,2370,2306,-64,-0.027
臺中市東勢區茂興里,2101,2037,-64,-0.03
屏東縣高樹鄉新南村,1700,1636,-64,-0.038
高雄市林園區林園里,3742,3678,-64,-0.017
彰化縣埔鹽鄉出水村,1092,1028,-64,-0.059
新北市永和區秀元里,3210,3146,-64,-0.02
新北市石門區德茂里,1300,1236,-64,-0.049
基隆市七堵區堵南里,2419,2355,-64,-0.026
高雄市前鎮區瑞誠里,2865,2801,-64,-0.022
雲林縣古坑鄉荷苞村,1652,1588,-64,-0.039
基隆市仁愛區花崗里,1481,1417,-64,-0.043
基隆市暖暖區八中里,515,451,-64,-0.124
臺南市東山區東河里,964,900,-64,-0.066
臺南市北區振興里,2179,2115,-64,-0.029
新北市淡水區賢孝里,1680,1616,-64,-0.038
彰化縣芳苑鄉三成村,1124,1060,-64,-0.057
苗栗縣通霄鎮福興里,735,671,-64,-0.087
屏東縣屏東市公館里,1745,1681,-64,-0.037
屏東縣內埔鄉中林村,1805,1741,-64,-0.035
雲林縣西螺鎮安定里,2165,2101,-64,-0.03
雲林縣二崙鄉大庄村,1447,1383,-64,-0.044
高雄市小港區合作里,3064,3000,-64,-0.021
雲林縣東勢鄉四美村,1099,1035,-64,-0.058
新竹縣新埔鎮清水里,491,427,-64,-0.13
彰化縣和美鎮中圍里,3406,3343,-63,-0.018
新北市新店區國校里,2658,2595,-63,-0.024
臺南市山上區南洲里,1729,1666,-63,-0.036
臺中市新社區永源里,3466,3403,-63,-0.018
彰化縣芬園鄉茄荖村,2720,2657,-63,-0.023
彰化縣社頭鄉東興村,1766,1703,-63,-0.036
南投縣南投市永豐里,3305,3242,-63,-0.019
嘉義縣朴子市安福里,2355,2292,-63,-0.027
彰化縣田尾鄉饒平村,3137,3074,-63,-0.02
彰化縣鹿港鎮龍山里,862,799,-63,-0.073
臺南市學甲區平和里,1175,1112,-63,-0.054
桃園市觀音區保障里,2432,2369,-63,-0.026
高雄市左營區莒光里,1991,1928,-63,-0.032
臺南市歸仁區歸南里,2623,2560,-63,-0.024
高雄市前鎮區瑞北里,3566,3503,-63,-0.018
臺南市玉井區層林里,684,621,-63,-0.092
高雄市苓雅區林靖里,1698,1635,-63,-0.037
高雄市鼓山區正德里,2258,2195,-63,-0.028
彰化縣溪湖鎮忠覺里,1492,1429,-63,-0.042
桃園市中壢區中榮里,1127,1064,-63,-0.056
臺南市新營區民榮里,5220,5157,-63,-0.012
彰化縣二林鎮東和里,2507,2444,-63,-0.025
新竹縣峨眉鄉富興村,1585,1522,-63,-0.04
嘉義縣東石鄉圍潭村,764,701,-63,-0.082
高雄市前鎮區瑞興里,2850,2787,-63,-0.022
雲林縣虎尾鎮埒內里,3069,3006,-63,-0.021
高雄市鼓山區延平里,858,795,-63,-0.073
臺南市關廟區新光里,804,741,-63,-0.078
宜蘭縣宜蘭市泰山里,2546,2483,-63,-0.025
屏東縣里港鄉過江村,2418,2355,-63,-0.026
彰化縣員林市中東里,2073,2010,-63,-0.03
屏東縣潮州鎮富春里,1405,1342,-63,-0.045
桃園市八德區大昌里,3430,3367,-63,-0.018
桃園市新屋區笨港里,1192,1129,-63,-0.053
南投縣仁愛鄉南豐村,1552,1489,-63,-0.041
臺南市佳里區東寧里,2530,2467,-63,-0.025
高雄市前鎮區明禮里,1670,1607,-63,-0.038
新竹縣竹東鎮仁愛里,4018,3955,-63,-0.016
屏東縣屏東市湖西里,1749,1686,-63,-0.036
南投縣信義鄉神木村,771,708,-63,-0.082
臺南市楠西區鹿田里,1038,975,-63,-0.061
南投縣南投市鳳鳴里,710,647,-63,-0.089
臺中市北屯區北屯里,3923,3860,-63,-0.016
臺中市東勢區東安里,1236,1173,-63,-0.051
臺南市新化區唪口里,2580,2517,-63,-0.024
雲林縣崙背鄉大有村,1716,1653,-63,-0.037
彰化縣員林市浮圳里,2669,2606,-63,-0.024
宜蘭縣蘇澳鎮南安里,1045,982,-63,-0.06
臺中市西區後龍里,4279,4216,-63,-0.015
新北市蘆洲區光明里,5143,5080,-63,-0.012
雲林縣崙背鄉東明村,1323,1260,-63,-0.048
桃園市大園區海口里,2265,2202,-63,-0.028
彰化縣社頭鄉山湖村,1349,1286,-63,-0.047
臺中市太平區黃竹里,748,685,-63,-0.084
臺南市北門區玉港里,803,740,-63,-0.078
嘉義縣新港鄉安和村,1165,1102,-63,-0.054
苗栗縣通霄鎮新埔里,1319,1256,-63,-0.048
屏東縣鹽埔鄉鹽南村,1990,1928,-62,-0.031
彰化縣芬園鄉嘉興村,1879,1817,-62,-0.033
彰化縣埔心鄉羅厝村,1550,1488,-62,-0.04
高雄市岡山區本洲里,2043,1981,-62,-0.03
桃園市蘆竹區宏竹里,3615,3553,-62,-0.017
花蓮縣萬榮鄉見晴村,695,633,-62,-0.089
臺中市石岡區萬興里,1701,1639,-62,-0.036
南投縣南投市內新里,1694,1632,-62,-0.037
高雄市美濃區祿興里,2915,2853,-62,-0.021
臺南市南化區小崙里,895,833,-62,-0.069
高雄市左營區廟北里,977,915,-62,-0.063
臺中市石岡區石岡里,1499,1437,-62,-0.041
屏東縣屏東市北勢里,2766,2704,-62,-0.022
高雄市前金區國民里,1058,996,-62,-0.059
臺東縣成功鎮忠孝里,1071,1009,-62,-0.058
基隆市七堵區正明里,2277,2215,-62,-0.027
苗栗縣竹南鎮竹南里,2276,2214,-62,-0.027
苗栗縣泰安鄉中興村,652,590,-62,-0.095
新北市烏來區烏來里,2886,2824,-62,-0.021
南投縣埔里鎮枇杷里,9047,8985,-62,-0.007
雲林縣四湖鄉飛沙村,966,904,-62,-0.064
臺南市東區新東里,2750,2688,-62,-0.023
高雄市苓雅區普照里,3469,3407,-62,-0.018
嘉義市東區豐年里,1504,1442,-62,-0.041
宜蘭縣壯圍鄉大福村,1984,1922,-62,-0.031
雲林縣土庫鎮西平里,2060,1998,-62,-0.03
高雄市苓雅區華堂里,3308,3246,-62,-0.019
宜蘭縣羅東鎮中山里,1639,1577,-62,-0.038
新北市蘆洲區復興里,3704,3642,-62,-0.017
宜蘭縣宜蘭市孝廉里,1325,1263,-62,-0.047
嘉義縣民雄鄉東湖村,2150,2088,-62,-0.029
臺北市大安區龍安里,8434,8372,-62,-0.007
高雄市新興區浩然里,1962,1900,-62,-0.032
雲林縣水林鄉山腳村,919,857,-62,-0.067
南投縣名間鄉炭寮村,1147,1085,-62,-0.054
南投縣集集鎮八張里,1652,1590,-62,-0.038
屏東縣屏東市凌雲里,439,377,-62,-0.141
花蓮縣花蓮市民主里,746,684,-62,-0.083
雲林縣水林鄉順興村,931,869,-62,-0.067
基隆市仁愛區文昌里,795,733,-62,-0.078
彰化縣北斗鎮七星里,1680,1618,-62,-0.037
臺中市龍井區麗水里,2702,2640,-62,-0.023
雲林縣西螺鎮光華里,1325,1264,-61,-0.046
雲林縣崙背鄉五魁村,951,890,-61,-0.064
雲林縣莿桐鄉興桐村,1367,1306,-61,-0.045
苗栗縣通霄鎮城南里,1023,962,-61,-0.06
苗栗縣通霄鎮內島里,858,797,-61,-0.071
屏東縣潮州鎮彭城里,1034,973,-61,-0.059
臺南市南化區西埔里,854,793,-61,-0.071
彰化縣永靖鄉崙美村,902,841,-61,-0.068
嘉義縣民雄鄉松山村,1999,1938,-61,-0.031
新竹縣新埔鎮南平里,1159,1098,-61,-0.053
屏東縣林邊鄉崎峯村,1421,1360,-61,-0.043
彰化縣線西鄉線西村,2771,2710,-61,-0.022
彰化縣和美鎮地潭里,1003,942,-61,-0.061
高雄市鹽埕區港都里,1222,1161,-61,-0.05
彰化縣花壇鄉中口村,846,785,-61,-0.072
彰化縣員林市忠孝里,2787,2726,-61,-0.022
高雄市前金區後金里,785,724,-61,-0.078
屏東縣內埔鄉隘寮村,1504,1443,-61,-0.041
高雄市苓雅區福海里,1184,1123,-61,-0.052
彰化縣埔心鄉埤脚村,1067,1006,-61,-0.057
高雄市田寮區新興里,1323,1262,-61,-0.046
苗栗縣泰安鄉清安村,980,919,-61,-0.062
雲林縣元長鄉頂寮村,1303,1242,-61,-0.047
雲林縣元長鄉五塊村,1022,961,-61,-0.06
新竹縣關西鎮南山里,1253,1192,-61,-0.049
屏東縣恆春鎮仁壽里,1061,1000,-61,-0.057
苗栗縣後龍鎮大庄里,5229,5168,-61,-0.012
臺中市中區大墩里,2697,2636,-61,-0.023
新北市板橋區松翠里,3475,3414,-61,-0.018
花蓮縣瑞穗鄉瑞穗村,2158,2097,-61,-0.028
嘉義市東區興南里,1861,1800,-61,-0.033
臺東縣太麻里鄉大王村,2071,2010,-61,-0.029
新北市淡水區水碓里,6061,6000,-61,-0.01
臺北市松山區復建里,4772,4711,-61,-0.013
連江縣莒光鄉青帆村,479,418,-61,-0.127
花蓮縣吉安鄉太昌村,4287,4226,-61,-0.014
新北市永和區民權里,4718,4657,-61,-0.013
新北市三峽區竹崙里,2123,2062,-61,-0.029
新北市石碇區烏塗里,706,645,-61,-0.086
新北市板橋區廣新里,3765,3704,-61,-0.016
臺中市西屯區何福里,5119,5058,-61,-0.012
澎湖縣馬公市風櫃里,1627,1566,-61,-0.037
新北市三重區仁忠里,3337,3276,-61,-0.018
桃園市八德區大義里,4538,4477,-61,-0.013
桃園市平鎮區南勢里,7089,7028,-61,-0.009
臺中市清水區高東里,1433,1372,-61,-0.043
桃園市平鎮區北勢里,2917,2856,-61,-0.021
新北市新店區忠孝里,2826,2765,-61,-0.022
新竹市北區湳雅里,3344,3283,-61,-0.018
臺南市鹽水區義中里,1798,1737,-61,-0.034
新北市汐止區鄉長里,2403,2342,-61,-0.025
新竹市北區台溪里,1871,1810,-61,-0.033
新北市新店區青潭里,5549,5488,-61,-0.011
臺北市士林區溪山里,1568,1507,-61,-0.039
屏東縣內埔鄉興南村,1466,1406,-60,-0.041
高雄市小港區鳳興里,2876,2816,-60,-0.021
高雄市鹽埕區南端里,1092,1032,-60,-0.055
彰化縣田尾鄉打簾村,2076,2016,-60,-0.029
高雄市湖內區中賢里,2515,2455,-60,-0.024
雲林縣口湖鄉口湖村,1277,1217,-60,-0.047
苗栗縣後龍鎮中龍里,947,887,-60,-0.063
彰化縣芳苑鄉博愛村,794,734,-60,-0.076
高雄市小港區龍鳳里,3532,3472,-60,-0.017
高雄市小港區鳳鳴里,3557,3497,-60,-0.017
新北市泰山區貴賢里,3872,3812,-60,-0.015
臺南市關廟區山西里,2335,2275,-60,-0.026
臺中市大安區頂安里,1054,994,-60,-0.057
雲林縣北港鎮光民里,795,735,-60,-0.075
屏東縣屏東市太平里,757,697,-60,-0.079
新北市板橋區大安里,4084,4024,-60,-0.015
嘉義縣朴子市崁前里,1022,962,-60,-0.059
臺中市后里區墩西里,2372,2312,-60,-0.025
高雄市旗山區大德里,2736,2676,-60,-0.022
臺北市萬華區新起里,6677,6617,-60,-0.009
基隆市安樂區永康里,2227,2167,-60,-0.027
新北市中和區秀士里,2540,2480,-60,-0.024
雲林縣水林鄉海埔村,1163,1103,-60,-0.052
高雄市岡山區協和里,4231,4171,-60,-0.014
臺南市北門區北門里,936,876,-60,-0.064
苗栗縣通霄鎮平安里,2425,2365,-60,-0.025
雲林縣二崙鄉田尾村,2113,2053,-60,-0.028
臺南市新營區興業里,2051,1991,-60,-0.029
屏東縣潮州鎮光華里,5596,5536,-60,-0.011
新北市樹林區中華里,3593,3533,-60,-0.017
彰化縣和美鎮仁愛里,3340,3280,-60,-0.018
彰化縣鹿港鎮菜園里,1171,1111,-60,-0.051
臺南市安定區安定里,1645,1585,-60,-0.036
雲林縣斗六市十三里,1321,1261,-60,-0.045
桃園市桃園區西湖里,1738,1678,-60,-0.035
高雄市田寮區南安里,1128,1068,-60,-0.053
臺中市北屯區后庄里,11694,11634,-60,-0.005
桃園市中壢區新明里,4474,4414,-60,-0.013
嘉義縣竹崎鄉塘興村,996,936,-60,-0.06
新北市永和區桂林里,3856,3796,-60,-0.016
高雄市楠梓區秀昌里,2504,2444,-60,-0.024
新北市永和區永興里,3300,3240,-60,-0.018
屏東縣萬巒鄉五溝村,1206,1146,-60,-0.05
新北市淡水區民安里,770,710,-60,-0.078
屏東縣佳冬鄉燄溫村,1264,1204,-60,-0.047
臺南市鹽水區歡雅里,1896,1836,-60,-0.032
雲林縣元長鄉潭西村,826,766,-60,-0.073
桃園市桃園區朝陽里,2343,2283,-60,-0.026
雲林縣斗南鎮將軍里,1963,1903,-60,-0.031
彰化縣福興鄉同安村,2886,2826,-60,-0.021
桃園市平鎮區東社里,3959,3899,-60,-0.015
新竹縣芎林鄉新鳳村,1854,1794,-60,-0.032
南投縣名間鄉仁和村,1009,949,-60,-0.059
臺南市玉井區豐里里,1091,1031,-60,-0.055
宜蘭縣壯圍鄉過嶺村,1695,1635,-60,-0.035
臺南市永康區大橋里,6740,6681,-59,-0.009
新北市平溪區嶺腳里,688,629,-59,-0.086
臺中市大肚區永順里,2018,1959,-59,-0.029
南投縣名間鄉新厝村,886,827,-59,-0.067
高雄市林園區東林里,3459,3400,-59,-0.017
屏東縣麟洛鄉田中村,1339,1280,-59,-0.044
臺南市龍崎區牛埔里,358,299,-59,-0.165
高雄市六龜區中興里,1614,1555,-59,-0.037
高雄市大寮區過溪里,2852,2793,-59,-0.021
新北市三芝區新庄里,910,851,-59,-0.065
臺北市北投區立賢里,5909,5850,-59,-0.01
新北市新店區大鵬里,2740,2681,-59,-0.022
桃園市平鎮區平興里,7020,6961,-59,-0.008
宜蘭縣宜蘭市北津里,2637,2578,-59,-0.022
雲林縣土庫鎮忠正里,959,900,-59,-0.062
嘉義縣竹崎鄉和平村,2603,2544,-59,-0.023
臺中市豐原區西勢里,2716,2657,-59,-0.022
宜蘭縣員山鄉頭分村,1543,1484,-59,-0.038
雲林縣水林鄉塭底村,742,683,-59,-0.08
新北市永和區潭墘里,4749,4690,-59,-0.012
高雄市岡山區維仁里,1180,1121,-59,-0.05
雲林縣元長鄉合和村,1235,1176,-59,-0.048
南投縣埔里鎮廣成里,1293,1234,-59,-0.046
新竹市北區金華里,5809,5750,-59,-0.01
高雄市大樹區水安里,2671,2612,-59,-0.022
高雄市路竹區鴨寮里,2360,2301,-59,-0.025
臺南市玉井區玉井里,1405,1346,-59,-0.042
臺南市安南區安東里,3223,3164,-59,-0.018
新北市永和區勵行里,1298,1239,-59,-0.045
嘉義縣鹿草鄉碧潭村,1049,990,-59,-0.056
嘉義縣水上鄉國姓村,1389,1330,-59,-0.042
南投縣水里鄉上安村,1208,1149,-59,-0.049
南投縣水里鄉民和村,966,907,-59,-0.061
花蓮縣花蓮市主勤里,1032,973,-59,-0.057
臺中市北區錦平里,2128,2069,-59,-0.028
臺南市北門區錦湖里,1052,993,-59,-0.056
臺中市豐原區三村里,7605,7546,-59,-0.008
桃園市中壢區龍德里,4880,4821,-59,-0.012
彰化縣芬園鄉竹林村,2084,2025,-59,-0.028
嘉義縣東石鄉網寮村,1368,1309,-59,-0.043
雲林縣崙背鄉豐榮村,2011,1952,-59,-0.029
臺中市北區文莊里,3811,3752,-59,-0.015
苗栗縣卓蘭鎮景山里,1138,1079,-59,-0.052
臺東縣長濱鄉樟原村,694,635,-59,-0.085
彰化縣和美鎮犁盛里,2745,2686,-59,-0.021
新竹市東區前溪里,3566,3507,-59,-0.017
臺北市中正區林興里,4748,4689,-59,-0.012
高雄市苓雅區林南里,3696,3638,-58,-0.016
基隆市中正區信義里,1001,943,-58,-0.058
彰化縣芳苑鄉新街村,883,825,-58,-0.066
彰化縣溪州鄉成功村,2141,2083,-58,-0.027
彰化縣溪州鄉菜公村,996,938,-58,-0.058
新竹縣關西鎮西安里,2279,2221,-58,-0.025
新北市三重區奕壽里,1816,1758,-58,-0.032
南投縣鹿谷鄉初鄉村,1589,1531,-58,-0.037
屏東縣萬丹鄉寶厝村,2644,2586,-58,-0.022
雲林縣水林鄉後寮村,786,728,-58,-0.074
新北市淡水區文化里,1909,1851,-58,-0.03
屏東縣竹田鄉泗洲村,1255,1197,-58,-0.046
臺中市太平區中政里,4450,4392,-58,-0.013
屏東縣長治鄉繁昌村,2022,1964,-58,-0.029
桃園市楊梅區紅梅里,3175,3117,-58,-0.018
雲林縣水林鄉水南村,2293,2235,-58,-0.025
彰化縣芳苑鄉興仁村,1498,1440,-58,-0.039
高雄市前金區榮復里,1207,1149,-58,-0.048
新北市石門區草里里,1091,1033,-58,-0.053
雲林縣口湖鄉梧北村,1351,1293,-58,-0.043
臺中市東勢區粵寧里,2344,2286,-58,-0.025
新北市中和區秀仁里,3526,3468,-58,-0.016
臺中市西屯區福中里,3849,3791,-58,-0.015
新北市貢寮區龍門里,733,675,-58,-0.079
高雄市苓雅區鼓中里,1057,999,-58,-0.055
高雄市鹽埕區新化里,674,616,-58,-0.086
臺中市大甲區德化里,2113,2055,-58,-0.027
臺南市官田區烏山頭里,1357,1299,-58,-0.043
高雄市鼓山區鼓峰里,2153,2095,-58,-0.027
苗栗縣苗栗市新苗里,968,910,-58,-0.06
南投縣信義鄉人和村,1521,1463,-58,-0.038
新北市五股區五福里,3671,3613,-58,-0.016
嘉義縣中埔鄉石硦村,1350,1292,-58,-0.043
彰化縣芳苑鄉芳苑村,1070,1012,-58,-0.054
新北市蘆洲區中路里,4329,4271,-58,-0.013
屏東縣新埤鄉箕湖村,1261,1203,-58,-0.046
臺東縣鹿野鄉瑞豐村,1008,950,-58,-0.058
新北市新莊區文德里,1919,1861,-58,-0.03
新北市新莊區建安里,6932,6874,-58,-0.008
桃園市桃園區南門里,7038,6980,-58,-0.008
高雄市橋頭區筆秀里,1789,1731,-58,-0.032
新北市新莊區民有里,4187,4129,-58,-0.014
新北市板橋區新興里,3314,3256,-58,-0.018
嘉義縣六腳鄉蒜頭村,1307,1249,-58,-0.044
高雄市六龜區六龜里,1098,1040,-58,-0.053
桃園市龜山區大同里,7157,7099,-58,-0.008
新北市五股區更寮里,1264,1206,-58,-0.046
彰化縣彰化市石牌里,1319,1261,-58,-0.044
彰化縣和美鎮雅溝里,1613,1555,-58,-0.036
新北市永和區雙和里,4096,4038,-58,-0.014
屏東縣泰武鄉佳平村,1076,1018,-58,-0.054
屏東縣鹽埔鄉久愛村,1032,974,-58,-0.056
彰化縣埤頭鄉和豊村,2907,2849,-58,-0.02
苗栗縣造橋鄉朝陽村,1446,1388,-58,-0.04
新北市蘆洲區福安里,3407,3350,-57,-0.017
彰化縣永靖鄉四芳村,780,723,-57,-0.073
宜蘭縣礁溪鄉二龍村,1384,1327,-57,-0.041
臺南市鹽水區文昌里,1151,1094,-57,-0.05
臺中市大甲區順天里,1853,1796,-57,-0.031
雲林縣四湖鄉湖寮村,847,790,-57,-0.067
嘉義縣竹崎鄉鹿滿村,1613,1556,-57,-0.035
臺中市太平區中平里,4972,4915,-57,-0.011
臺中市石岡區梅子里,2122,2065,-57,-0.027
南投縣草屯鎮加老里,2585,2528,-57,-0.022
桃園市龜山區大崗里,4866,4809,-57,-0.012
彰化縣埔鹽鄉天盛村,989,932,-57,-0.058
彰化縣埔心鄉梧鳳村,1036,979,-57,-0.055
嘉義縣梅山鄉梅南村,1027,970,-57,-0.056
雲林縣大埤鄉松竹村,1071,1014,-57,-0.053
新北市三重區幸福里,4818,4761,-57,-0.012
嘉義縣東石鄉掌潭村,860,803,-57,-0.066
彰化縣埤頭鄉合興村,4008,3951,-57,-0.014
苗栗縣後龍鎮東明里,1720,1663,-57,-0.033
新北市三峽區弘道里,1227,1170,-57,-0.046
新北市淡水區屯山里,1174,1117,-57,-0.049
苗栗縣卓蘭鎮中街里,830,773,-57,-0.069
臺南市白河區崎內里,823,766,-57,-0.069
新北市蘆洲區溪墘里,3319,3262,-57,-0.017
臺中市西區土庫里,6612,6555,-57,-0.009
彰化縣竹塘鄉小西村,857,800,-57,-0.067
雲林縣褒忠鄉潮厝村,969,912,-57,-0.059
彰化縣溪州鄉張厝村,819,762,-57,-0.07
新北市永和區秀得里,2826,2769,-57,-0.02
臺中市大甲區龍泉里,1816,1759,-57,-0.031
臺東縣池上鄉福文村,1308,1251,-57,-0.044
新北市中和區安穗里,4772,4715,-57,-0.012
臺東縣卑南鄉明峰村,1328,1271,-57,-0.043
臺中市沙鹿區斗抵里,5380,5323,-57,-0.011
彰化縣鹿港鎮頭崙里,3202,3145,-57,-0.018
臺南市七股區龍山里,1844,1787,-57,-0.031
嘉義縣梅山鄉圳北村,695,638,-57,-0.082
臺中市北屯區平陽里,5912,5855,-57,-0.01
基隆市中正區義重里,1154,1097,-57,-0.049
雲林縣口湖鄉港西村,933,876,-57,-0.061
臺中市豐原區富春里,874,817,-57,-0.065
高雄市鳳山區文山里,7154,7097,-57,-0.008
新竹縣關西鎮金山里,641,584,-57,-0.089
彰化縣鹿港鎮新宮里,1003,946,-57,-0.057
宜蘭縣五結鄉利澤村,2251,2194,-57,-0.025
高雄市旗山區瑞吉里,2392,2335,-57,-0.024
雲林縣西螺鎮廣興里,1028,971,-57,-0.055
新北市瑞芳區東和里,1904,1847,-57,-0.03
雲林縣臺西鄉富琦村,1722,1665,-57,-0.033
新北市新莊區八德里,3228,3171,-57,-0.018
臺中市新社區崑山里,1358,1301,-57,-0.042
苗栗縣南庄鄉東村,1298,1241,-57,-0.044
臺南市六甲區六甲里,3428,3371,-57,-0.017
臺南市安南區安慶里,7224,7167,-57,-0.008
嘉義縣義竹鄉岸腳村,768,711,-57,-0.074
南投縣國姓鄉大旗村,763,706,-57,-0.075
高雄市林園區中門里,2888,2831,-57,-0.02
彰化縣溪湖鎮光平里,1534,1478,-56,-0.037
宜蘭縣五結鄉上四村,1742,1686,-56,-0.032
南投縣仁愛鄉大同村,1970,1914,-56,-0.028
新北市貢寮區吉林里,541,485,-56,-0.104
嘉義縣東石鄉下揖村,830,774,-56,-0.067
臺中市東勢區下新里,1881,1825,-56,-0.03
雲林縣斗南鎮新崙里,1697,1641,-56,-0.033
屏東縣屏東市新生里,6317,6261,-56,-0.009
桃園市桃園區青溪里,5336,5280,-56,-0.01
高雄市苓雅區城西里,627,571,-56,-0.089
嘉義縣六腳鄉溪厝村,672,616,-56,-0.083
宜蘭縣冬山鄉大興村,1033,977,-56,-0.054
屏東縣枋寮鄉中寮村,702,646,-56,-0.08
雲林縣莿桐鄉五華村,1572,1516,-56,-0.036
新北市三重區正德里,1225,1169,-56,-0.046
高雄市苓雅區人和里,1948,1892,-56,-0.029
雲林縣水林鄉𣐤埔村,754,698,-56,-0.074
苗栗縣通霄鎮平元里,2200,2144,-56,-0.025
彰化縣彰化市平和里,4969,4913,-56,-0.011
臺中市大安區永安里,2062,2006,-56,-0.027
彰化縣線西鄉下犁村,2234,2178,-56,-0.025
嘉義縣民雄鄉興南村,3174,3118,-56,-0.018
臺南市七股區樹林里,2209,2153,-56,-0.025
屏東縣東港鎮盛漁里,1626,1570,-56,-0.034
臺東縣臺東市寶桑里,1027,971,-56,-0.055
臺北市北投區清江里,9654,9598,-56,-0.006
臺南市大內區石湖里,1135,1079,-56,-0.049
桃園市中壢區自強里,4193,4137,-56,-0.013
嘉義縣民雄鄉西安村,4035,3979,-56,-0.014
苗栗縣三義鄉西湖村,1677,1621,-56,-0.033
新北市板橋區介壽里,3264,3208,-56,-0.017
彰化縣芳苑鄉草湖村,1639,1583,-56,-0.034
臺中市梧棲區中和里,632,576,-56,-0.089
臺東縣鹿野鄉龍田村,1212,1156,-56,-0.046
宜蘭縣宜蘭市成功里,3875,3819,-56,-0.014
高雄市大樹區和山里,1139,1083,-56,-0.049
彰化縣埔心鄉埤霞村,862,806,-56,-0.065
桃園市龍潭區聖德里,3561,3505,-56,-0.016
高雄市三民區長明里,1201,1145,-56,-0.047
雲林縣水林鄉萬興村,791,735,-56,-0.071
臺中市大安區中庄里,3109,3053,-56,-0.018
桃園市龍潭區武漢里,1816,1760,-56,-0.031
新竹縣峨眉鄉石井村,655,599,-56,-0.085
雲林縣口湖鄉埔北村,1005,949,-56,-0.056
高雄市大樹區統嶺里,774,718,-56,-0.072
花蓮縣玉里鎮德武里,884,828,-56,-0.063
屏東縣車城鄉福興村,1588,1532,-56,-0.035
臺中市南區崇倫里,6678,6622,-56,-0.008
嘉義縣大林鎮明華里,1335,1279,-56,-0.042
臺中市清水區文昌里,869,814,-55,-0.063
雲林縣元長鄉內寮村,680,625,-55,-0.081
高雄市新興區振成里,1159,1104,-55,-0.047
臺中市大肚區永和里,989,934,-55,-0.056
高雄市新興區興昌里,1965,1910,-55,-0.028
雲林縣口湖鄉港東村,1713,1658,-55,-0.032
臺南市安南區砂崙里,1547,1492,-55,-0.036
高雄市三民區博愛里,1287,1232,-55,-0.043
桃園市中壢區永興里,1079,1024,-55,-0.051
彰化縣二水鄉源泉村,735,680,-55,-0.075
臺北市中正區水源里,3060,3005,-55,-0.018
彰化縣大城鄉臺西村,1002,947,-55,-0.055
新竹縣關西鎮錦山里,1082,1027,-55,-0.051
彰化縣埔心鄉太平村,2443,2388,-55,-0.023
高雄市左營區路東里,806,751,-55,-0.068
高雄市前金區草江里,1142,1087,-55,-0.048
雲林縣水林鄉西井村,711,656,-55,-0.077
苗栗縣苗栗市玉清里,2659,2604,-55,-0.021
臺東縣臺東市光明里,3388,3333,-55,-0.016
高雄市鹽埕區新樂里,925,870,-55,-0.059
彰化縣埤頭鄉崙子村,1560,1505,-55,-0.035
彰化縣永靖鄉五汴村,1622,1567,-55,-0.034
雲林縣元長鄉崙仔村,939,884,-55,-0.059
雲林縣東勢鄉龍潭村,901,846,-55,-0.061
新竹縣關西鎮玉山里,532,477,-55,-0.103
彰化縣二水鄉文化村,1101,1046,-55,-0.05
臺北市松山區慈祐里,8078,8023,-55,-0.007
花蓮縣玉里鎮啟模里,1884,1829,-55,-0.029
彰化縣芬園鄉溪頭村,1924,1869,-55,-0.029
雲林縣斗南鎮西伯里,968,913,-55,-0.057
彰化縣員林市林厝里,3314,3259,-55,-0.017
嘉義縣六腳鄉灣北村,1341,1286,-55,-0.041
彰化縣花壇鄉灣東村,1093,1038,-55,-0.05
高雄市永安區永華里,2072,2017,-55,-0.027
苗栗縣公館鄉玉谷村,1681,1626,-55,-0.033
南投縣名間鄉中山村,2602,2547,-55,-0.021
彰化縣彰化市台鳳里,5152,5097,-55,-0.011
宜蘭縣宜蘭市北門里,1325,1270,-55,-0.042
嘉義縣布袋鎮新厝里,812,757,-55,-0.068
新北市八里區荖阡里,1959,1904,-55,-0.028
臺南市下營區賀建里,1475,1420,-55,-0.037
臺南市六甲區王爺里,830,775,-55,-0.066
臺南市柳營區人和里,849,794,-55,-0.065
新北市板橋區新民里,4613,4558,-55,-0.012
新竹市東區綠水里,8909,8854,-55,-0.006
屏東縣內埔鄉內埔村,4544,4489,-55,-0.012
彰化縣彰化市古夷里,2863,2808,-55,-0.019
彰化縣田中鎮西路里,2853,2798,-55,-0.019
苗栗縣頭屋鄉北坑村,831,776,-55,-0.066
嘉義縣布袋鎮振寮里,832,777,-55,-0.066
高雄市茂林區茂林里,910,855,-55,-0.06
臺南市歸仁區新厝里,2957,2902,-55,-0.019
彰化縣福興鄉大崙村,1430,1375,-55,-0.038
南投縣中寮鄉八仙村,903,848,-55,-0.061
高雄市六龜區興龍里,939,884,-55,-0.059
新北市板橋區明翠里,4893,4838,-55,-0.011
南投縣中寮鄉義和村,1203,1148,-55,-0.046
新北市三重區瑞德里,2529,2474,-55,-0.022
屏東縣車城鄉保力村,1376,1321,-55,-0.04
雲林縣斗南鎮靖興里,974,919,-55,-0.056
苗栗縣竹南鎮公義里,1188,1133,-55,-0.046
彰化縣埔鹽鄉廍子村,1472,1417,-55,-0.037
嘉義縣太保市新埤里,1442,1387,-55,-0.038
嘉義縣東石鄉港墘村,1389,1334,-55,-0.04
臺南市安南區原佃里,2606,2551,-55,-0.021
苗栗縣竹南鎮竹興里,3907,3852,-55,-0.014
桃園市大溪區福仁里,1203,1148,-55,-0.046
屏東縣萬丹鄉香社村,1774,1719,-55,-0.031
新北市金山區六股里,763,708,-55,-0.072
南投縣埔里鎮南門里,894,839,-55,-0.062
雲林縣林內鄉坪頂村,592,537,-55,-0.093
彰化縣彰化市永福里,1034,979,-55,-0.053
高雄市鹽埕區瀨南里,634,580,-54,-0.085
嘉義市東區頂庄里,2630,2576,-54,-0.021
宜蘭縣頭城鎮二城里,1314,1260,-54,-0.041
南投縣水里鄉城中村,1004,950,-54,-0.054
雲林縣虎尾鎮中溪里,1569,1515,-54,-0.034
苗栗縣苗栗市新川里,1370,1316,-54,-0.039
雲林縣元長鄉後湖村,803,749,-54,-0.067
花蓮縣富里鄉竹田村,1225,1171,-54,-0.044
新北市三峽區介壽里,7091,7037,-54,-0.008
新北市板橋區大豐里,4829,4775,-54,-0.011
彰化縣鹿港鎮海埔里,4282,4228,-54,-0.013
彰化縣福興鄉橋頭村,3034,2980,-54,-0.018
南投縣鹿谷鄉內湖村,1170,1116,-54,-0.046
高雄市內門區內豊里,1378,1324,-54,-0.039
高雄市杉林區杉林里,703,649,-54,-0.077
嘉義縣布袋鎮東港里,2109,2055,-54,-0.026
臺中市東勢區明正里,1571,1517,-54,-0.034
嘉義縣水上鄉三鎮村,732,678,-54,-0.074
新北市三重區大安里,1742,1688,-54,-0.031
新北市中和區和興里,4578,4524,-54,-0.012
高雄市甲仙區大田里,1786,1732,-54,-0.03
新竹縣橫山鄉沙坑村,1069,1015,-54,-0.051
雲林縣莿桐鄉義和村,1271,1217,-54,-0.042
宜蘭縣冬山鄉大進村,908,854,-54,-0.059
臺北市士林區平等里,1542,1488,-54,-0.035
雲林縣口湖鄉蚵寮村,1618,1564,-54,-0.033
苗栗縣獅潭鄉豐林村,643,589,-54,-0.084
新北市瑞芳區龍山里,1505,1451,-54,-0.036
苗栗縣通霄鎮通西里,2226,2172,-54,-0.024
新北市三芝區茂長里,709,655,-54,-0.076
宜蘭縣頭城鎮城西里,645,591,-54,-0.084
基隆市中正區德義里,787,733,-54,-0.069
桃園市桃園區成功里,4688,4634,-54,-0.012
雲林縣四湖鄉內湖村,862,808,-54,-0.063
高雄市新興區建華里,894,840,-54,-0.06
高雄市路竹區新達里,1452,1398,-54,-0.037
桃園市桃園區永安里,5553,5499,-54,-0.01
屏東縣林邊鄉鎮安村,1252,1198,-54,-0.043
臺東縣成功鎮博愛里,678,624,-54,-0.08
臺北市中正區南門里,2880,2826,-54,-0.019
花蓮縣瑞穗鄉富興村,681,627,-54,-0.079
彰化縣芳苑鄉文津村,1217,1163,-54,-0.044
彰化縣北斗鎮居仁里,1542,1488,-54,-0.035
高雄市小港區鳳林里,3445,3391,-54,-0.016
屏東縣竹田鄉糶糴村,804,750,-54,-0.067
臺東縣臺東市鐵花里,461,407,-54,-0.117
彰化縣溪湖鎮大庭里,1616,1562,-54,-0.033
高雄市新興區新江里,1252,1198,-54,-0.043
高雄市茄萣區萬福里,1028,974,-54,-0.053
宜蘭縣礁溪鄉大忠村,2997,2943,-54,-0.018
高雄市前鎮區興化里,775,721,-54,-0.07
苗栗縣大湖鄉大南村,612,558,-54,-0.088
嘉義縣中埔鄉沄水村,1137,1084,-53,-0.047
桃園市蘆竹區濱海里,3030,2977,-53,-0.017
屏東縣鹽埔鄉洛陽村,1824,1771,-53,-0.029
高雄市旗山區東昌里,1144,1091,-53,-0.046
新北市中和區清穗里,3293,3240,-53,-0.016
雲林縣元長鄉客厝村,961,908,-53,-0.055
高雄市旗山區竹峰里,1839,1786,-53,-0.029
嘉義縣六腳鄉三義村,829,776,-53,-0.064
臺東縣太麻里鄉泰和村,1614,1561,-53,-0.033
新北市三重區中正里,1438,1385,-53,-0.037
南投縣國姓鄉長豐村,836,783,-53,-0.063
花蓮縣秀林鄉銅門村,1538,1485,-53,-0.034
雲林縣斗南鎮東仁里,1392,1339,-53,-0.038
高雄市阿蓮區港後里,2518,2465,-53,-0.021
新竹縣北埔鄉大湖村,629,576,-53,-0.084
屏東縣鹽埔鄉鹽中村,2692,2639,-53,-0.02
高雄市路竹區頂寮里,1412,1359,-53,-0.038
彰化縣溪湖鎮中竹里,1003,950,-53,-0.053
雲林縣口湖鄉湖口村,1139,1086,-53,-0.047
嘉義縣民雄鄉大崎村,2660,2607,-53,-0.02
南投縣草屯鎮中原里,2375,2322,-53,-0.022
雲林縣東勢鄉安南村,951,898,-53,-0.056
臺中市大甲區武陵里,1406,1353,-53,-0.038
宜蘭縣羅東鎮漢民里,4720,4667,-53,-0.011
臺中市霧峰區南勢里,1562,1509,-53,-0.034
新竹市香山區大湖里,1025,972,-53,-0.052
南投縣草屯鎮明正里,4484,4431,-53,-0.012
新竹市東區立功里,1122,1069,-53,-0.047
彰化縣大城鄉西港村,1005,952,-53,-0.053
屏東縣屏東市永光里,1175,1122,-53,-0.045
南投縣名間鄉新光村,2001,1948,-53,-0.026
臺中市大甲區朝陽里,1762,1709,-53,-0.03
嘉義縣朴子市永和里,3048,2995,-53,-0.017
臺中市太平區永隆里,3067,3014,-53,-0.017
嘉義市西區翠岱里,1719,1666,-53,-0.031
高雄市前鎮區德昌里,2144,2091,-53,-0.025
臺東縣達仁鄉安朔村,675,622,-53,-0.079
雲林縣二崙鄉復興村,1150,1097,-53,-0.046
臺中市豐原區頂街里,1054,1001,-53,-0.05
臺南市六甲區大丘里,666,613,-53,-0.08
南投縣竹山鎮田子里,675,622,-53,-0.079
臺南市大內區大內里,876,823,-53,-0.061
桃園市新屋區槺榔里,1252,1199,-53,-0.042
桃園市蘆竹區海湖里,3616,3563,-53,-0.015
彰化縣福興鄉鎮平村,1433,1380,-53,-0.037
彰化縣永靖鄉五福村,1712,1659,-53,-0.031
苗栗縣苑裡鎮山柑里,1685,1632,-53,-0.031
新竹市東區竹蓮里,870,817,-53,-0.061
雲林縣土庫鎮溪邊里,1294,1241,-53,-0.041
高雄市林園區港埔里,2094,2041,-53,-0.025
嘉義市西區西榮里,2612,2559,-53,-0.02
宜蘭縣員山鄉中華村,702,650,-52,-0.074
彰化縣竹塘鄉土庫村,744,692,-52,-0.07
高雄市前鎮區鎮陽里,1040,988,-52,-0.05
桃園市桃園區大樹里,4896,4844,-52,-0.011
臺中市清水區高南里,1558,1506,-52,-0.033
高雄市楠梓區加昌里,10123,10071,-52,-0.005
高雄市美濃區吉和里,1537,1485,-52,-0.034
高雄市前鎮區竹南里,8502,8450,-52,-0.006
彰化縣大城鄉三豐村,721,669,-52,-0.072
南投縣鹿谷鄉秀峰村,858,806,-52,-0.061
新北市新店區仁愛里,2080,2028,-52,-0.025
新竹縣湖口鄉波羅村,2650,2598,-52,-0.02
雲林縣虎尾鎮興中里,1899,1847,-52,-0.027
高雄市旗山區大林里,1538,1486,-52,-0.034
花蓮縣花蓮市國裕里,4887,4835,-52,-0.011
花蓮縣玉里鎮大禹里,1255,1203,-52,-0.041
桃園市平鎮區貿易里,2556,2504,-52,-0.02
屏東縣里港鄉三廍村,2146,2094,-52,-0.024
雲林縣古坑鄉永昌村,2403,2351,-52,-0.022
高雄市茄萣區和協里,1325,1273,-52,-0.039
新北市中和區吉興里,3110,3058,-52,-0.017
南投縣魚池鄉中明村,1142,1090,-52,-0.046
南投縣集集鎮廣明里,1032,980,-52,-0.05
宜蘭縣宜蘭市延平里,4175,4123,-52,-0.012
雲林縣北港鎮仁安里,511,459,-52,-0.102
新北市三峽區溪南里,1630,1578,-52,-0.032
雲林縣大埤鄉聯美村,1244,1192,-52,-0.042
桃園市楊梅區光華里,3755,3703,-52,-0.014
彰化縣彰化市信義里,1010,958,-52,-0.051
高雄市楠梓區惠豐里,5479,5427,-52,-0.009
臺南市白河區內角里,760,708,-52,-0.068
苗栗縣大湖鄉栗林村,1160,1108,-52,-0.045
臺中市霧峰區本鄉里,2713,2661,-52,-0.019
雲林縣四湖鄉鹿場村,1013,961,-52,-0.051
苗栗縣通霄鎮梅南里,1772,1720,-52,-0.029
新北市貢寮區貢寮里,947,895,-52,-0.055
臺北市北投區東華里,4721,4669,-52,-0.011
高雄市鼓山區麗興里,1077,1025,-52,-0.048
臺南市南區竹溪里,1828,1776,-52,-0.028
新北市淡水區永吉里,962,910,-52,-0.054
臺中市霧峰區丁台里,2759,2707,-52,-0.019
雲林縣口湖鄉湖東村,1400,1348,-52,-0.037
新北市萬里區龜吼里,2884,2832,-52,-0.018
臺中市大安區南埔里,1235,1183,-52,-0.042
臺中市龍井區新東里,5678,5626,-52,-0.009
臺中市新社區大南里,2177,2125,-52,-0.024
臺東縣關山鎮月眉里,813,761,-52,-0.064
苗栗縣苑裡鎮中正里,2525,2473,-52,-0.021
苗栗縣通霄鎮福源里,929,877,-52,-0.056
高雄市三民區港東里,1514,1462,-52,-0.034
嘉義縣民雄鄉興中村,2165,2114,-51,-0.024
臺南市七股區塩埕里,485,434,-51,-0.105
澎湖縣七美鄉南港村,1388,1337,-51,-0.037
新北市蘆洲區仁愛里,5456,5405,-51,-0.009
苗栗縣南庄鄉蓬萊村,1010,959,-51,-0.05
高雄市旗津區安順里,1010,959,-51,-0.05
彰化縣田中鎮香山里,980,929,-51,-0.052
臺東縣臺東市建業里,1468,1417,-51,-0.035
高雄市小港區順苓里,5304,5253,-51,-0.01
嘉義縣新港鄉宮後村,1800,1749,-51,-0.028
臺中市大肚區自強里,4080,4029,-51,-0.013
桃園市中壢區中建里,1254,1203,-51,-0.041
高雄市旗山區上洲里,1138,1087,-51,-0.045
宜蘭縣三星鄉義德村,1393,1342,-51,-0.037
高雄市旗山區中洲里,921,870,-51,-0.055
南投縣名間鄉大坑村,839,788,-51,-0.061
臺中市大甲區建興里,1767,1716,-51,-0.029
苗栗縣苗栗市玉苗里,1038,987,-51,-0.049
屏東縣獅子鄉竹坑村,361,310,-51,-0.141
花蓮縣卓溪鄉立山村,1205,1154,-51,-0.042
苗栗縣南庄鄉西村,728,677,-51,-0.07
新竹縣新埔鎮新生里,683,632,-51,-0.075
臺中市大甲區西岐里,1974,1923,-51,-0.026
高雄市梓官區梓信里,2479,2428,-51,-0.021
屏東縣瑪家鄉北葉村,996,945,-51,-0.051
南投縣竹山鎮桶頭里,997,946,-51,-0.051
嘉義縣義竹鄉仁里村,968,917,-51,-0.053
彰化縣竹塘鄉新廣村,1280,1229,-51,-0.04
臺中市北屯區新平里,4914,4863,-51,-0.01
新竹縣橫山鄉新興村,1810,1759,-51,-0.028
屏東縣萬巒鄉成德村,1637,1586,-51,-0.031
彰化縣埔鹽鄉南新村,1540,1489,-51,-0.033
苗栗縣造橋鄉錦水村,583,532,-51,-0.087
臺中市神岡區山皮里,1231,1180,-51,-0.041
臺南市安定區蘇厝里,2404,2353,-51,-0.021
彰化縣社頭鄉橋頭村,2434,2383,-51,-0.021
屏東縣枋寮鄉安樂村,1854,1803,-51,-0.028
桃園市蘆竹區坑子里,1961,1910,-51,-0.026
新北市三峽區鳶山里,10686,10635,-51,-0.005
新竹縣芎林鄉秀湖村,1081,1030,-51,-0.047
屏東縣竹田鄉頭崙村,1481,1430,-51,-0.034
屏東縣新園鄉瓦󿾨村,1922,1871,-51,-0.027
嘉義縣東石鄉型厝村,1535,1484,-51,-0.033
新北市三重區龍門里,1956,1905,-51,-0.026
高雄市內門區永富里,1098,1047,-51,-0.046
嘉義縣東石鄉洲仔村,941,890,-51,-0.054
屏東縣萬巒鄉萬和村,1993,1942,-51,-0.026
嘉義縣六腳鄉蘇厝村,1632,1581,-51,-0.031
新北市汐止區八連里,1056,1005,-51,-0.048
屏東縣滿州鄉里德村,461,410,-51,-0.111
臺北市文山區萬和里,3395,3344,-51,-0.015
桃園市中壢區和平里,3255,3204,-51,-0.016
苗栗縣後龍鎮灣寶里,1443,1392,-51,-0.035
臺南市南化區東和里,724,673,-51,-0.07
花蓮縣光復鄉南富村,958,907,-51,-0.053
臺南市楠西區照興里,1114,1063,-51,-0.046
南投縣中寮鄉廣興村,895,844,-51,-0.057
嘉義縣六腳鄉港美村,785,734,-51,-0.065
嘉義縣布袋鎮龍江里,859,808,-51,-0.059
新竹縣峨眉鄉湖光村,945,894,-51,-0.054
臺南市將軍區平沙里,1315,1265,-50,-0.038
桃園市蘆竹區錦中里,3950,3900,-50,-0.013
新北市新店區明德里,4000,3950,-50,-0.013
南投縣中寮鄉中寮村,748,698,-50,-0.067
雲林縣水林鄉蕃薯村,1067,1017,-50,-0.047
嘉義市西區新厝里,5163,5113,-50,-0.01
彰化縣福興鄉二港村,1540,1490,-50,-0.032
苗栗縣頭份市廣興里,1048,998,-50,-0.048
嘉義縣義竹鄉六桂村,1294,1244,-50,-0.039
高雄市甲仙區東安里,517,467,-50,-0.097
雲林縣土庫鎮崙內里,1748,1698,-50,-0.029
彰化縣大城鄉公館村,1169,1119,-50,-0.043
高雄市鹽埕區慈愛里,405,355,-50,-0.123
臺東縣臺東市仁愛里,792,742,-50,-0.063
雲林縣北港鎮公舘里,620,570,-50,-0.081
新北市三芝區錫板里,770,720,-50,-0.065
南投縣名間鄉松柏村,1380,1330,-50,-0.036
彰化縣溪州鄉三條村,1013,963,-50,-0.049
屏東縣高樹鄉舊寮村,1351,1301,-50,-0.037
桃園市八德區茄苳里,3112,3062,-50,-0.016
嘉義縣六腳鄉蒜東村,911,861,-50,-0.055
雲林縣口湖鄉青蚶村,601,551,-50,-0.083
嘉義市東區新開里,2324,2274,-50,-0.022
高雄市苓雅區正道里,4609,4559,-50,-0.011
高雄市岡山區忠孝里,3427,3377,-50,-0.015
彰化縣埤頭鄉埤頭村,1891,1841,-50,-0.026
臺南市玉井區三和里,845,795,-50,-0.059
苗栗縣後龍鎮復興里,806,756,-50,-0.062
宜蘭縣員山鄉永和村,2088,2038,-50,-0.024
新竹市香山區美山里,1303,1253,-50,-0.038
臺南市山上區明和里,1919,1869,-50,-0.026
彰化縣北斗鎮重慶里,659,609,-50,-0.076
新北市金山區三界里,721,671,-50,-0.069
高雄市橋頭區甲南里,2742,2692,-50,-0.018
嘉義縣中埔鄉龍門村,943,893,-50,-0.053
屏東縣潮州鎮五魁里,1636,1586,-50,-0.031
花蓮縣花蓮市民意里,2275,2225,-50,-0.022
高雄市燕巢區瓊林里,2425,2375,-50,-0.021
臺東縣臺東市大同里,877,827,-50,-0.057
高雄市鳥松區坔埔里,4013,3963,-50,-0.012
基隆市中正區八斗里,1651,1601,-50,-0.03
新北市三重區大園里,2945,2895,-50,-0.017
南投縣國姓鄉柑林村,1277,1227,-50,-0.039
南投縣集集鎮富山里,646,596,-50,-0.077
彰化縣田中鎮中路里,2320,2270,-50,-0.022
彰化縣彰化市華北里,1726,1676,-50,-0.029
屏東縣高樹鄉建興村,1324,1274,-50,-0.038
嘉義縣布袋鎮興中里,1246,1196,-50,-0.04
新竹縣關西鎮東平里,1051,1001,-50,-0.048
屏東縣九如鄉後庄村,2069,2019,-50,-0.024
屏東縣屏東市豐榮里,2901,2851,-50,-0.017
苗栗縣大湖鄉南湖村,733,683,-50,-0.068
彰化縣埔鹽鄉西湖村,2447,2398,-49,-0.02
新北市樹林區樹北里,986,937,-49,-0.05
嘉義縣義竹鄉埤前村,837,788,-49,-0.059
南投縣名間鄉南雅村,1200,1151,-49,-0.041
新北市板橋區青翠里,3073,3024,-49,-0.016
新北市樹林區西園里,1927,1878,-49,-0.025
臺南市佳里區營溪里,1165,1116,-49,-0.042
嘉義縣布袋鎮見龍里,1012,963,-49,-0.048
臺中市東勢區中寧里,1032,983,-49,-0.047
嘉義縣竹崎鄉龍山村,2048,1999,-49,-0.024
臺南市東山區大客里,1225,1176,-49,-0.04
臺中市中區中華里,2369,2320,-49,-0.021
苗栗縣苑裡鎮玉田里,2033,1984,-49,-0.024
嘉義縣義竹鄉西過村,883,834,-49,-0.055
新北市新店區文明里,2526,2477,-49,-0.019
花蓮縣花蓮市主力里,3334,3285,-49,-0.015
新北市雙溪區三港里,417,368,-49,-0.118
桃園市大溪區仁文里,4759,4710,-49,-0.01
嘉義縣布袋鎮菜舖里,459,410,-49,-0.107
雲林縣北港鎮劉厝里,1313,1264,-49,-0.037
花蓮縣花蓮市主安里,3152,3103,-49,-0.016
嘉義縣水上鄉塗溝村,888,839,-49,-0.055
屏東縣琉球鄉本福村,2402,2353,-49,-0.02
新北市五股區德泰里,4705,4656,-49,-0.01
高雄市鼓山區桃源里,625,576,-49,-0.078
新竹縣竹東鎮忠孝里,1869,1820,-49,-0.026
高雄市梓官區赤西里,947,898,-49,-0.052
臺北市士林區公館里,1430,1381,-49,-0.034
嘉義縣六腳鄉六斗村,1049,1000,-49,-0.047
新北市永和區仁愛里,2757,2708,-49,-0.018
臺南市新化區太平里,5204,5155,-49,-0.009
彰化縣埔心鄉油車村,1455,1406,-49,-0.034
南投縣水里鄉永豐村,1581,1532,-49,-0.031
臺中市石岡區土牛里,1163,1114,-49,-0.042
彰化縣彰化市田中里,1073,1024,-49,-0.046
基隆市仁愛區德厚里,1939,1890,-49,-0.025
桃園市龜山區新嶺里,4610,4561,-49,-0.011
高雄市左營區光輝里,2861,2812,-49,-0.017
新北市板橋區溪北里,3734,3685,-49,-0.013
南投縣信義鄉自強村,832,783,-49,-0.059
嘉義縣中埔鄉頂埔村,1089,1040,-49,-0.045
南投縣信義鄉羅娜村,1728,1679,-49,-0.028
臺南市南化區南化里,1533,1484,-49,-0.032
高雄市三民區千北里,1161,1112,-49,-0.042
彰化縣埤頭鄉崙腳村,862,813,-49,-0.057
屏東縣里港鄉大平村,1298,1249,-49,-0.038
雲林縣褒忠鄉埔姜村,1714,1665,-49,-0.029
臺東縣綠島鄉公舘村,1175,1126,-49,-0.042
嘉義市西區文化里,2516,2467,-49,-0.019
雲林縣口湖鄉水井村,1080,1031,-49,-0.045
屏東縣林邊鄉林邊村,1647,1598,-49,-0.03
雲林縣水林鄉灣西村,1067,1018,-49,-0.046
雲林縣北港鎮東陽里,876,827,-49,-0.056
彰化縣大城鄉東城村,1528,1479,-49,-0.032
苗栗縣造橋鄉龍昇村,1084,1035,-49,-0.045
屏東縣枋寮鄉新開村,1010,961,-49,-0.049
嘉義縣東石鄉溪下村,1094,1045,-49,-0.045
彰化縣二水鄉合和村,949,900,-49,-0.052
嘉義縣民雄鄉東榮村,2695,2646,-49,-0.018
苗栗縣獅潭鄉永興村,617,568,-49,-0.079
高雄市鹽埕區中原里,691,642,-49,-0.071
嘉義縣民雄鄉菁埔村,1978,1929,-49,-0.025
臺中市霧峰區萊園里,1270,1221,-49,-0.039
基隆市仁愛區兆連里,812,763,-49,-0.06
臺中市神岡區圳堵里,2490,2441,-49,-0.02
彰化縣田中鎮三光里,1081,1032,-49,-0.045
新北市淡水區長庚里,1504,1455,-49,-0.033
屏東縣高樹鄉舊庄村,1167,1118,-49,-0.042
高雄市田寮區三和里,410,361,-49,-0.12
臺東縣太麻里鄉華源村,679,630,-49,-0.072
嘉義縣六腳鄉崙陽村,1153,1105,-48,-0.042
臺南市白河區白河里,1911,1863,-48,-0.025
新北市貢寮區美豐里,808,760,-48,-0.059
屏東縣里港鄉塔樓村,1808,1760,-48,-0.027
臺南市善化區六分里,797,749,-48,-0.06
新北市永和區網溪里,1245,1197,-48,-0.039
高雄市岡山區仁義里,2144,2096,-48,-0.022
臺南市北區公園里,2014,1966,-48,-0.024
花蓮縣豐濱鄉新社村,710,662,-48,-0.068
臺南市永康區三合里,4039,3991,-48,-0.012
宜蘭縣蘇澳鎮蘇東里,591,543,-48,-0.081
苗栗縣銅鑼鄉興隆村,664,616,-48,-0.072
彰化縣福興鄉番社村,1752,1704,-48,-0.027
彰化縣伸港鄉七嘉村,3746,3698,-48,-0.013
苗栗縣頭屋鄉鳴鳳村,340,292,-48,-0.141
臺南市大內區內江里,1017,969,-48,-0.047
新竹市東區榮光里,342,294,-48,-0.14
南投縣魚池鄉新城村,1589,1541,-48,-0.03
屏東縣高樹鄉廣興村,1267,1219,-48,-0.038
嘉義縣溪口鄉美南村,1258,1210,-48,-0.038
彰化縣溪湖鎮西勢里,2607,2559,-48,-0.018
桃園市平鎮區中正里,2094,2046,-48,-0.023
基隆市安樂區慈仁里,1038,990,-48,-0.046
南投縣集集鎮玉映里,581,533,-48,-0.083
臺南市歸仁區歸仁里,2714,2666,-48,-0.018
宜蘭縣羅東鎮成功里,1886,1838,-48,-0.025
南投縣竹山鎮延山里,971,923,-48,-0.049
嘉義縣竹崎鄉竹崎村,2924,2876,-48,-0.016
高雄市茄萣區嘉定里,1256,1208,-48,-0.038
嘉義縣民雄鄉福興村,2251,2203,-48,-0.021
南投縣草屯鎮中正里,784,736,-48,-0.061
新北市金山區清泉里,940,892,-48,-0.051
桃園市桃園區自強里,8856,8808,-48,-0.005
臺東縣池上鄉新興村,973,925,-48,-0.049
臺南市安南區公親里,1380,1332,-48,-0.035
臺南市安南區鹿耳里,1061,1013,-48,-0.045
雲林縣東勢鄉昌南村,942,894,-48,-0.051
雲林縣東勢鄉東北村,1382,1334,-48,-0.035
臺中市豐原區葫蘆里,774,726,-48,-0.062
雲林縣二崙鄉湳仔村,1303,1255,-48,-0.037
高雄市三民區本上里,5958,5910,-48,-0.008
高雄市苓雅區福壽里,1561,1513,-48,-0.031
高雄市鹽埕區沙地里,841,793,-48,-0.057
新北市淡水區協元里,1584,1536,-48,-0.03
高雄市三民區德東里,882,834,-48,-0.054
臺中市太平區宜昌里,4466,4418,-48,-0.011
基隆市七堵區八德里,1766,1718,-48,-0.027
新北市淡水區蕃薯里,1119,1071,-48,-0.043
高雄市三民區裕民里,1481,1433,-48,-0.032
高雄市鹽埕區江西里,1170,1122,-48,-0.041
新北市鶯歌區西鶯里,2340,2292,-48,-0.021
新竹縣寶山鄉油田村,645,597,-48,-0.074
彰化縣大城鄉上山村,1227,1179,-48,-0.039
屏東縣崁頂鄉力社村,1663,1615,-48,-0.029
宜蘭縣大同鄉南山村,915,867,-48,-0.052
彰化縣竹塘鄉竹林村,963,915,-48,-0.05
臺南市安南區梅花里,4795,4747,-48,-0.01
高雄市美濃區興隆里,1295,1248,-47,-0.036
雲林縣古坑鄉朝陽村,2428,2381,-47,-0.019
高雄市鼓山區山下里,1496,1449,-47,-0.031
苗栗縣通霄鎮楓樹里,504,457,-47,-0.093
高雄市茂林區萬山里,447,400,-47,-0.105
高雄市茄萣區吉定里,1288,1241,-47,-0.036
屏東縣萬丹鄉崙頂村,2167,2120,-47,-0.022
雲林縣口湖鄉梧南村,2059,2012,-47,-0.023
雲林縣斗六市榴中里,5266,5219,-47,-0.009
苗栗縣大湖鄉新開村,1167,1120,-47,-0.04
苗栗縣苑裡鎮福田里,1437,1390,-47,-0.033
花蓮縣光復鄉西富村,1068,1021,-47,-0.044
新竹市東區新興里,3557,3510,-47,-0.013
屏東縣東港鎮豐漁里,678,631,-47,-0.069
屏東縣麟洛鄉麟蹄村,1680,1633,-47,-0.028
高雄市鼓山區樹德里,1287,1240,-47,-0.037
雲林縣斗南鎮石溪里,984,937,-47,-0.048
基隆市中山區仁正里,862,815,-47,-0.055
新北市鶯歌區二甲里,1026,979,-47,-0.046
臺中市東勢區下城里,962,915,-47,-0.049
雲林縣東勢鄉月眉村,1319,1272,-47,-0.036
南投縣中寮鄉永和村,572,525,-47,-0.082
臺南市大內區內郭里,720,673,-47,-0.065
新北市新莊區富民里,3959,3912,-47,-0.012
彰化縣彰化市寶廍里,1519,1472,-47,-0.031
彰化縣鹿港鎮大有里,1390,1343,-47,-0.034
南投縣南投市永興里,912,865,-47,-0.052
臺南市東山區三榮里,1061,1014,-47,-0.044
苗栗縣西湖鄉二湖村,754,707,-47,-0.062
新北市瑞芳區柑坪里,1247,1200,-47,-0.038
新北市貢寮區和美里,1085,1038,-47,-0.043
高雄市彌陀區漯底里,1377,1330,-47,-0.034
彰化縣彰化市莿桐里,3581,3534,-47,-0.013
臺南市白河區河東里,1484,1437,-47,-0.032
臺南市白河區庄內里,1880,1833,-47,-0.025
嘉義市西區紅瓦里,2081,2034,-47,-0.023
彰化縣社頭鄉龍井村,961,914,-47,-0.049
高雄市鳳山區國富里,2939,2892,-47,-0.016
臺南市新營區太南里,1945,1898,-47,-0.024
南投縣埔里鎮薰化里,1140,1093,-47,-0.041
屏東縣屏東市前進里,3364,3317,-47,-0.014
高雄市大寮區中庄里,12688,12641,-47,-0.004
嘉義縣溪口鄉林腳村,929,882,-47,-0.051
金門縣金沙鎮光前里,2636,2589,-47,-0.018
屏東縣萬丹鄉灣內村,1649,1602,-47,-0.029
臺東縣東河鄉東河村,1100,1053,-47,-0.043
臺南市白河區大林里,652,605,-47,-0.072
臺北市內湖區蘆洲里,1419,1372,-47,-0.033
嘉義市東區中山里,2221,2174,-47,-0.021
彰化縣溪州鄉溪厝村,2136,2089,-47,-0.022
臺南市善化區田寮里,1950,1903,-47,-0.024
花蓮縣吉安鄉勝安村,5797,5750,-47,-0.008
新北市三重區中民里,1311,1264,-47,-0.036
嘉義縣水上鄉柳新村,2087,2040,-47,-0.023
嘉義縣梅山鄉安靖村,930,883,-47,-0.051
雲林縣東勢鄉復興村,599,552,-47,-0.078
雲林縣土庫鎮宮北里,1653,1606,-47,-0.028
嘉義縣六腳鄉潭墘村,984,937,-47,-0.048
雲林縣水林鄉松中村,573,526,-47,-0.082
南投縣鹿谷鄉竹林村,1689,1642,-47,-0.028
彰化縣田中鎮大崙里,1508,1461,-47,-0.031
新北市永和區新廍里,2281,2234,-47,-0.021
臺南市左鎮區中正里,822,776,-46,-0.056
苗栗縣三灣鄉大河村,604,558,-46,-0.076
宜蘭縣南澳鄉南澳村,1475,1429,-46,-0.031
基隆市仁愛區仁德里,1024,978,-46,-0.045
屏東縣竹田鄉二崙村,1104,1058,-46,-0.042
屏東縣東港鎮頂新里,616,570,-46,-0.075
臺中市大安區西安里,2067,2021,-46,-0.022
高雄市茄萣區大定里,1219,1173,-46,-0.038
彰化縣大城鄉永和村,794,748,-46,-0.058
臺中市大甲區孔門里,1007,961,-46,-0.046
臺北市中山區恆安里,4994,4948,-46,-0.009
基隆市中山區安民里,1132,1086,-46,-0.041
花蓮縣吉安鄉福興村,3370,3324,-46,-0.014
南投縣中寮鄉永平村,1958,1912,-46,-0.023
高雄市旗山區大山里,1421,1375,-46,-0.032
臺中市神岡區三角里,3086,3040,-46,-0.015
臺南市柳營區果毅里,1348,1302,-46,-0.034
臺南市柳營區篤農里,1435,1389,-46,-0.032
苗栗縣通霄鎮白西里,820,774,-46,-0.056
彰化縣二林鎮南光里,4189,4143,-46,-0.011
臺中市清水區高西里,1507,1461,-46,-0.031
嘉義縣朴子市中正里,736,690,-46,-0.063
高雄市新興區永寧里,1480,1434,-46,-0.031
彰化縣芬園鄉大竹村,1139,1093,-46,-0.04
屏東縣高樹鄉新豐村,1622,1576,-46,-0.028
苗栗縣竹南鎮公舘里,1360,1314,-46,-0.034
桃園市大溪區新峰里,940,894,-46,-0.049
雲林縣元長鄉鹿南村,951,905,-46,-0.048
基隆市安樂區定邦里,1151,1105,-46,-0.04
雲林縣二崙鄉崙東村,1726,1680,-46,-0.027
臺南市後壁區新嘉里,1101,1055,-46,-0.042
彰化縣大城鄉潭墘村,1216,1170,-46,-0.038
新北市新莊區萬安里,3851,3805,-46,-0.012
臺東縣東河鄉隆昌村,604,558,-46,-0.076
新北市石門區山溪里,989,943,-46,-0.047
高雄市三民區建東里,1305,1259,-46,-0.035
新竹市東區關帝里,562,516,-46,-0.082
臺南市麻豆區北勢里,1254,1208,-46,-0.037
屏東縣萬巒鄉萬巒村,1384,1338,-46,-0.033
新北市三重區正義里,1901,1855,-46,-0.024
南投縣集集鎮吳厝里,1008,962,-46,-0.046
彰化縣花壇鄉長春村,1896,1850,-46,-0.024
彰化縣埔鹽鄉瓦󿾨村,1449,1403,-46,-0.032
嘉義縣溪口鄉坪頂村,1017,972,-45,-0.044
臺中市大肚區山陽里,1577,1532,-45,-0.029
臺東縣關山鎮豐泉里,1367,1322,-45,-0.033
屏東縣東港鎮船頭里,6659,6614,-45,-0.007
嘉義縣民雄鄉中央村,1476,1431,-45,-0.03
高雄市大寮區內坑里,6827,6782,-45,-0.007
高雄市鼓山區新民里,1103,1058,-45,-0.041
嘉義縣太保市埤鄉里,816,771,-45,-0.055
連江縣南竿鄉馬祖村,607,562,-45,-0.074
屏東縣萬巒鄉鹿寮村,1049,1004,-45,-0.043
臺南市北門區慈安里,836,791,-45,-0.054
苗栗縣苗栗市新英里,1973,1928,-45,-0.023
花蓮縣壽豐鄉溪口村,1176,1131,-45,-0.038
花蓮縣壽豐鄉月眉村,962,917,-45,-0.047
臺中市烏日區溪尾里,984,939,-45,-0.046
高雄市旗山區廣福里,730,685,-45,-0.062
臺中市后里區墩東里,5904,5859,-45,-0.008
雲林縣土庫鎮後埔里,2664,2619,-45,-0.017
雲林縣莿桐鄉甘西村,1767,1722,-45,-0.025
苗栗縣公館鄉玉泉村,2798,2753,-45,-0.016
嘉義縣新港鄉菜公村,1131,1086,-45,-0.04
嘉義縣六腳鄉雙涵村,980,935,-45,-0.046
屏東縣新園鄉中洲村,1771,1726,-45,-0.025
苗栗縣通霄鎮坪頂里,1355,1310,-45,-0.033
彰化縣員林市三信里,2907,2862,-45,-0.015
苗栗縣卓蘭鎮新榮里,1245,1200,-45,-0.036
高雄市旗津區南汕里,2264,2219,-45,-0.02
臺中市石岡區金星里,1458,1413,-45,-0.031
基隆市中山區健民里,1288,1243,-45,-0.035
屏東縣屏東市頂柳里,1264,1219,-45,-0.036
高雄市阿蓮區清蓮里,3108,3063,-45,-0.014
雲林縣二崙鄉楊賢村,1773,1728,-45,-0.025
雲林縣二崙鄉大華村,1043,998,-45,-0.043
屏東縣屏東市厚生里,3294,3249,-45,-0.014
宜蘭縣礁溪鄉白雲村,1872,1827,-45,-0.024
南投縣埔里鎮鐵山里,2084,2039,-45,-0.022
新北市三重區錦江里,2431,2386,-45,-0.019
嘉義縣朴子市順天里,727,682,-45,-0.062
高雄市燕巢區東燕里,2711,2666,-45,-0.017
高雄市小港區松金里,3050,3005,-45,-0.015
嘉義縣朴子市梅華里,1192,1147,-45,-0.038
澎湖縣馬公市山水里,1955,1910,-45,-0.023
屏東縣南州鄉溪洲村,1898,1853,-45,-0.024
雲林縣臺西鄉光華村,769,724,-45,-0.059
苗栗縣造橋鄉平興村,522,477,-45,-0.086
南投縣鹿谷鄉瑞田村,823,778,-45,-0.055
臺東縣卑南鄉美農村,1204,1159,-45,-0.037
金門縣烈嶼鄉上岐村,3125,3080,-45,-0.014
花蓮縣新城鄉康樂村,2793,2748,-45,-0.016
臺南市左鎮區內庄里,419,374,-45,-0.107
嘉義縣水上鄉三界村,1089,1044,-45,-0.041
高雄市苓雅區意誠里,4163,4118,-45,-0.011
高雄市左營區聖后里,811,766,-45,-0.055
南投縣國姓鄉乾溝村,899,854,-45,-0.05
南投縣名間鄉埔中村,1005,960,-45,-0.045
嘉義縣番路鄉民和村,979,934,-45,-0.046
彰化縣溪州鄉水尾村,1782,1737,-45,-0.025
金門縣烈嶼鄉西口村,2636,2591,-45,-0.017
屏東縣恆春鎮墾丁里,1433,1388,-45,-0.031
嘉義縣新港鄉大興村,1699,1655,-44,-0.026
彰化縣彰化市福安里,1166,1122,-44,-0.038
臺中市外埔區大東里,7595,7551,-44,-0.006
嘉義縣中埔鄉和興村,6469,6425,-44,-0.007
新竹縣北埔鄉大林村,853,809,-44,-0.052
高雄市楠梓區和昌里,2295,2251,-44,-0.019
新北市新莊區建福里,2543,2499,-44,-0.017
花蓮縣光復鄉北富村,1026,982,-44,-0.043
嘉義縣溪口鄉柳溝村,1452,1408,-44,-0.03
嘉義縣中埔鄉灣潭村,1155,1111,-44,-0.038
臺東縣鹿野鄉瑞隆村,1012,968,-44,-0.043
屏東縣東港鎮頂中里,447,403,-44,-0.098
嘉義縣六腳鄉正義村,1507,1463,-44,-0.029
南投縣水里鄉水里村,827,783,-44,-0.053
雲林縣臺西鄉溪頂村,1660,1616,-44,-0.027
新北市蘆洲區忠孝里,2563,2519,-44,-0.017
彰化縣溪湖鎮光華里,522,478,-44,-0.084
雲林縣斗南鎮舊社里,3234,3190,-44,-0.014
屏東縣新園鄉內庄村,964,920,-44,-0.046
基隆市信義區智慧里,816,772,-44,-0.054
新北市樹林區中山里,5580,5536,-44,-0.008
臺北市內湖區港華里,9796,9752,-44,-0.004
彰化縣埔鹽鄉打廉村,1069,1025,-44,-0.041
臺中市東勢區泰興里,818,774,-44,-0.054
雲林縣北港鎮仁和里,572,528,-44,-0.077
臺南市學甲區宅港里,909,865,-44,-0.048
花蓮縣玉里鎮長良里,750,706,-44,-0.059
高雄市鳳山區縣衙里,956,912,-44,-0.046
高雄市旗山區新光里,874,830,-44,-0.05
屏東縣恆春鎮水泉里,1628,1584,-44,-0.027
宜蘭縣三星鄉天福村,841,797,-44,-0.052
臺中市大里區夏田里,1158,1114,-44,-0.038
新北市汐止區江北里,6285,6241,-44,-0.007
南投縣南投市仁和里,589,545,-44,-0.075
苗栗縣苑裡鎮南勢里,791,747,-44,-0.056
臺南市南區喜東里,2441,2397,-44,-0.018
新北市三重區中山里,2857,2813,-44,-0.015
苗栗縣大湖鄉明湖村,675,631,-44,-0.065
屏東縣萬丹鄉加興村,1458,1414,-44,-0.03
宜蘭縣蘇澳鎮朝陽里,647,603,-44,-0.068
新北市雙溪區上林里,686,642,-44,-0.064
臺南市柳營區太康里,1655,1611,-44,-0.027
宜蘭縣冬山鄉補城村,1374,1330,-44,-0.032
嘉義縣鹿草鄉松竹村,1050,1006,-44,-0.042
新北市新店區美城里,2796,2752,-44,-0.016
雲林縣林內鄉林南村,1212,1168,-44,-0.036
花蓮縣花蓮市民生里,1400,1356,-44,-0.031
臺南市鹽水區汫水里,1022,978,-44,-0.043
新北市金山區兩湖里,456,412,-44,-0.096
高雄市鳳山區新富里,4796,4752,-44,-0.009
屏東縣潮州鎮三和里,2491,2447,-44,-0.018
高雄市新興區德政里,737,693,-44,-0.06
高雄市新興區蕉園里,833,789,-44,-0.053
雲林縣西螺鎮公舘里,1577,1533,-44,-0.028
苗栗縣獅潭鄉新店村,996,952,-44,-0.044
南投縣國姓鄉國姓村,1949,1905,-44,-0.023
雲林縣口湖鄉後厝村,782,738,-44,-0.056
桃園市平鎮區湧豐里,2159,2115,-44,-0.02
臺中市大甲區文曲里,1271,1227,-44,-0.035
新北市板橋區純翠里,5608,5564,-44,-0.008
屏東縣屏東市扶風里,635,592,-43,-0.068
臺中市潭子區大富里,3333,3290,-43,-0.013
屏東縣南州鄉溪北村,778,735,-43,-0.055
新竹市東區東門里,642,599,-43,-0.067
彰化縣二林鎮東華里,1090,1047,-43,-0.039
雲林縣西螺鎮福田里,1778,1735,-43,-0.024
彰化縣田中鎮東路里,1247,1204,-43,-0.034
高雄市湖內區劉家里,1139,1096,-43,-0.038
嘉義縣東石鄉東石村,2210,2167,-43,-0.019
桃園市八德區大竹里,1802,1759,-43,-0.024
高雄市梓官區禮蚵里,2328,2285,-43,-0.018
花蓮縣卓溪鄉古風村,1144,1101,-43,-0.038
嘉義縣中埔鄉深坑村,858,815,-43,-0.05
屏東縣屏東市楠樹里,460,417,-43,-0.093
臺南市玉井區中正里,1373,1330,-43,-0.031
臺南市南區同安里,2584,2541,-43,-0.017
宜蘭縣員山鄉湖北村,1138,1095,-43,-0.038
新竹縣寶山鄉新城村,1365,1322,-43,-0.032
高雄市岡山區嘉峰里,2052,2009,-43,-0.021
臺南市東山區東中里,2898,2855,-43,-0.015
新北市雙溪區共和里,424,381,-43,-0.101
臺南市後壁區頂安里,1434,1391,-43,-0.03
雲林縣二崙鄉大義村,995,952,-43,-0.043
新竹縣關西鎮東山里,955,912,-43,-0.045
基隆市中山區通化里,1093,1050,-43,-0.039
新竹縣峨眉鄉中盛村,757,714,-43,-0.057
臺南市六甲區中社里,1800,1757,-43,-0.024
彰化縣鹿港鎮順興里,1086,1043,-43,-0.04
臺南市將軍區鯤溟里,1052,1009,-43,-0.041
高雄市甲仙區關山里,665,622,-43,-0.065
臺中市太平區東汴里,1349,1306,-43,-0.032
臺南市西港區西港里,3633,3590,-43,-0.012
高雄市內門區溝坪里,1072,1029,-43,-0.04
屏東縣枋寮鄉太源村,1072,1029,-43,-0.04
苗栗縣西湖鄉金獅村,558,515,-43,-0.077
新北市三重區吉利里,1464,1421,-43,-0.029
雲林縣二崙鄉三和村,1644,1601,-43,-0.026
彰化縣芳苑鄉信義村,632,589,-43,-0.068
花蓮縣富里鄉豐南村,705,662,-43,-0.061
高雄市內門區三平里,750,707,-43,-0.057
雲林縣口湖鄉謝厝村,1132,1089,-43,-0.038
基隆市中山區太白里,989,946,-43,-0.043
桃園市觀音區廣福里,2970,2927,-43,-0.014
嘉義縣義竹鄉頭竹村,1344,1301,-43,-0.032
臺中市東勢區興隆里,1355,1312,-43,-0.032
彰化縣竹塘鄉竹元村,1408,1365,-43,-0.031
彰化縣埤頭鄉竹圍村,1297,1254,-43,-0.033
彰化縣溪湖鎮媽厝里,1460,1417,-43,-0.029
苗栗縣獅潭鄉竹木村,734,691,-43,-0.059
新竹縣橫山鄉福興村,495,452,-43,-0.087
嘉義縣義竹鄉龍蛟村,624,581,-43,-0.069
彰化縣鹿港鎮頂番里,4783,4740,-43,-0.009
臺中市石岡區萬安里,1804,1761,-43,-0.024
嘉義縣溪口鄉游西村,760,717,-43,-0.057
彰化縣二水鄉復興村,1166,1124,-42,-0.036
新北市樹林區北園里,2310,2268,-42,-0.018
新竹縣關西鎮大同里,901,859,-42,-0.047
臺北市文山區興豐里,5073,5031,-42,-0.008
苗栗縣公館鄉大坑村,1073,1031,-42,-0.039
嘉義縣竹崎鄉沙坑村,926,884,-42,-0.045
屏東縣潮州鎮崙東里,1753,1711,-42,-0.024
高雄市六龜區義寶里,1200,1158,-42,-0.035
彰化縣福興鄉番婆村,2851,2809,-42,-0.015
臺北市文山區興泰里,4059,4017,-42,-0.01
彰化縣員林市東和里,1239,1197,-42,-0.034
苗栗縣苑裡鎮海岸里,1218,1176,-42,-0.034
新北市淡水區草東里,797,755,-42,-0.053
南投縣名間鄉三崙村,1812,1770,-42,-0.023
高雄市梓官區梓義里,2392,2350,-42,-0.018
嘉義縣梅山鄉双溪村,641,599,-42,-0.066
苗栗縣銅鑼鄉新隆村,615,573,-42,-0.068
臺北市文山區指南里,4124,4082,-42,-0.01
彰化縣溪湖鎮田中里,978,936,-42,-0.043
新竹縣寶山鄉寶斗村,838,796,-42,-0.05
屏東縣東港鎮東和里,772,730,-42,-0.054
南投縣南投市振興里,2410,2368,-42,-0.017
南投縣仁愛鄉春陽村,1253,1211,-42,-0.034
基隆市中正區正義里,1329,1287,-42,-0.032
新北市蘆洲區得勝里,3461,3419,-42,-0.012
基隆市七堵區永平里,2205,2163,-42,-0.019
屏東縣內埔鄉東片村,1039,997,-42,-0.04
新北市板橋區新埔里,2150,2108,-42,-0.02
嘉義市西區保安里,3859,3817,-42,-0.011
雲林縣崙背鄉水尾村,1363,1321,-42,-0.031
臺中市霧峰區桐林里,1412,1370,-42,-0.03
臺中市東區富台里,1937,1895,-42,-0.022
雲林縣臺西鄉山寮村,946,904,-42,-0.044
嘉義縣義竹鄉溪洲村,695,653,-42,-0.06
花蓮縣花蓮市主農里,4439,4397,-42,-0.009
雲林縣林內鄉林中村,4309,4267,-42,-0.01
屏東縣琉球鄉中福村,1427,1385,-42,-0.029
臺東縣鹿野鄉瑞和村,763,721,-42,-0.055
高雄市鳳山區縣口里,485,443,-42,-0.087
高雄市前金區北金里,942,900,-42,-0.045
花蓮縣花蓮市民有里,787,745,-42,-0.053
臺中市清水區楊厝里,1387,1345,-42,-0.03
臺南市北區成德里,5663,5621,-42,-0.007
臺南市白河區昇安里,1530,1488,-42,-0.027
嘉義縣溪口鄉本厝村,1046,1004,-42,-0.04
桃園市龍潭區三坑里,1752,1710,-42,-0.024
新北市三重區平和里,1554,1512,-42,-0.027
臺東縣鹿野鄉瑞源村,991,949,-42,-0.042
高雄市左營區果惠里,1605,1563,-42,-0.026
嘉義縣大林鎮三和里,2308,2266,-42,-0.018
花蓮縣瑞穗鄉舞鶴村,1073,1031,-42,-0.039
高雄市小港區青島里,2627,2585,-42,-0.016
新北市三重區田安里,6410,6368,-42,-0.007
高雄市三民區千歲里,1245,1203,-42,-0.034
臺南市大內區石林里,709,667,-42,-0.059
臺南市大內區曲溪里,655,613,-42,-0.064
花蓮縣花蓮市民族里,574,532,-42,-0.073
臺中市新社區月湖里,1214,1172,-42,-0.035
臺中市太平區德隆里,5814,5772,-42,-0.007
屏東縣九如鄉三塊村,1842,1801,-41,-0.022
高雄市三民區立誠里,775,734,-41,-0.053
臺東縣太麻里鄉金崙村,2008,1967,-41,-0.02
屏東縣枋寮鄉內寮村,807,766,-41,-0.051
高雄市楠梓區盛昌里,6464,6423,-41,-0.006
苗栗縣卓蘭鎮新厝里,1723,1682,-41,-0.024
臺南市將軍區玉山里,913,872,-41,-0.045
彰化縣彰化市大同里,1126,1085,-41,-0.036
新竹縣新埔鎮新埔里,1127,1086,-41,-0.036
臺南市下營區大吉里,1764,1723,-41,-0.023
臺南市下營區宅內里,1834,1793,-41,-0.022
苗栗縣卓蘭鎮苗豐里,802,761,-41,-0.051
彰化縣芳苑鄉路上村,734,693,-41,-0.056
臺南市後壁區土溝里,1485,1444,-41,-0.028
臺南市七股區西寮里,507,466,-41,-0.081
臺南市關廟區下湖里,544,503,-41,-0.075
高雄市林園區港嘴里,1966,1925,-41,-0.021
雲林縣西螺鎮九隆里,866,825,-41,-0.047
基隆市中山區西定里,1051,1010,-41,-0.039
屏東縣高樹鄉司馬村,713,672,-41,-0.058
南投縣名間鄉中正村,4009,3968,-41,-0.01
彰化縣二林鎮永興里,1723,1682,-41,-0.024
嘉義縣布袋鎮九龍里,412,371,-41,-0.1
嘉義縣大林鎮溝背里,1059,1018,-41,-0.039
新北市三重區忠孝里,1881,1840,-41,-0.022
宜蘭縣羅東鎮仁和里,1195,1154,-41,-0.034
彰化縣埤頭鄉大湖村,1086,1045,-41,-0.038
臺南市龍崎區大坪里,325,284,-41,-0.126
新北市三重區介壽里,1239,1198,-41,-0.033
南投縣南投市康壽里,1702,1661,-41,-0.024
高雄市前金區長生里,1858,1817,-41,-0.022
高雄市橋頭區白樹里,3914,3873,-41,-0.01
高雄市前鎮區興邦里,3249,3208,-41,-0.013
彰化縣溪州鄉東州村,2290,2249,-41,-0.018
臺中市豐原區東陽里,1874,1833,-41,-0.022
花蓮縣瑞穗鄉富源村,871,830,-41,-0.047
宜蘭縣壯圍鄉復興村,1821,1780,-41,-0.023
嘉義縣太保市後庄里,569,528,-41,-0.072
高雄市前鎮區前鎮里,1492,1451,-41,-0.027
嘉義縣朴子市溪口里,908,867,-41,-0.045
臺南市善化區南關里,2275,2234,-41,-0.018
屏東縣南州鄉壽元村,1216,1175,-41,-0.034
嘉義縣梅山鄉永興村,602,561,-41,-0.068
高雄市鼓山區裕興里,3581,3540,-41,-0.011
屏東縣屏東市興樂里,875,834,-41,-0.047
南投縣埔里鎮南村里,1607,1566,-41,-0.026
南投縣名間鄉廍下村,1047,1006,-41,-0.039
高雄市路竹區社中里,972,931,-41,-0.042
南投縣信義鄉同富村,1662,1621,-41,-0.025
臺中市北屯區平德里,7607,7566,-41,-0.005
宜蘭縣宜蘭市慈安里,2086,2045,-41,-0.02
桃園市龜山區陸光里,4169,4128,-41,-0.01
雲林縣水林鄉松西村,733,692,-41,-0.056
臺南市安平區金城里,2316,2275,-41,-0.018
臺南市中西區南美里,3979,3938,-41,-0.01
南投縣埔里鎮史港里,662,621,-41,-0.062
新北市金山區和平里,540,499,-41,-0.076
臺南市新化區大坑里,492,451,-41,-0.083
高雄市岡山區前峰里,3341,3300,-41,-0.012
桃園市大溪區興和里,1748,1707,-41,-0.023
屏東縣恆春鎮城南里,1090,1049,-41,-0.038
桃園市中壢區仁義里,4632,4591,-41,-0.009
高雄市內門區金竹里,702,662,-40,-0.057
臺東縣臺東市復國里,674,634,-40,-0.059
彰化縣埔心鄉新舘村,1163,1123,-40,-0.034
臺中市新社區中正里,1636,1596,-40,-0.024
嘉義縣太保市前潭里,1702,1662,-40,-0.024
嘉義市西區竹村里,1321,1281,-40,-0.03
彰化縣社頭鄉湳雅村,1762,1722,-40,-0.023
高雄市鳳山區誠義里,4269,4229,-40,-0.009
新竹市香山區南港里,972,932,-40,-0.041
新北市新店區直潭里,1345,1305,-40,-0.03
嘉義縣竹崎鄉金獅村,485,445,-40,-0.082
基隆市仁愛區明德里,755,715,-40,-0.053
新竹縣芎林鄉華龍村,466,426,-40,-0.086
高雄市鳳山區光明里,1485,1445,-40,-0.027
臺南市安南區總頭里,2112,2072,-40,-0.019
屏東縣琉球鄉南福村,1317,1277,-40,-0.03
新北市貢寮區龍崗里,464,424,-40,-0.086
南投縣中寮鄉福盛村,766,726,-40,-0.052
雲林縣土庫鎮順天里,1085,1045,-40,-0.037
宜蘭縣羅東鎮南豪里,1647,1607,-40,-0.024
雲林縣大埤鄉三結村,1366,1326,-40,-0.029
嘉義縣竹崎鄉白杞村,719,679,-40,-0.056
臺中市豐原區南嵩里,3960,3920,-40,-0.01
高雄市茄萣區福德里,1092,1052,-40,-0.037
苗栗縣南庄鄉田美村,916,876,-40,-0.044
新北市三重區福利里,2325,2285,-40,-0.017
花蓮縣富里鄉富里村,1544,1504,-40,-0.026
彰化縣田中鎮龍潭里,688,648,-40,-0.058
花蓮縣富里鄉石牌村,1022,982,-40,-0.039
彰化縣溪州鄉潮洋村,979,939,-40,-0.041
新北市蘆洲區鷺江里,5727,5687,-40,-0.007
新竹市北區磐石里,7083,7043,-40,-0.006
新北市土城區青山里,3169,3129,-40,-0.013
新北市土城區明德里,6059,6019,-40,-0.007
雲林縣莿桐鄉甘厝村,1015,975,-40,-0.039
高雄市橋頭區西林里,1594,1554,-40,-0.025
屏東縣屏東市平和里,719,679,-40,-0.056
雲林縣林內鄉烏塗村,1295,1255,-40,-0.031
新北市土城區祖田里,1753,1713,-40,-0.023
桃園市大溪區一德里,6692,6652,-40,-0.006
花蓮縣瑞穗鄉瑞良村,617,577,-40,-0.065
嘉義縣東石鄉永屯村,802,762,-40,-0.05
屏東縣屏東市崇智里,459,419,-40,-0.087
新北市鶯歌區中鶯里,1135,1095,-40,-0.035
宜蘭縣冬山鄉安平村,874,834,-40,-0.046
新竹縣關西鎮新富里,628,588,-40,-0.064
臺南市新化區豐榮里,3899,3859,-40,-0.01
雲林縣大埤鄉豐岡村,688,648,-40,-0.058
嘉義縣大林鎮三村里,970,930,-40,-0.041
嘉義縣水上鄉民生村,3171,3131,-40,-0.013
彰化縣二林鎮原斗里,1435,1395,-40,-0.028
嘉義縣溪口鄉柴林村,867,827,-40,-0.046
臺南市大內區頭社里,1077,1037,-40,-0.037
彰化縣二林鎮香田里,1196,1156,-40,-0.033
彰化縣彰化市萬壽里,1017,977,-40,-0.039
嘉義縣布袋鎮貴舍里,719,679,-40,-0.056
嘉義縣番路鄉大湖村,700,660,-40,-0.057
宜蘭縣蘇澳鎮永光里,514,474,-40,-0.078
嘉義市西區垂楊里,2316,2276,-40,-0.017
新北市石碇區中民里,835,795,-40,-0.048
屏東縣新埤鄉南豐村,840,800,-40,-0.048
屏東縣屏東市大洲里,1373,1333,-40,-0.029
臺中市北區光大里,2344,2305,-39,-0.017
高雄市三民區灣中里,5908,5869,-39,-0.007
臺中市豐原區下街里,877,838,-39,-0.044
高雄市內門區光興里,757,718,-39,-0.052
南投縣竹山鎮福興里,667,628,-39,-0.058
雲林縣水林鄉大溝村,1101,1062,-39,-0.035
臺東縣大武鄉南興村,632,593,-39,-0.062
新北市三重區雙園里,1001,962,-39,-0.039
嘉義縣水上鄉水頭村,2857,2818,-39,-0.014
彰化縣社頭鄉崙雅村,1176,1137,-39,-0.033
彰化縣溪州鄉瓦厝村,1014,975,-39,-0.038
嘉義市西區福全里,4851,4812,-39,-0.008
屏東縣竹田鄉美崙村,712,673,-39,-0.055
新北市三峽區插角里,724,685,-39,-0.054
屏東縣內埔鄉上樹村,1230,1191,-39,-0.032
高雄市前金區長城里,1485,1446,-39,-0.026
新北市板橋區文化里,3489,3450,-39,-0.011
雲林縣北港鎮扶朝里,1085,1046,-39,-0.036
屏東縣長治鄉繁隆村,1292,1253,-39,-0.03
臺中市清水區靈泉里,1153,1114,-39,-0.034
桃園市中壢區仁愛里,3529,3490,-39,-0.011
彰化縣永靖鄉崙子村,1628,1589,-39,-0.024
臺中市外埔區中山里,1453,1414,-39,-0.027
臺中市西屯區福恩里,5740,5701,-39,-0.007
臺中市大雅區二和里,7353,7314,-39,-0.005
彰化縣芬園鄉縣庄村,1315,1276,-39,-0.03
臺東縣臺東市豐原里,1430,1391,-39,-0.027
高雄市大寮區後庄里,8955,8916,-39,-0.004
臺南市善化區六德里,1215,1176,-39,-0.032
苗栗縣後龍鎮海寶里,1119,1080,-39,-0.035
臺南市山上區平陽里,405,366,-39,-0.096
高雄市林園區林內里,2366,2327,-39,-0.016
臺南市東山區嶺南里,750,711,-39,-0.052
臺東縣臺東市四維里,780,741,-39,-0.05
嘉義縣朴子市松華里,1346,1307,-39,-0.029
苗栗縣公館鄉福星村,2401,2362,-39,-0.016
臺南市下營區西連里,991,952,-39,-0.039
嘉義縣布袋鎮新岑里,1086,1047,-39,-0.036
新北市土城區延吉里,4512,4473,-39,-0.009
彰化縣員林市中山里,712,673,-39,-0.055
花蓮縣豐濱鄉港口村,828,789,-39,-0.047
高雄市湖內區海山里,1244,1205,-39,-0.031
花蓮縣壽豐鄉池南村,834,795,-39,-0.047
新北市蘆洲區成功里,8023,7984,-39,-0.005
嘉義縣大林鎮三角里,962,923,-39,-0.041
嘉義縣新港鄉北崙村,564,525,-39,-0.069
彰化縣彰化市中山里,970,931,-39,-0.04
新北市瑞芳區上天里,1458,1419,-39,-0.027
嘉義縣梅山鄉太和村,1066,1027,-39,-0.037
雲林縣西螺鎮頂湳里,1127,1088,-39,-0.035
南投縣鹿谷鄉清水村,770,731,-39,-0.051
嘉義縣六腳鄉六南村,608,569,-39,-0.064
嘉義縣東石鄉三家村,1290,1251,-39,-0.03
嘉義縣義竹鄉官和村,923,884,-39,-0.042
新北市土城區頂埔里,5233,5194,-39,-0.007
彰化縣埔鹽鄉永樂村,1021,982,-39,-0.038
高雄市左營區中北里,698,660,-38,-0.054
南投縣仁愛鄉發祥村,949,911,-38,-0.04
苗栗縣三灣鄉北埔村,605,567,-38,-0.063
臺東縣長濱鄉三間村,1307,1269,-38,-0.029
彰化縣埔心鄉芎蕉村,2140,2102,-38,-0.018
苗栗縣苑裡鎮蕉埔里,918,880,-38,-0.041
基隆市七堵區瑪南里,487,449,-38,-0.078
嘉義縣太保市梅埔里,1322,1284,-38,-0.029
澎湖縣湖西鄉龍門村,2030,1992,-38,-0.019
新北市瑞芳區永慶里,484,446,-38,-0.079
南投縣竹山鎮社寮里,1582,1544,-38,-0.024
新北市三芝區埔頭里,5604,5566,-38,-0.007
雲林縣口湖鄉頂湖村,721,683,-38,-0.053
桃園市中壢區普慶里,3269,3231,-38,-0.012
雲林縣水林鄉尖山村,726,688,-38,-0.052
南投縣水里鄉中央村,688,650,-38,-0.055
花蓮縣光復鄉大豐村,494,456,-38,-0.077
屏東縣屏東市歸心里,1279,1241,-38,-0.03
屏東縣鹽埔鄉永隆村,624,586,-38,-0.061
彰化縣田中鎮大社里,987,949,-38,-0.039
新竹縣新埔鎮北平里,743,705,-38,-0.051
基隆市中正區海濱里,1309,1271,-38,-0.029
南投縣草屯鎮土城里,1879,1841,-38,-0.02
高雄市旗津區旗下里,1320,1282,-38,-0.029
屏東縣長治鄉崙上村,1845,1807,-38,-0.021
基隆市安樂區樂一里,639,601,-38,-0.059
花蓮縣光復鄉大平村,1065,1027,-38,-0.036
桃園市龜山區南美里,2963,2925,-38,-0.013
高雄市旗津區實踐里,1567,1529,-38,-0.024
彰化縣芳苑鄉頂廍村,643,605,-38,-0.059
臺南市仁德區仁愛里,1422,1384,-38,-0.027
臺南市六甲區甲南里,1583,1545,-38,-0.024
嘉義縣義竹鄉新富村,578,540,-38,-0.066
高雄市苓雅區博仁里,794,756,-38,-0.048
嘉義縣太保市崙頂里,953,915,-38,-0.04
雲林縣西螺鎮下湳里,991,953,-38,-0.038
宜蘭縣五結鄉錦眾村,1609,1571,-38,-0.024
雲林縣四湖鄉羊調村,1027,989,-38,-0.037
苗栗縣後龍鎮水尾里,1180,1142,-38,-0.032
屏東縣萬巒鄉萬全村,847,809,-38,-0.045
新北市新莊區文衡里,2279,2241,-38,-0.017
桃園市八德區大成里,3986,3948,-38,-0.01
新竹市香山區中隘里,2141,2103,-38,-0.018
高雄市杉林區木梓里,751,713,-38,-0.051
屏東縣萬丹鄉興全村,1330,1292,-38,-0.029
臺南市善化區嘉南里,1262,1224,-38,-0.03
花蓮縣瑞穗鄉富民村,980,942,-38,-0.039
臺南市白河區汴頭里,818,780,-38,-0.046
嘉義縣鹿草鄉重寮村,1121,1083,-38,-0.034
嘉義縣義竹鄉東過村,925,887,-38,-0.041
新竹市北區南寮里,6813,6775,-38,-0.006
高雄市左營區城南里,564,526,-38,-0.067
屏東縣萬巒鄉硫黃村,628,590,-38,-0.061
高雄市阿蓮區阿蓮里,5819,5781,-38,-0.007
嘉義縣義竹鄉新店村,1643,1605,-38,-0.023
高雄市苓雅區美田里,1265,1227,-38,-0.03
雲林縣崙背鄉阿勸村,2393,2355,-38,-0.016
屏東縣九如鄉洽興村,1693,1655,-38,-0.022
嘉義縣義竹鄉東光村,815,777,-38,-0.047
新北市平溪區石底里,497,459,-38,-0.076
新竹縣五峰鄉竹林村,459,421,-38,-0.083
臺南市東區東門里,2112,2074,-38,-0.018
苗栗縣通霄鎮圳頭里,789,751,-38,-0.048
南投縣埔里鎮杷城里,3140,3103,-37,-0.012
雲林縣莿桐鄉埔尾村,1458,1421,-37,-0.025
屏東縣九如鄉玉泉村,1841,1804,-37,-0.02
桃園市大溪區永福里,1094,1057,-37,-0.034
彰化縣和美鎮南佃里,2604,2567,-37,-0.014
嘉義縣六腳鄉竹本村,679,642,-37,-0.054
臺中市清水區清水里,2607,2570,-37,-0.014
高雄市橋頭區橋南里,1249,1212,-37,-0.03
臺南市楠西區龜丹里,720,683,-37,-0.051
桃園市中壢區仁和里,4469,4432,-37,-0.008
嘉義縣新港鄉南港村,1180,1143,-37,-0.031
花蓮縣富里鄉萬寧村,736,699,-37,-0.05
雲林縣二崙鄉定安村,992,955,-37,-0.037
臺中市大甲區新美里,4178,4141,-37,-0.009
高雄市前金區博孝里,1124,1087,-37,-0.033
宜蘭縣冬山鄉得安村,1222,1185,-37,-0.03
臺南市左鎮區榮和里,703,666,-37,-0.053
高雄市前鎮區明道里,1196,1159,-37,-0.031
新北市瑞芳區光復里,294,257,-37,-0.126
苗栗縣苑裡鎮西勢里,2338,2301,-37,-0.016
苗栗縣泰安鄉梅園村,651,614,-37,-0.057
屏東縣鹽埔鄉彭厝村,1104,1067,-37,-0.034
臺中市潭子區新田里,1745,1708,-37,-0.021
屏東縣屏東市永城里,2228,2191,-37,-0.017
臺中市南區江川里,3185,3148,-37,-0.012
新北市中和區明穗里,4668,4631,-37,-0.008
嘉義縣布袋鎮岱江里,693,656,-37,-0.053
高雄市小港區濟南里,4770,4733,-37,-0.008
苗栗縣大湖鄉武榮村,554,517,-37,-0.067
嘉義縣竹崎鄉光華村,775,738,-37,-0.048
高雄市桃源區高中里,814,777,-37,-0.045
桃園市桃園區東山里,2249,2212,-37,-0.016
臺中市外埔區六分里,2678,2641,-37,-0.014
臺南市麻豆區東角里,3158,3121,-37,-0.012
屏東縣屏東市三山里,1520,1483,-37,-0.024
新北市雙溪區外柑里,448,411,-37,-0.083
桃園市桃園區忠義里,4341,4304,-37,-0.009
臺東縣卑南鄉泰安村,1345,1308,-37,-0.028
屏東縣內埔鄉義亭村,663,626,-37,-0.056
臺中市霧峰區南柳里,2281,2244,-37,-0.016
屏東縣牡丹鄉旭海村,435,398,-37,-0.085
臺南市龍崎區石𥕢里,473,436,-37,-0.078
臺南市北門區保吉里,1525,1488,-37,-0.024
新竹縣新埔鎮上寮里,2125,2088,-37,-0.017
新北市瑞芳區吉慶里,1899,1862,-37,-0.019
花蓮縣花蓮市主計里,998,961,-37,-0.037
雲林縣臺西鄉台西村,1410,1373,-37,-0.026
高雄市三民區港西里,864,827,-37,-0.043
桃園市中壢區仁德里,3707,3670,-37,-0.01
臺中市太平區東平里,5055,5018,-37,-0.007
彰化縣和美鎮大霞里,1733,1696,-37,-0.021
苗栗縣造橋鄉大龍村,573,536,-37,-0.065
高雄市燕巢區橫山里,2091,2054,-37,-0.018
屏東縣南州鄉米崙村,1159,1123,-36,-0.031
彰化縣鹿港鎮廖厝里,4886,4850,-36,-0.007
雲林縣水林鄉車港村,671,635,-36,-0.054
高雄市鹽埕區博愛里,713,677,-36,-0.05
嘉義縣東石鄉頂揖村,421,385,-36,-0.086
基隆市仁愛區文安里,920,884,-36,-0.039
嘉義縣太保市南新里,2158,2122,-36,-0.017
宜蘭縣冬山鄉八寶村,1008,972,-36,-0.036
彰化縣和美鎮新庄里,2743,2707,-36,-0.013
雲林縣口湖鄉下崙村,2283,2247,-36,-0.016
高雄市鼓山區自強里,771,735,-36,-0.047
彰化縣埔鹽鄉大有村,1423,1387,-36,-0.025
高雄市左營區廍北里,461,425,-36,-0.078
基隆市中正區真砂里,1477,1441,-36,-0.024
屏東縣萬丹鄉萬安村,697,661,-36,-0.052
新北市蘆洲區仁義里,5555,5519,-36,-0.006
臺東縣綠島鄉中寮村,1237,1201,-36,-0.029
彰化縣芳苑鄉永興村,1552,1516,-36,-0.023
新北市汐止區建成里,5471,5435,-36,-0.007
彰化縣彰化市安溪里,2308,2272,-36,-0.016
彰化縣線西鄉頂庄村,1476,1440,-36,-0.024
苗栗縣泰安鄉大興村,555,519,-36,-0.065
嘉義縣新港鄉潭大村,1325,1289,-36,-0.027
嘉義縣大林鎮吉林里,1103,1067,-36,-0.033
臺中市大安區東安里,1445,1409,-36,-0.025
彰化縣二水鄉合興村,771,735,-36,-0.047
新竹縣橫山鄉田寮村,965,929,-36,-0.037
彰化縣二水鄉惠民村,923,887,-36,-0.039
屏東縣車城鄉後灣村,455,419,-36,-0.079
彰化縣社頭鄉社頭村,3296,3260,-36,-0.011
臺南市左鎮區光和里,419,383,-36,-0.086
彰化縣溪湖鎮湳底里,813,777,-36,-0.044
新北市蘆洲區恆德里,6424,6388,-36,-0.006
苗栗縣大湖鄉東興村,860,824,-36,-0.042
雲林縣斗六市榴北里,1280,1244,-36,-0.028
宜蘭縣礁溪鄉玉石村,2239,2203,-36,-0.016
南投縣水里鄉頂崁村,1393,1357,-36,-0.026
嘉義縣中埔鄉塩舘村,1089,1053,-36,-0.033
南投縣埔里鎮向善里,756,720,-36,-0.048
南投縣信義鄉東埔村,1268,1232,-36,-0.028
南投縣名間鄉萬丹村,1042,1006,-36,-0.035
南投縣埔里鎮桃米里,1141,1105,-36,-0.032
南投縣信義鄉愛國村,575,539,-36,-0.063
南投縣竹山鎮下坪里,1402,1366,-36,-0.026
南投縣竹山鎮中正里,699,663,-36,-0.052
高雄市內門區中埔里,622,586,-36,-0.058
宜蘭縣蘇澳鎮東澳里,386,350,-36,-0.093
南投縣水里鄉郡坑村,377,341,-36,-0.095
雲林縣虎尾鎮新興里,1956,1920,-36,-0.018
高雄市甲仙區小林里,616,580,-36,-0.058
桃園市新屋區深圳里,748,712,-36,-0.048
南投縣埔里鎮大城里,6630,6594,-36,-0.005
雲林縣大埤鄉怡然村,866,830,-36,-0.042
嘉義縣竹崎鄉義仁村,1174,1138,-36,-0.031
花蓮縣新城鄉大漢村,3005,2969,-36,-0.012
南投縣中寮鄉和興村,723,687,-36,-0.05
宜蘭縣礁溪鄉大義村,745,709,-36,-0.048
桃園市八德區大慶里,1694,1658,-36,-0.021
高雄市路竹區下坑里,3070,3034,-36,-0.012
雲林縣西螺鎮福興里,673,637,-36,-0.053
宜蘭縣頭城鎮中崙里,1199,1164,-35,-0.029
新北市板橋區歡園里,1293,1258,-35,-0.027
高雄市前金區新生里,4089,4054,-35,-0.009
雲林縣元長鄉西莊村,954,919,-35,-0.037
高雄市三民區精華里,1665,1630,-35,-0.021
高雄市前金區東金里,1088,1053,-35,-0.032
彰化縣彰化市快官里,1291,1256,-35,-0.027
新北市新店區新德里,2790,2755,-35,-0.013
屏東縣枋寮鄉新龍村,1025,990,-35,-0.034
宜蘭縣頭城鎮下埔里,1064,1029,-35,-0.033
臺中市大甲區福德里,1317,1282,-35,-0.027
彰化縣埤頭鄉新庄村,1182,1147,-35,-0.03
宜蘭縣蘇澳鎮永春里,660,625,-35,-0.053
新北市蘆洲區忠義里,3430,3395,-35,-0.01
雲林縣斗南鎮石龜里,876,841,-35,-0.04
新竹縣關西鎮上林里,927,892,-35,-0.038
宜蘭縣頭城鎮外澳里,1007,972,-35,-0.035
臺南市南化區玉山里,1179,1144,-35,-0.03
南投縣南投市福興里,3487,3452,-35,-0.01
彰化縣二水鄉五伯村,730,695,-35,-0.048
花蓮縣新城鄉嘉里村,4517,4482,-35,-0.008
金門縣烈嶼鄉上林村,1573,1538,-35,-0.022
新北市中和區明德里,4113,4078,-35,-0.009
花蓮縣壽豐鄉光榮村,915,880,-35,-0.038
臺南市麻豆區港尾里,1401,1366,-35,-0.025
南投縣魚池鄉頭社村,1013,978,-35,-0.035
雲林縣西螺鎮七座里,1036,1001,-35,-0.034
嘉義縣大林鎮湖北里,695,660,-35,-0.05
苗栗縣西湖鄉四湖村,715,680,-35,-0.049
臺南市西港區營西里,1677,1642,-35,-0.021
苗栗縣三灣鄉內灣村,711,676,-35,-0.049
嘉義縣東石鄉東崙村,755,720,-35,-0.046
苗栗縣三灣鄉永和村,421,386,-35,-0.083
臺南市白河區外角里,1602,1567,-35,-0.022
新北市板橋區西安里,2878,2843,-35,-0.012
南投縣竹山鎮瑞竹里,637,602,-35,-0.055
彰化縣埔心鄉瓦北村,2029,1994,-35,-0.017
嘉義縣溪口鄉溪西村,758,723,-35,-0.046
桃園市觀音區富林里,2386,2351,-35,-0.015
基隆市安樂區西川里,1352,1317,-35,-0.026
花蓮縣富里鄉永豐村,514,479,-35,-0.068
屏東縣萬巒鄉新置村,1345,1310,-35,-0.026
臺北市內湖區內湖里,6261,6226,-35,-0.006
高雄市左營區祥和里,390,355,-35,-0.09
新北市三芝區福德里,890,855,-35,-0.039
臺中市石岡區龍興里,752,717,-35,-0.047
雲林縣古坑鄉華山村,811,776,-35,-0.043
臺中市新社區中和里,660,625,-35,-0.053
新北市永和區頂溪里,2540,2505,-35,-0.014
雲林縣北港鎮水埔里,544,509,-35,-0.064
臺東縣臺東市新生里,7535,7500,-35,-0.005
高雄市前鎮區興仁里,782,747,-35,-0.045
宜蘭縣大同鄉四季村,1032,997,-35,-0.034
連江縣莒光鄉福正村,277,242,-35,-0.126
嘉義縣中埔鄉社口村,2446,2411,-35,-0.014
新北市三重區三安里,2752,2717,-35,-0.013
桃園市大溪區瑞興里,3213,3178,-35,-0.011
高雄市苓雅區尚義里,1977,1942,-35,-0.018
彰化縣大城鄉頂庄村,745,710,-35,-0.047
宜蘭縣三星鄉萬德村,685,650,-35,-0.051
嘉義市東區安寮里,3191,3156,-35,-0.011
宜蘭縣三星鄉天山村,582,547,-35,-0.06
宜蘭縣三星鄉雙賢村,650,615,-35,-0.054
宜蘭縣壯圍鄉新南村,1074,1039,-35,-0.033
南投縣埔里鎮北門里,2887,2852,-35,-0.012
臺東縣延平鄉鸞山村,724,689,-35,-0.048
嘉義縣新港鄉板頭村,636,602,-34,-0.053
苗栗縣苑裡鎮石鎮里,618,584,-34,-0.055
苗栗縣頭份市濫坑里,2554,2520,-34,-0.013
桃園市新屋區望間里,1597,1563,-34,-0.021
臺北市大安區錦安里,6440,6406,-34,-0.005
高雄市岡山區石潭里,2189,2155,-34,-0.016
彰化縣彰化市中央里,848,814,-34,-0.04
彰化縣田中鎮中潭里,2046,2012,-34,-0.017
高雄市苓雅區和煦里,2321,2287,-34,-0.015
臺中市豐原區豐圳里,3915,3881,-34,-0.009
彰化縣永靖鄉永東村,962,928,-34,-0.035
新北市瑞芳區鼻頭里,943,909,-34,-0.036
臺北市文山區政大里,8089,8055,-34,-0.004
屏東縣崁頂鄉圍內村,1597,1563,-34,-0.021
屏東縣高樹鄉東振村,654,620,-34,-0.052
雲林縣北港鎮大北里,626,592,-34,-0.054
屏東縣恆春鎮茄湖里,610,576,-34,-0.056
臺東縣東河鄉興昌村,1019,985,-34,-0.033
南投縣集集鎮林尾里,633,599,-34,-0.054
嘉義縣新港鄉中庄村,1803,1769,-34,-0.019
臺中市新社區慶西里,992,958,-34,-0.034
彰化縣社頭鄉新厝村,1627,1593,-34,-0.021
臺東縣海端鄉廣原村,975,941,-34,-0.035
新北市永和區協和里,3032,2998,-34,-0.011
新竹縣寶山鄉深井村,936,902,-34,-0.036
雲林縣林內鄉林茂村,942,908,-34,-0.036
彰化縣永靖鄉同安村,773,739,-34,-0.044
臺北市北投區永欣里,8453,8419,-34,-0.004
臺中市后里區公館里,2554,2520,-34,-0.013
臺南市左鎮區草山里,334,300,-34,-0.102
臺南市北門區永隆里,954,920,-34,-0.036
基隆市安樂區安和里,966,932,-34,-0.035
雲林縣林內鄉重興村,2109,2075,-34,-0.016
高雄市鳳山區成功里,705,671,-34,-0.048
基隆市仁愛區福仁里,804,770,-34,-0.042
高雄市左營區尾南里,812,778,-34,-0.042
雲林縣四湖鄉廣溝村,772,738,-34,-0.044
新竹縣新豐鄉後湖村,2057,2023,-34,-0.017
苗栗縣通霄鎮城北里,756,722,-34,-0.045
彰化縣員林市仁愛里,1795,1761,-34,-0.019
彰化縣溪湖鎮平和里,762,728,-34,-0.045
嘉義縣民雄鄉福權村,1861,1827,-34,-0.018
新北市樹林區太順里,2897,2863,-34,-0.012
屏東縣屏東市一心里,1412,1378,-34,-0.024
宜蘭縣頭城鎮福成里,1101,1067,-34,-0.031
臺南市佳里區忠仁里,3357,3323,-34,-0.01
嘉義縣番路鄉新福村,1494,1460,-34,-0.023
高雄市大寮區大寮里,7886,7852,-34,-0.004
屏東縣長治鄉復興村,1637,1603,-34,-0.021
彰化縣花壇鄉南口村,2175,2141,-34,-0.016
嘉義縣義竹鄉北華村,668,634,-34,-0.051
苗栗縣通霄鎮白東里,1630,1596,-34,-0.021
南投縣國姓鄉長福村,794,760,-34,-0.043
臺南市官田區官田里,2322,2288,-34,-0.015
苗栗縣通霄鎮南和里,867,833,-34,-0.039
彰化縣大城鄉大城村,1115,1081,-34,-0.03
臺中市清水區菁埔里,2678,2644,-34,-0.013
花蓮縣萬榮鄉明利村,815,781,-34,-0.042
新北市汐止區義民里,1414,1380,-34,-0.024
桃園市平鎮區山峰里,2771,2737,-34,-0.012
新北市三芝區興華里,1308,1274,-34,-0.026
屏東縣屏東市武廟里,330,296,-34,-0.103
嘉義縣大林鎮西結里,795,762,-33,-0.042
嘉義市西區培元里,1967,1934,-33,-0.017
彰化縣彰化市竹中里,1966,1933,-33,-0.017
雲林縣元長鄉新吉村,796,763,-33,-0.041
臺南市下營區營前里,2393,2360,-33,-0.014
屏東縣萬丹鄉社上村,1890,1857,-33,-0.017
南投縣中寮鄉內城村,513,480,-33,-0.064
臺中市東區十甲里,5583,5550,-33,-0.006
新北市鶯歌區北鶯里,4562,4529,-33,-0.007
新北市三芝區店子里,656,623,-33,-0.05
彰化縣社頭鄉張厝村,1457,1424,-33,-0.023
嘉義縣布袋鎮岑海里,2471,2438,-33,-0.013
屏東縣高樹鄉廣福村,1173,1140,-33,-0.028
嘉義縣新港鄉西庄村,1101,1068,-33,-0.03
臺南市七股區篤加里,983,950,-33,-0.034
新北市新店區雙坑里,855,822,-33,-0.039
雲林縣北港鎮賜福里,391,358,-33,-0.084
臺中市和平區南勢里,2164,2131,-33,-0.015
高雄市杉林區月眉里,1772,1739,-33,-0.019
高雄市杉林區大愛里,2368,2335,-33,-0.014
屏東縣南州鄉南安村,596,563,-33,-0.055
彰化縣埔鹽鄉埔南村,1849,1816,-33,-0.018
花蓮縣新城鄉佳林村,1158,1125,-33,-0.028
臺南市七股區義合里,2090,2057,-33,-0.016
花蓮縣光復鄉大同村,1195,1162,-33,-0.028
桃園市新屋區石牌里,1062,1029,-33,-0.031
高雄市大社區保安里,3625,3592,-33,-0.009
臺中市太平區坪林里,3828,3795,-33,-0.009
新北市金山區永興里,643,610,-33,-0.051
新北市淡水區清文里,1224,1191,-33,-0.027
基隆市仁愛區同風里,598,565,-33,-0.055
屏東縣高樹鄉長榮村,1415,1382,-33,-0.023
南投縣南投市光輝里,662,629,-33,-0.05
臺中市南屯區同心里,6372,6339,-33,-0.005
臺南市七股區玉成里,957,924,-33,-0.034
南投縣中寮鄉崁頂村,521,488,-33,-0.063
臺南市永康區埔園里,9134,9101,-33,-0.004
嘉義縣溪口鄉妙崙村,787,754,-33,-0.042
新北市金山區大同里,803,770,-33,-0.041
屏東縣南州鄉同安村,1105,1072,-33,-0.03
臺南市白河區六溪里,562,529,-33,-0.059
花蓮縣萬榮鄉西林村,1314,1281,-33,-0.025
雲林縣北港鎮南安里,1042,1009,-33,-0.032
臺中市大肚區成功里,1133,1100,-33,-0.029
臺中市清水區東山里,1418,1385,-33,-0.023
新北市三重區光榮里,1481,1448,-33,-0.022
高雄市前金區三川里,753,720,-33,-0.044
臺中市西區民生里,2623,2590,-33,-0.013
基隆市七堵區瑪西里,381,348,-33,-0.087
臺中市清水區中興里,506,473,-33,-0.065
南投縣仁愛鄉力行村,648,615,-33,-0.051
彰化縣二水鄉十五村,767,734,-33,-0.043
嘉義市東區頂寮里,2990,2957,-33,-0.011
新竹縣關西鎮南雄里,805,772,-33,-0.041
雲林縣古坑鄉草嶺村,629,596,-33,-0.052
高雄市岡山區華崗里,1830,1797,-33,-0.018
南投縣仁愛鄉親愛村,1459,1426,-33,-0.023
嘉義縣竹崎鄉文峯村,727,694,-33,-0.045
宜蘭縣礁溪鄉龍潭村,3820,3787,-33,-0.009
澎湖縣湖西鄉鼎灣村,716,683,-33,-0.046
高雄市新興區中東里,3218,3185,-33,-0.01
新竹縣竹北市新港里,1428,1395,-33,-0.023
臺中市大甲區南陽里,965,932,-33,-0.034
嘉義縣水上鄉義興村,905,872,-33,-0.036
雲林縣斗六市重光里,2693,2660,-33,-0.012
彰化縣鹿港鎮泰興里,1509,1476,-33,-0.022
新竹市香山區浸水里,2900,2867,-33,-0.011
嘉義縣六腳鄉魚寮村,672,639,-33,-0.049
新竹縣尖石鄉義興村,715,683,-32,-0.045
臺南市東山區林安里,410,378,-32,-0.078
屏東縣瑪家鄉瑪家村,543,511,-32,-0.059
花蓮縣新城鄉嘉新村,1494,1462,-32,-0.021
雲林縣古坑鄉樟湖村,492,460,-32,-0.065
澎湖縣馬公市案山里,2066,2034,-32,-0.015
臺中市東勢區上城里,1121,1089,-32,-0.029
高雄市田寮區七星里,651,619,-32,-0.049
新竹縣五峰鄉花園村,859,827,-32,-0.037
嘉義縣大林鎮義和里,760,728,-32,-0.042
南投縣名間鄉竹圍村,1039,1007,-32,-0.031
南投縣鹿谷鄉廣興村,2137,2105,-32,-0.015
雲林縣水林鄉土厝村,1335,1303,-32,-0.024
基隆市安樂區新西里,1524,1492,-32,-0.021
屏東縣高樹鄉東興村,822,790,-32,-0.039
新北市淡水區新生里,462,430,-32,-0.069
彰化縣福興鄉福南村,3052,3020,-32,-0.01
花蓮縣吉安鄉仁安村,2637,2605,-32,-0.012
新竹縣竹東鎮上坪里,362,330,-32,-0.088
高雄市永安區保寧里,2960,2928,-32,-0.011
桃園市觀音區三和里,1001,969,-32,-0.032
桃園市觀音區大同里,3868,3836,-32,-0.008
彰化縣竹塘鄉溪墘村,561,529,-32,-0.057
高雄市內門區內東里,884,852,-32,-0.036
屏東縣屏東市湖南里,1230,1198,-32,-0.026
屏東縣林邊鄉仁和村,1844,1812,-32,-0.017
宜蘭縣宜蘭市東門里,1093,1061,-32,-0.029
彰化縣埔心鄉埔心村,1486,1454,-32,-0.022
屏東縣九如鄉九明村,1993,1961,-32,-0.016
新北市樹林區圳福里,4642,4610,-32,-0.007
宜蘭縣蘇澳鎮蘇南里,494,462,-32,-0.065
嘉義縣義竹鄉平溪村,495,463,-32,-0.065
屏東縣竹田鄉六巷村,889,857,-32,-0.036
屏東縣屏東市大同里,650,618,-32,-0.049
新北市石碇區隆盛里,770,738,-32,-0.042
新北市淡水區坪頂里,1396,1364,-32,-0.023
新北市板橋區大觀里,3844,3812,-32,-0.008
高雄市大寮區義仁里,2036,2004,-32,-0.016
新竹市北區石坊里,606,574,-32,-0.053
南投縣水里鄉新興村,730,698,-32,-0.044
臺南市新營區護鎮里,1571,1539,-32,-0.02
新竹市北區舊港里,677,645,-32,-0.047
南投縣集集鎮永昌里,1076,1044,-32,-0.03
高雄市大社區觀音里,6256,6224,-32,-0.005
彰化縣和美鎮四張里,3366,3334,-32,-0.01
臺南市龍崎區土崎里,678,646,-32,-0.047
新北市淡水區中興里,4165,4133,-32,-0.008
南投縣埔里鎮房里里,1599,1567,-32,-0.02
新竹縣峨眉鄉峨眉村,973,941,-32,-0.033
屏東縣東港鎮興台里,599,567,-32,-0.053
臺南市將軍區廣山里,691,659,-32,-0.046
嘉義縣新港鄉埤子村,640,608,-32,-0.05
屏東縣牡丹鄉石門村,1931,1899,-32,-0.017
新竹縣寶山鄉山湖村,620,588,-32,-0.052
新北市淡水區興仁里,1673,1641,-32,-0.019
花蓮縣壽豐鄉平和村,1585,1553,-32,-0.02
臺南市鹽水區三和里,996,964,-32,-0.032
嘉義縣朴子市德興里,1212,1181,-31,-0.026
彰化縣福興鄉元中村,1463,1432,-31,-0.021
基隆市中山區和平里,503,472,-31,-0.062
臺南市麻豆區巷口里,2510,2479,-31,-0.012
基隆市中正區長潭里,512,481,-31,-0.061
新竹市東區南門里,786,755,-31,-0.039
南投縣魚池鄉東光村,1426,1395,-31,-0.022
彰化縣秀水鄉馬興村,2635,2604,-31,-0.012
新北市石碇區石碇里,438,407,-31,-0.071
臺南市善化區什乃里,1470,1439,-31,-0.021
嘉義縣六腳鄉崩山村,693,662,-31,-0.045
花蓮縣光復鄉大華村,1439,1408,-31,-0.022
彰化縣鹿港鎮郭厝里,637,606,-31,-0.049
臺南市新營區土庫里,1646,1615,-31,-0.019
嘉義縣六腳鄉塗師村,705,674,-31,-0.044
苗栗縣西湖鄉高埔村,670,639,-31,-0.046
臺東縣達仁鄉土坂村,1016,985,-31,-0.031
新北市中和區景福里,5819,5788,-31,-0.005
臺中市大甲區薰風里,1038,1007,-31,-0.03
南投縣埔里鎮一新里,1060,1029,-31,-0.029
高雄市茄萣區嘉福里,1108,1077,-31,-0.028
彰化縣田尾鄉睦宜村,1265,1234,-31,-0.025
高雄市左營區中南里,563,532,-31,-0.055
高雄市林園區西汕里,841,810,-31,-0.037
屏東縣竹田鄉福田村,546,515,-31,-0.057
高雄市鳥松區大竹里,788,757,-31,-0.039
臺東縣東河鄉都蘭村,2377,2346,-31,-0.013
南投縣名間鄉濁水村,1811,1780,-31,-0.017
高雄市三民區港新里,1606,1575,-31,-0.019
桃園市桃園區長美里,1189,1158,-31,-0.026
新北市五股區陸一里,2611,2580,-31,-0.012
苗栗縣公館鄉開礦村,323,292,-31,-0.096
高雄市鼓山區登山里,664,633,-31,-0.047
臺南市官田區隆田里,2288,2257,-31,-0.014
新竹縣芎林鄉永興村,490,459,-31,-0.063
雲林縣古坑鄉湳仔村,777,746,-31,-0.04
嘉義縣鹿草鄉下麻村,671,640,-31,-0.046
南投縣埔里鎮麒麟里,1183,1152,-31,-0.026
新北市平溪區薯榔里,416,385,-31,-0.075
新北市瑞芳區基山里,478,447,-31,-0.065
新竹縣新豐鄉坡頭村,988,957,-31,-0.031
宜蘭縣羅東鎮南昌里,2806,2775,-31,-0.011
花蓮縣壽豐鄉壽豐村,1904,1873,-31,-0.016
高雄市左營區頂北里,592,561,-31,-0.052
新竹縣竹東鎮瑞峰里,445,414,-31,-0.07
臺東縣卑南鄉富源村,374,343,-31,-0.083
嘉義縣新港鄉宮前村,2672,2641,-31,-0.012
新北市新店區忠誠里,2525,2494,-31,-0.012
臺南市北門區雙春里,507,476,-31,-0.061
彰化縣鹿港鎮長興里,358,327,-31,-0.087
基隆市仁愛區書院里,1206,1175,-31,-0.026
臺南市大內區二溪里,916,885,-31,-0.034
雲林縣大埤鄉豐田村,1843,1812,-31,-0.017
桃園市復興區長興里,818,787,-31,-0.038
花蓮縣光復鄉大全村,865,835,-30,-0.035
臺南市仁德區土庫里,3228,3198,-30,-0.009
雲林縣斗南鎮北銘里,1768,1738,-30,-0.017
新竹縣芎林鄉芎林村,1838,1808,-30,-0.016
屏東縣東港鎮鎮海里,3435,3405,-30,-0.009
彰化縣和美鎮中寮里,1328,1298,-30,-0.023
彰化縣田尾鄉南鎮村,743,713,-30,-0.04
嘉義縣阿里山鄉樂野村,1186,1156,-30,-0.025
彰化縣埔心鄉經口村,2703,2673,-30,-0.011
新北市瑞芳區弓橋里,304,274,-30,-0.099
彰化縣和美鎮頭前里,2041,2011,-30,-0.015
桃園市楊梅區豐野里,4596,4566,-30,-0.007
臺中市和平區達觀里,1341,1311,-30,-0.022
雲林縣褒忠鄉中民村,2187,2157,-30,-0.014
彰化縣芬園鄉進芬村,1158,1128,-30,-0.026
南投縣國姓鄉大石村,789,759,-30,-0.038
彰化縣社頭鄉埤斗村,1128,1098,-30,-0.027
高雄市新興區南港里,2145,2115,-30,-0.014
花蓮縣吉安鄉南華村,1751,1721,-30,-0.017
桃園市八德區大強里,3703,3673,-30,-0.008
彰化縣二水鄉聖化村,522,492,-30,-0.057
臺東縣臺東市中華里,1896,1866,-30,-0.016
臺中市北屯區平心里,5748,5718,-30,-0.005
彰化縣和美鎮柑井里,4305,4275,-30,-0.007
苗栗縣後龍鎮豐富里,1438,1408,-30,-0.021
屏東縣萬丹鄉磚寮村,1089,1059,-30,-0.028
新竹縣新豐鄉鳳坑村,1240,1210,-30,-0.024
高雄市苓雅區奏捷里,1801,1771,-30,-0.017
基隆市中山區仙洞里,665,635,-30,-0.045
臺東縣關山鎮新福里,1045,1015,-30,-0.029
高雄市前鎮區振興里,2531,2501,-30,-0.012
苗栗縣獅潭鄉和興村,628,598,-30,-0.048
彰化縣芬園鄉中崙村,996,966,-30,-0.03
嘉義縣水上鄉粗溪村,1791,1761,-30,-0.017
嘉義縣鹿草鄉下潭村,899,869,-30,-0.033
宜蘭縣頭城鎮大坑里,1561,1531,-30,-0.019
嘉義縣番路鄉觸口村,1454,1424,-30,-0.021
高雄市甲仙區寶隆里,723,693,-30,-0.041
嘉義縣布袋鎮江山里,315,285,-30,-0.095
屏東縣枋寮鄉枋寮村,1370,1340,-30,-0.022
屏東縣萬丹鄉萬惠村,1009,979,-30,-0.03
嘉義縣竹崎鄉中和村,904,874,-30,-0.033
嘉義縣六腳鄉蒜南村,952,922,-30,-0.032
臺東縣臺東市復興里,474,444,-30,-0.063
臺東縣海端鄉海端村,1216,1186,-30,-0.025
彰化縣埤頭鄉元埔村,663,633,-30,-0.045
彰化縣彰化市光華里,833,803,-30,-0.036
新北市平溪區南山里,378,348,-30,-0.079
桃園市觀音區新興里,807,777,-30,-0.037
高雄市內門區內門里,1110,1080,-30,-0.027
新北市汐止區保安里,1714,1684,-30,-0.018
嘉義縣六腳鄉古林村,727,697,-30,-0.041
彰化縣埔鹽鄉新水村,1777,1747,-30,-0.017
屏東縣林邊鄉田厝村,1090,1060,-30,-0.028
彰化縣埔鹽鄉三省村,1541,1511,-30,-0.019
雲林縣北港鎮共榮里,444,414,-30,-0.068
高雄市內門區東埔里,541,511,-30,-0.055
宜蘭縣冬山鄉珍珠村,1917,1887,-30,-0.016
彰化縣埔鹽鄉角樹村,768,738,-30,-0.039
新北市三峽區成福里,1013,983,-30,-0.03
臺中市豐原區圳寮里,1454,1424,-30,-0.021
高雄市大寮區溪寮里,1768,1738,-30,-0.017
宜蘭縣礁溪鄉白鵝村,962,932,-30,-0.031
嘉義縣義竹鄉東榮村,416,386,-30,-0.072
彰化縣永靖鄉敦厚村,837,807,-30,-0.036
桃園市觀音區觀音里,3301,3271,-30,-0.009
新竹縣新埔鎮五埔里,2346,2316,-30,-0.013
桃園市大園區和平里,1891,1861,-30,-0.016
高雄市左營區廍南里,655,625,-30,-0.046
新北市三芝區橫山里,544,514,-30,-0.055
高雄市阿蓮區石安里,1479,1449,-30,-0.02
彰化縣埔鹽鄉豐澤村,1513,1483,-30,-0.02
苗栗縣公館鄉福德村,383,354,-29,-0.076
高雄市新興區建興里,1030,1001,-29,-0.028
高雄市新興區明莊里,784,755,-29,-0.037
高雄市林園區東汕里,992,963,-29,-0.029
彰化縣北斗鎮中和里,1553,1524,-29,-0.019
臺南市東山區水雲里,419,390,-29,-0.069
新北市石碇區光明里,304,275,-29,-0.095
屏東縣屏東市泰安里,524,495,-29,-0.055
高雄市新興區長驛里,1056,1027,-29,-0.027
新北市平溪區白石里,273,244,-29,-0.106
彰化縣花壇鄉岩竹村,1543,1514,-29,-0.019
臺南市東山區青山里,1203,1174,-29,-0.024
雲林縣斗六市三光里,624,595,-29,-0.046
屏東縣九如鄉大坵村,1346,1317,-29,-0.022
雲林縣四湖鄉飛東村,594,565,-29,-0.049
新北市瑞芳區崇文里,337,308,-29,-0.086
高雄市鹽埕區新豐里,939,910,-29,-0.031
桃園市楊梅區楊江里,1282,1253,-29,-0.023
新竹縣竹東鎮竹東里,1561,1532,-29,-0.019
新北市永和區大新里,2685,2656,-29,-0.011
高雄市鼓山區龍井里,1361,1332,-29,-0.021
屏東縣崁頂鄉園寮村,2607,2578,-29,-0.011
高雄市三民區立德里,1296,1267,-29,-0.022
高雄市三民區川東里,1360,1331,-29,-0.021
臺東縣金峰鄉嘉蘭村,1556,1527,-29,-0.019
高雄市前鎮區鎮北里,1198,1169,-29,-0.024
南投縣名間鄉新民村,1115,1086,-29,-0.026
嘉義市東區長竹里,3456,3427,-29,-0.008
新北市淡水區民生里,7357,7328,-29,-0.004
彰化縣社頭鄉廣福村,1096,1067,-29,-0.026
臺東縣太麻里鄉美和村,1489,1460,-29,-0.019
新北市瑞芳區碩仁里,164,135,-29,-0.177
新北市蘆洲區延平里,4343,4314,-29,-0.007
宜蘭縣三星鄉月眉村,1015,986,-29,-0.029
宜蘭縣蘇澳鎮永樂里,518,489,-29,-0.056
臺北市大安區錦華里,6229,6200,-29,-0.005
嘉義縣新港鄉共和村,966,937,-29,-0.03
臺中市和平區博愛里,1931,1902,-29,-0.015
宜蘭縣冬山鄉中山村,542,513,-29,-0.054
高雄市田寮區田寮里,403,374,-29,-0.072
高雄市鳳山區武慶里,2733,2704,-29,-0.011
屏東縣屏東市崇禮里,344,315,-29,-0.084
新北市樹林區大同里,3737,3708,-29,-0.008
花蓮縣瑞穗鄉瑞北村,690,661,-29,-0.042
新北市金山區萬壽里,530,501,-29,-0.055
花蓮縣光復鄉大馬村,1151,1122,-29,-0.025
彰化縣彰化市新華里,2167,2138,-29,-0.013
新竹縣關西鎮新力里,598,569,-29,-0.048
臺中市沙鹿區美仁里,648,619,-29,-0.045
新北市石門區乾華里,351,322,-29,-0.083
屏東縣屏東市金泉里,735,706,-29,-0.039
新北市烏來區福山里,829,800,-29,-0.035
臺東縣臺東市中山里,997,968,-29,-0.029
屏東縣恆春鎮城西里,1364,1335,-29,-0.021
彰化縣秀水鄉曾厝村,2002,1973,-29,-0.014
臺南市安平區王城里,3220,3191,-29,-0.009
南投縣仁愛鄉精英村,857,828,-29,-0.034
嘉義縣水上鄉南和村,1511,1483,-28,-0.019
新北市土城區學成里,3401,3373,-28,-0.008
雲林縣虎尾鎮中山里,1099,1071,-28,-0.025
雲林縣西螺鎮中和里,682,654,-28,-0.041
雲林縣斗六市太平里,973,945,-28,-0.029
桃園市龍潭區三水里,762,734,-28,-0.037
彰化縣彰化市三村里,1384,1356,-28,-0.02
屏東縣瑪家鄉凉山村,1270,1242,-28,-0.022
彰化縣和美鎮湖內里,1367,1339,-28,-0.02
彰化縣彰化市光南里,1720,1692,-28,-0.016
高雄市田寮區崇德里,1044,1016,-28,-0.027
新北市瑞芳區新山里,388,360,-28,-0.072
臺南市佳里區鎮山里,6535,6507,-28,-0.004
花蓮縣瑞穗鄉瑞美村,2113,2085,-28,-0.013
新北市蘆洲區水湳里,10926,10898,-28,-0.003
嘉義縣東石鄉港口村,326,298,-28,-0.086
雲林縣虎尾鎮建國里,635,607,-28,-0.044
雲林縣西螺鎮大園里,2083,2055,-28,-0.013
嘉義縣大林鎮上林里,886,858,-28,-0.032
臺南市七股區中寮里,758,730,-28,-0.037
臺南市安南區安和里,2477,2449,-28,-0.011
南投縣名間鄉田仔村,1430,1402,-28,-0.02
苗栗縣苑裡鎮新復里,1537,1509,-28,-0.018
新北市三峽區金圳里,564,536,-28,-0.05
桃園市中壢區福德里,3415,3387,-28,-0.008
嘉義縣水上鄉三和村,2039,2011,-28,-0.014
南投縣草屯鎮和平里,1323,1295,-28,-0.021
新北市金山區西湖里,210,182,-28,-0.133
雲林縣大埤鄉西鎮村,797,769,-28,-0.035
桃園市新屋區後庄里,1245,1217,-28,-0.022
宜蘭縣蘇澳鎮南強里,820,792,-28,-0.034
高雄市苓雅區林安里,1925,1897,-28,-0.015
臺南市南區南華里,2776,2748,-28,-0.01
彰化縣埔心鄉舊舘村,1814,1786,-28,-0.015
雲林縣北港鎮府番里,911,883,-28,-0.031
臺中市神岡區北庄里,3082,3054,-28,-0.009
彰化縣田尾鄉新生村,1618,1590,-28,-0.017
苗栗縣銅鑼鄉盛隆村,477,449,-28,-0.059
南投縣竹山鎮大鞍里,487,459,-28,-0.057
臺南市柳營區八翁里,1578,1550,-28,-0.018
屏東縣枋寮鄉大庄村,705,677,-28,-0.04
南投縣南投市漳和里,8255,8227,-28,-0.003
屏東縣萬丹鄉厦南村,1656,1628,-28,-0.017
臺中市北屯區仁愛里,1204,1176,-28,-0.023
新北市中和區民生里,4230,4202,-28,-0.007
嘉義縣朴子市德家里,865,837,-28,-0.032
屏東縣萬丹鄉新庄村,2430,2402,-28,-0.012
宜蘭縣壯圍鄉永鎮村,885,857,-28,-0.032
雲林縣大埤鄉北鎮村,784,757,-27,-0.034
高雄市內門區瑞山里,367,340,-27,-0.074
臺南市左鎮區睦光里,391,364,-27,-0.069
嘉義縣朴子市新庄里,807,780,-27,-0.033
臺東縣池上鄉錦園村,390,363,-27,-0.069
新竹縣新埔鎮鹿鳴里,824,797,-27,-0.033
臺南市南化區中坑里,460,433,-27,-0.059
彰化縣埔鹽鄉石埤村,1653,1626,-27,-0.016
新北市三重區三民里,3538,3511,-27,-0.008
臺南市安南區城中里,1269,1242,-27,-0.021
新北市新莊區祥鳳里,2603,2576,-27,-0.01
高雄市苓雅區光華里,774,747,-27,-0.035
高雄市甲仙區西安里,990,963,-27,-0.027
高雄市岡山區程香里,4865,4838,-27,-0.006
嘉義縣梅山鄉太興村,471,444,-27,-0.057
臺東縣成功鎮和平里,820,793,-27,-0.033
苗栗縣苗栗市大同里,585,558,-27,-0.046
臺中市南區德義里,3243,3216,-27,-0.008
彰化縣二水鄉裕民村,1160,1133,-27,-0.023
宜蘭縣宜蘭市梅洲里,3670,3643,-27,-0.007
屏東縣枋寮鄉玉泉村,508,481,-27,-0.053
彰化縣二水鄉大園村,920,893,-27,-0.029
新竹縣橫山鄉南昌村,212,185,-27,-0.127
雲林縣二崙鄉庄西村,1051,1024,-27,-0.026
花蓮縣玉里鎮春日里,998,971,-27,-0.027
南投縣名間鄉松山村,1753,1726,-27,-0.015
雲林縣口湖鄉過港村,675,648,-27,-0.04
花蓮縣玉里鎮樂合里,1102,1075,-27,-0.025
高雄市桃源區建山里,766,739,-27,-0.035
新北市瑞芳區猴硐里,505,478,-27,-0.053
新北市永和區永成里,1000,973,-27,-0.027
雲林縣大埤鄉北和村,841,814,-27,-0.032
嘉義縣太保市港尾里,623,596,-27,-0.043
高雄市路竹區竹滬里,3896,3869,-27,-0.007
屏東縣竹田鄉竹南村,968,941,-27,-0.028
桃園市新屋區新生里,4996,4969,-27,-0.005
花蓮縣花蓮市主學里,2383,2356,-27,-0.011
彰化縣伸港鄉汴頭村,2714,2687,-27,-0.01
嘉義縣義竹鄉中平村,459,432,-27,-0.059
彰化縣和美鎮塗厝里,2050,2023,-27,-0.013
新竹市北區古賢里,1020,993,-27,-0.026
屏東縣萬丹鄉竹林村,1926,1899,-27,-0.014
高雄市苓雅區苓雅里,1562,1535,-27,-0.017
南投縣埔里鎮愛蘭里,1705,1678,-27,-0.016
臺南市西港區永樂里,1524,1497,-27,-0.018
嘉義市西區致遠里,2143,2116,-27,-0.013
臺南市山上區山上里,1125,1098,-27,-0.024
高雄市阿蓮區峯山里,1426,1399,-27,-0.019
雲林縣西螺鎮永安里,394,367,-27,-0.069
嘉義縣番路鄉公興村,551,524,-27,-0.049
新北市新莊區民全里,3911,3884,-27,-0.007
嘉義縣六腳鄉更寮村,635,608,-27,-0.043
嘉義縣梅山鄉瑞峯村,829,802,-27,-0.033
嘉義縣梅山鄉瑞里村,702,675,-27,-0.038
臺南市楠西區密枝里,755,728,-27,-0.036
基隆市中正區港通里,1341,1314,-27,-0.02
彰化縣福興鄉三和村,1243,1216,-27,-0.022
臺中市清水區南寧里,2271,2244,-27,-0.012
屏東縣竹田鄉南勢村,521,494,-27,-0.052
南投縣竹山鎮延和里,5932,5906,-26,-0.004
雲林縣元長鄉卓運村,397,371,-26,-0.065
臺中市大雅區西寶里,5880,5854,-26,-0.004
彰化縣竹塘鄉民靖村,876,850,-26,-0.03
花蓮縣鳳林鎮鳳智里,1324,1298,-26,-0.02
新北市瑞芳區深澳里,1453,1427,-26,-0.018
新北市瑞芳區南雅里,292,266,-26,-0.089
南投縣集集鎮和平里,1037,1011,-26,-0.025
彰化縣芳苑鄉福榮村,641,615,-26,-0.041
雲林縣二崙鄉義庄村,896,870,-26,-0.029
南投縣草屯鎮坪頂里,1157,1131,-26,-0.022
嘉義縣阿里山鄉豐山村,369,343,-26,-0.07
屏東縣潮州鎮同榮里,648,622,-26,-0.04
屏東縣獅子鄉楓林村,869,843,-26,-0.03
彰化縣員林市中央里,2262,2236,-26,-0.011
新竹縣新埔鎮寶石里,981,955,-26,-0.027
彰化縣員林市大峯里,837,811,-26,-0.031
宜蘭縣冬山鄉群英村,5264,5238,-26,-0.005
臺中市清水區鰲峰里,1255,1229,-26,-0.021
南投縣南投市龍泉里,1083,1057,-26,-0.024
臺南市玉井區三埔里,564,538,-26,-0.046
宜蘭縣冬山鄉順安村,5637,5611,-26,-0.005
臺南市玉井區沙田里,566,540,-26,-0.046
臺中市北區賴明里,4491,4465,-26,-0.006
彰化縣芳苑鄉仁愛村,855,829,-26,-0.03
臺南市左鎮區澄山里,541,515,-26,-0.048
桃園市中壢區中壢里,864,838,-26,-0.03
南投縣埔里鎮水頭里,4478,4452,-26,-0.006
嘉義縣布袋鎮好美里,1275,1249,-26,-0.02
南投縣集集鎮隘寮里,536,510,-26,-0.049
高雄市林園區中厝里,3510,3484,-26,-0.007
臺南市後壁區後壁里,1851,1825,-26,-0.014
屏東縣滿州鄉港仔村,351,325,-26,-0.074
高雄市彌陀區彌靖里,2175,2149,-26,-0.012
彰化縣芬園鄉圳墘村,738,712,-26,-0.035
雲林縣北港鎮義民里,479,453,-26,-0.054
苗栗縣後龍鎮海埔里,1029,1003,-26,-0.025
高雄市梓官區同安里,1160,1134,-26,-0.022
屏東縣萬巒鄉泗溝村,1216,1190,-26,-0.021
高雄市大樹區小坪里,1523,1497,-26,-0.017
臺南市七股區十份里,1530,1504,-26,-0.017
嘉義縣大埔鄉西興村,631,605,-26,-0.041
澎湖縣馬公市光明里,1364,1338,-26,-0.019
嘉義縣朴子市双溪里,693,667,-26,-0.038
嘉義縣番路鄉江西村,1289,1263,-26,-0.02
臺南市白河區秀祐里,1039,1013,-26,-0.025
臺南市白河區崁頭里,417,391,-26,-0.062
屏東縣屏東市頂宅里,589,563,-26,-0.044
臺東縣臺東市強國里,721,695,-26,-0.036
嘉義縣朴子市大鄉里,3690,3664,-26,-0.007
苗栗縣後龍鎮福寧里,826,800,-26,-0.031
花蓮縣光復鄉大進村,492,466,-26,-0.053
新竹市東區下竹里,543,517,-26,-0.048
新竹縣芎林鄉下山村,1259,1233,-26,-0.021
屏東縣內埔鄉美和村,2439,2413,-26,-0.011
新竹縣北埔鄉南埔村,443,417,-26,-0.059
嘉義縣朴子市南竹里,560,534,-26,-0.046
南投縣魚池鄉共和村,1115,1089,-26,-0.023
嘉義縣朴子市竹村里,1228,1202,-26,-0.021
南投縣名間鄉赤水村,1295,1269,-26,-0.02
花蓮縣光復鄉大富村,351,325,-26,-0.074
臺中市太平區宜欣里,7320,7294,-26,-0.004
新北市板橋區僑中里,4371,4345,-26,-0.006
新北市石碇區彭山里,348,322,-26,-0.075
苗栗縣苗栗市福星里,4946,4920,-26,-0.005
彰化縣永靖鄉永西村,1855,1829,-26,-0.014
屏東縣長治鄉德成村,980,955,-25,-0.026
臺南市東山區東山里,1592,1567,-25,-0.016
屏東縣恆春鎮山腳里,5027,5002,-25,-0.005
嘉義縣鹿草鄉施家村,480,455,-25,-0.052
臺南市東區仁和里,5177,5152,-25,-0.005
嘉義縣朴子市大葛里,3836,3811,-25,-0.007
花蓮縣萬榮鄉萬榮村,966,941,-25,-0.026
嘉義縣朴子市佳禾里,888,863,-25,-0.028
高雄市梓官區典寶里,3324,3299,-25,-0.008
彰化縣竹塘鄉五庄村,1807,1782,-25,-0.014
高雄市前鎮區盛豐里,3334,3309,-25,-0.007
屏東縣牡丹鄉牡丹村,811,786,-25,-0.031
新北市新莊區成德里,5315,5290,-25,-0.005
高雄市阿蓮區崗山里,870,845,-25,-0.029
臺南市西港區檨林里,1846,1821,-25,-0.014
臺中市豐原區豐榮里,1284,1259,-25,-0.019
桃園市平鎮區北安里,1924,1899,-25,-0.013
彰化縣竹塘鄉樹腳村,760,735,-25,-0.033
彰化縣伸港鄉泉州村,2421,2396,-25,-0.01
新北市貢寮區福連里,946,921,-25,-0.026
南投縣草屯鎮石川里,1758,1733,-25,-0.014
屏東縣新園鄉烏龍村,1388,1363,-25,-0.018
屏東縣麟洛鄉麟頂村,1050,1025,-25,-0.024
新竹縣北埔鄉南坑村,366,341,-25,-0.068
高雄市小港區鳳森里,2494,2469,-25,-0.01
新北市泰山區大科里,984,959,-25,-0.025
桃園市蘆竹區山鼻里,2071,2046,-25,-0.012
基隆市安樂區定國里,1146,1121,-25,-0.022
南投縣信義鄉潭南村,792,767,-25,-0.032
臺中市霧峰區峰谷里,1318,1293,-25,-0.019
臺中市梧棲區下寮里,2346,2321,-25,-0.011
雲林縣虎尾鎮北溪里,1037,1012,-25,-0.024
苗栗縣三灣鄉大坪村,458,433,-25,-0.055
新北市新店區中山里,4791,4766,-25,-0.005
屏東縣林邊鄉中林村,796,771,-25,-0.031
雲林縣斗南鎮林子里,1520,1495,-25,-0.016
嘉義縣梅山鄉半天村,398,373,-25,-0.063
彰化縣溪湖鎮頂庄里,751,726,-25,-0.033
新北市萬里區溪底里,726,701,-25,-0.034
新竹縣關西鎮南新里,979,954,-25,-0.026
嘉義縣義竹鄉後鎮村,474,449,-25,-0.053
高雄市大樹區姑山里,1093,1068,-25,-0.023
新竹縣竹北市新庄里,1216,1191,-25,-0.021
雲林縣四湖鄉新庄村,738,714,-24,-0.033
嘉義縣竹崎鄉桃源村,1166,1142,-24,-0.021
新北市中和區秀水里,3845,3821,-24,-0.006
彰化縣秀水鄉埔崙村,2482,2458,-24,-0.01
雲林縣四湖鄉三姓村,398,374,-24,-0.06
嘉義縣竹崎鄉坑頭村,872,848,-24,-0.028
雲林縣莿桐鄉饒平村,1334,1310,-24,-0.018
嘉義縣朴子市內厝里,1326,1302,-24,-0.018
雲林縣水林鄉溪墘村,874,850,-24,-0.027
嘉義縣梅山鄉太平村,547,523,-24,-0.044
雲林縣北港鎮西勢里,1122,1098,-24,-0.021
南投縣中寮鄉爽文村,531,507,-24,-0.045
彰化縣二林鎮西庄里,1449,1425,-24,-0.017
南投縣竹山鎮德興里,999,975,-24,-0.024
臺南市善化區頂街里,1352,1328,-24,-0.018
高雄市內門區石坑里,561,537,-24,-0.043
屏東縣車城鄉福安村,636,612,-24,-0.038
宜蘭縣頭城鎮城北里,587,563,-24,-0.041
屏東縣三地門鄉口社村,704,680,-24,-0.034
桃園市新屋區下埔里,816,792,-24,-0.029
桃園市桃園區南華里,1646,1622,-24,-0.015
花蓮縣鳳林鎮林榮里,941,917,-24,-0.026
屏東縣滿州鄉九棚村,391,367,-24,-0.061
屏東縣琉球鄉上福村,1909,1885,-24,-0.013
基隆市暖暖區碇內里,3103,3079,-24,-0.008
屏東縣萬丹鄉水泉村,2004,1980,-24,-0.012
臺南市安南區城東里,1845,1821,-24,-0.013
屏東縣萬丹鄉厦北村,1811,1787,-24,-0.013
臺中市霧峰區坑口里,3505,3481,-24,-0.007
高雄市鼓山區民族里,1420,1396,-24,-0.017
臺東縣東河鄉尚德村,295,271,-24,-0.081
屏東縣潮州鎮潮州里,568,544,-24,-0.042
基隆市安樂區壯觀里,5273,5249,-24,-0.005
高雄市岡山區岡山里,5176,5152,-24,-0.005
高雄市大樹區三和里,1142,1119,-23,-0.02
嘉義縣義竹鄉官順村,490,467,-23,-0.047
新北市三重區長福里,1618,1595,-23,-0.014
臺中市北屯區北京里,3695,3672,-23,-0.006
屏東縣麟洛鄉田道村,736,713,-23,-0.031
屏東縣內埔鄉水門村,928,905,-23,-0.025
高雄市旗山區太平里,2609,2586,-23,-0.009
桃園市大園區溪海里,5601,5578,-23,-0.004
新竹市東區仙宮里,1517,1494,-23,-0.015
臺中市清水區高美里,1545,1522,-23,-0.015
臺中市東勢區埤頭里,731,708,-23,-0.031
屏東縣萬丹鄉甘棠村,448,425,-23,-0.051
雲林縣臺西鄉海北村,1233,1210,-23,-0.019
宜蘭縣三星鄉行健村,991,968,-23,-0.023
臺中市后里區墩南里,4067,4044,-23,-0.006
新北市平溪區平湖里,186,163,-23,-0.124
桃園市蘆竹區富竹里,1588,1565,-23,-0.014
高雄市內門區永興里,441,418,-23,-0.052
臺中市大安區福住里,1208,1185,-23,-0.019
宜蘭縣員山鄉湖東村,1016,993,-23,-0.023
基隆市中山區西華里,946,923,-23,-0.024
苗栗縣獅潭鄉新豐村,358,335,-23,-0.064
嘉義市西區大溪里,2530,2507,-23,-0.009
彰化縣福興鄉社尾村,1698,1675,-23,-0.014
桃園市龍潭區中正里,7137,7114,-23,-0.003
雲林縣西螺鎮埤頭里,1017,994,-23,-0.023
嘉義縣水上鄉回歸村,503,480,-23,-0.046
新北市中和區橫路里,349,326,-23,-0.066
澎湖縣白沙鄉岐頭村,244,221,-23,-0.094
高雄市鳳山區南興里,1069,1046,-23,-0.022
雲林縣斗六市林頭里,4948,4925,-23,-0.005
花蓮縣花蓮市民政里,4241,4218,-23,-0.005
宜蘭縣南澳鄉武塔村,540,517,-23,-0.043
新北市雙溪區雙溪里,512,489,-23,-0.045
彰化縣二林鎮大永里,998,975,-23,-0.023
彰化縣二林鎮東勢里,1071,1048,-23,-0.021
臺中市西屯區逢甲里,5212,5189,-23,-0.004
嘉義縣梅山鄉碧湖村,313,290,-23,-0.073
高雄市前鎮區建隆里,1424,1401,-23,-0.016
嘉義縣番路鄉番路村,949,926,-23,-0.024
花蓮縣鳳林鎮南平里,588,565,-23,-0.039
臺中市北屯區松和里,7665,7642,-23,-0.003
彰化縣田尾鄉福田村,852,829,-23,-0.027
彰化縣北斗鎮新政里,950,927,-23,-0.024
雲林縣水林鄉灣東村,670,647,-23,-0.034
屏東縣瑪家鄉排灣村,549,526,-23,-0.042
桃園市桃園區中平里,5539,5516,-23,-0.004
彰化縣芳苑鄉新寶村,1945,1922,-23,-0.012
彰化縣和美鎮和南里,498,475,-23,-0.046
臺南市永康區南灣里,4493,4470,-23,-0.005
臺南市麻豆區南勢里,2688,2665,-23,-0.009
嘉義縣東石鄉龍港村,945,922,-23,-0.024
嘉義縣東石鄉塭仔村,1009,986,-23,-0.023
嘉義縣民雄鄉寮頂村,2549,2527,-22,-0.009
桃園市新屋區大坡里,1511,1489,-22,-0.015
雲林縣土庫鎮南平里,2084,2062,-22,-0.011
新北市石碇區永定里,676,654,-22,-0.033
南投縣埔里鎮成功里,334,312,-22,-0.066
嘉義縣大埔鄉永樂村,508,486,-22,-0.043
臺南市龍崎區龍船里,451,429,-22,-0.049
南投縣草屯鎮新豐里,4714,4692,-22,-0.005
苗栗縣苗栗市福安里,4077,4055,-22,-0.005
花蓮縣鳳林鎮長橋里,1097,1075,-22,-0.02
嘉義縣大林鎮排路里,657,635,-22,-0.033
花蓮縣光復鄉東富村,1129,1107,-22,-0.019
臺中市大肚區中和里,1029,1007,-22,-0.021
臺南市左鎮區二寮里,203,181,-22,-0.108
新竹縣峨眉鄉七星村,672,650,-22,-0.033
彰化縣和美鎮還社里,1004,982,-22,-0.022
屏東縣來義鄉文樂村,1024,1002,-22,-0.021
南投縣魚池鄉東池村,1774,1752,-22,-0.012
新竹縣尖石鄉錦屏村,1541,1519,-22,-0.014
新北市新莊區龍福里,2318,2296,-22,-0.009
南投縣魚池鄉武登村,623,601,-22,-0.035
南投縣名間鄉崁腳村,1000,978,-22,-0.022
嘉義縣六腳鄉永賢村,519,497,-22,-0.042
高雄市橋頭區芋寮里,1356,1334,-22,-0.016
彰化縣秀水鄉陝西村,1711,1689,-22,-0.013
高雄市湖內區太爺里,887,865,-22,-0.025
南投縣仁愛鄉翠華村,618,596,-22,-0.036
新北市雙溪區長源里,392,370,-22,-0.056
南投縣竹山鎮富州里,678,656,-22,-0.032
基隆市暖暖區暖東里,475,453,-22,-0.046
苗栗縣三義鄉龍騰村,468,446,-22,-0.047
嘉義縣大林鎮東林里,565,543,-22,-0.039
苗栗縣西湖鄉下埔村,615,593,-22,-0.036
基隆市仁愛區崇文里,944,922,-22,-0.023
花蓮縣花蓮市國福里,1693,1671,-22,-0.013
宜蘭縣南澳鄉金岳村,576,554,-22,-0.038
新北市蘆洲區光華里,5525,5503,-22,-0.004
彰化縣埤頭鄉陸嘉村,925,903,-22,-0.024
嘉義縣鹿草鄉豊稠村,809,787,-22,-0.027
臺東縣長濱鄉忠勇村,622,600,-22,-0.035
苗栗縣苑裡鎮舊社里,2075,2053,-22,-0.011
臺東縣太麻里鄉多良村,1058,1036,-22,-0.021
新竹縣湖口鄉仁勢村,1036,1014,-22,-0.021
宜蘭縣大同鄉樂水村,496,474,-22,-0.044
嘉義市西區保福里,4388,4366,-22,-0.005
臺東縣池上鄉萬安村,359,337,-22,-0.061
嘉義縣阿里山鄉中正村,212,190,-22,-0.104
臺南市後壁區菁豐里,1343,1321,-22,-0.016
屏東縣車城鄉統埔村,429,407,-22,-0.051
彰化縣埔鹽鄉太平村,1761,1739,-22,-0.012
花蓮縣花蓮市主工里,698,676,-22,-0.032
臺中市大安區福興里,1338,1316,-22,-0.016
彰化縣和美鎮竹園里,1089,1068,-21,-0.019
雲林縣斗六市信義里,731,710,-21,-0.029
南投縣信義鄉豐丘村,765,744,-21,-0.027
雲林縣臺西鄉泉州村,693,672,-21,-0.03
新北市瑞芳區頌德里,371,350,-21,-0.057
新北市雙溪區三貂里,352,331,-21,-0.06
宜蘭縣羅東鎮羅莊里,3631,3610,-21,-0.006
宜蘭縣大同鄉英士村,420,399,-21,-0.05
屏東縣里港鄉潮厝村,1876,1855,-21,-0.011
彰化縣芬園鄉芬園村,1067,1046,-21,-0.02
臺南市新市區新市里,3479,3458,-21,-0.006
南投縣信義鄉雙龍村,813,792,-21,-0.026
花蓮縣富里鄉明里村,438,417,-21,-0.048
高雄市茂林區多納里,637,616,-21,-0.033
臺東縣卑南鄉富山村,550,529,-21,-0.038
高雄市美濃區瀰濃里,2497,2476,-21,-0.008
臺南市善化區胡家里,1401,1380,-21,-0.015
苗栗縣公館鄉北河村,372,351,-21,-0.056
澎湖縣馬公市󼱹裡里,1353,1332,-21,-0.016
苗栗縣卓蘭鎮坪林里,1967,1946,-21,-0.011
苗栗縣後龍鎮龍津里,686,665,-21,-0.031
彰化縣芬園鄉舊社村,1994,1973,-21,-0.011
屏東縣新園鄉田洋村,2497,2476,-21,-0.008
高雄市左營區果貿里,2973,2952,-21,-0.007
臺東縣關山鎮電光里,615,594,-21,-0.034
南投縣埔里鎮牛眠里,3247,3226,-21,-0.006
彰化縣芳苑鄉後寮村,1158,1137,-21,-0.018
南投縣鹿谷鄉竹豐村,1011,990,-21,-0.021
新北市三重區慈福里,2273,2252,-21,-0.009
新竹縣橫山鄉豐田村,378,357,-21,-0.056
彰化縣鹿港鎮中興里,595,574,-21,-0.035
嘉義縣義竹鄉五厝村,417,396,-21,-0.05
桃園市新屋區蚵間里,1059,1038,-21,-0.02
新竹市東區新光里,4053,4032,-21,-0.005
高雄市鼓山區光化里,1369,1348,-21,-0.015
花蓮縣壽豐鄉豐山村,2165,2144,-21,-0.01
雲林縣崙背鄉南陽村,2750,2729,-21,-0.008
高雄市大寮區忠義里,597,576,-21,-0.035
基隆市仁愛區光華里,2807,2786,-21,-0.007
宜蘭縣三星鄉集慶村,1295,1274,-21,-0.016
宜蘭縣頭城鎮武營里,1863,1842,-21,-0.011
嘉義縣朴子市開元里,432,411,-21,-0.049
苗栗縣通霄鎮福龍里,432,411,-21,-0.049
雲林縣大埤鄉嘉興村,2073,2052,-21,-0.01
嘉義縣中埔鄉中埔村,2103,2082,-21,-0.01
南投縣草屯鎮平林里,1234,1213,-21,-0.017
嘉義縣竹崎鄉義和村,679,658,-21,-0.031
雲林縣斗南鎮大東里,995,974,-21,-0.021
臺南市安南區青草里,1735,1714,-21,-0.012
新北市萬里區崁脚里,462,441,-21,-0.045
高雄市仁武區仁武里,6413,6392,-21,-0.003
雲林縣虎尾鎮新吉里,4893,4872,-21,-0.004
新竹市北區潛園里,843,823,-20,-0.024
彰化縣田尾鄉溪頂村,722,702,-20,-0.028
新竹縣新豐鄉上坑村,1757,1737,-20,-0.011
基隆市暖暖區暖同里,2890,2870,-20,-0.007
澎湖縣湖西鄉東石村,142,122,-20,-0.141
基隆市仁愛區龍門里,851,831,-20,-0.024
彰化縣田尾鄉陸豐村,1006,986,-20,-0.02
南投縣南投市三民里,972,952,-20,-0.021
高雄市旗山區三協里,2565,2545,-20,-0.008
彰化縣花壇鄉灣雅村,1040,1020,-20,-0.019
彰化縣溪湖鎮東溪里,1601,1581,-20,-0.012
新北市三重區民生里,4439,4419,-20,-0.005
新北市林口區嘉寶里,1082,1062,-20,-0.018
嘉義縣鹿草鄉鹿東村,632,612,-20,-0.032
臺中市清水區臨江里,1770,1750,-20,-0.011
雲林縣褒忠鄉田洋村,869,849,-20,-0.023
新北市三重區菜寮里,2357,2337,-20,-0.008
彰化縣彰化市和調里,3369,3349,-20,-0.006
新北市板橋區朝陽里,3495,3475,-20,-0.006
臺中市烏日區仁德里,9564,9544,-20,-0.002
屏東縣屏東市慶春里,314,294,-20,-0.064
高雄市前鎮區西甲里,2264,2244,-20,-0.009
新北市瑞芳區銅山里,209,189,-20,-0.096
金門縣金沙鎮浦山里,2654,2634,-20,-0.008
嘉義縣朴子市崁後里,796,776,-20,-0.025
屏東縣車城鄉埔墘村,473,453,-20,-0.042
臺南市官田區社子里,985,965,-20,-0.02
屏東縣三地門鄉青葉村,750,730,-20,-0.027
彰化縣鹿港鎮頭南里,2582,2562,-20,-0.008
臺南市左鎮區岡林里,437,417,-20,-0.046
彰化縣和美鎮嘉犁里,2281,2261,-20,-0.009
臺南市新市區潭頂里,2047,2027,-20,-0.01
雲林縣林內鄉湖本村,717,697,-20,-0.028
嘉義縣番路鄉草山村,406,386,-20,-0.049
花蓮縣吉安鄉干城村,1433,1413,-20,-0.014
嘉義縣中埔鄉瑞豐村,839,819,-20,-0.024
高雄市路竹區三爺里,992,972,-20,-0.02
高雄市梓官區中崙里,1370,1350,-20,-0.015
嘉義縣大埔鄉大埔村,1703,1683,-20,-0.012
雲林縣斗南鎮東明里,1105,1085,-20,-0.018
高雄市茄萣區嘉樂里,2369,2349,-20,-0.008
宜蘭縣礁溪鄉德陽村,4597,4578,-19,-0.004
屏東縣三地門鄉德文村,675,656,-19,-0.028
新北市淡水區忠山里,922,903,-19,-0.021
花蓮縣富里鄉富南村,565,546,-19,-0.034
彰化縣二水鄉修仁村,894,875,-19,-0.021
新竹縣橫山鄉豐鄉村,233,214,-19,-0.082
臺南市西港區金砂里,845,826,-19,-0.022
臺南市七股區大潭里,707,688,-19,-0.027
臺南市永康區蔦松里,2185,2166,-19,-0.009
彰化縣社頭鄉里仁村,1166,1147,-19,-0.016
屏東縣三地門鄉馬兒村,415,396,-19,-0.046
花蓮縣富里鄉學田村,728,709,-19,-0.026
嘉義縣新港鄉大潭村,1845,1826,-19,-0.01
彰化縣社頭鄉美雅村,1549,1530,-19,-0.012
彰化縣和美鎮鎮平里,3340,3321,-19,-0.006
臺南市南化區北平里,610,591,-19,-0.031
屏東縣屏東市潭墘里,13749,13730,-19,-0.001
基隆市仁愛區玉田里,1282,1263,-19,-0.015
桃園市大園區後厝里,3026,3007,-19,-0.006
高雄市六龜區新興里,725,706,-19,-0.026
基隆市七堵區瑪東里,349,330,-19,-0.054
嘉義縣朴子市竹圍里,5212,5193,-19,-0.004
南投縣水里鄉永興村,358,339,-19,-0.053
新北市三峽區秀川里,704,685,-19,-0.027
宜蘭縣頭城鎮金盈里,802,783,-19,-0.024
南投縣埔里鎮溪南里,1371,1352,-19,-0.014
臺東縣金峰鄉賓茂村,409,390,-19,-0.046
澎湖縣西嶼鄉竹灣村,918,899,-19,-0.021
花蓮縣壽豐鄉米棧村,287,268,-19,-0.066
嘉義縣鹿草鄉鹿草村,1444,1425,-19,-0.013
屏東縣高樹鄉源泉村,1147,1128,-19,-0.017
雲林縣東勢鄉程海村,599,580,-19,-0.032
澎湖縣馬公市重光里,1709,1690,-19,-0.011
宜蘭縣大同鄉復興村,296,277,-19,-0.064
嘉義縣東石鄉西崙村,1228,1209,-19,-0.015
新北市永和區光復里,1775,1756,-19,-0.011
嘉義縣中埔鄉裕民村,984,965,-19,-0.019
雲林縣斗六市梅林里,2111,2092,-19,-0.009
高雄市田寮區古亭里,544,525,-19,-0.035
彰化縣芳苑鄉崙腳村,862,843,-19,-0.022
高雄市阿蓮區和蓮里,2700,2681,-19,-0.007
花蓮縣瑞穗鄉奇美村,396,377,-19,-0.048
屏東縣佳冬鄉羌園村,1246,1227,-19,-0.015
桃園市新屋區後湖里,1844,1825,-19,-0.01
新北市三重區大同里,2050,2031,-19,-0.009
臺中市東勢區東新里,2239,2220,-19,-0.008
新北市土城區學府里,3700,3681,-19,-0.005
屏東縣屏東市必信里,651,632,-19,-0.029
新北市蘆洲區保和里,2714,2695,-19,-0.007
新北市瑞芳區石山里,356,337,-19,-0.053
苗栗縣西湖鄉龍洞村,492,473,-19,-0.039
新北市平溪區東勢里,446,427,-19,-0.043
彰化縣彰化市富貴里,964,945,-19,-0.02
屏東縣屏東市橋北里,967,948,-19,-0.02
嘉義縣梅山鄉圳南村,450,431,-19,-0.042
嘉義縣梅山鄉過山村,590,571,-19,-0.032
彰化縣福興鄉外中村,1361,1342,-19,-0.014
彰化縣伸港鄉泉厝村,1512,1493,-19,-0.013
嘉義縣民雄鄉平和村,941,923,-18,-0.019
雲林縣斗六市忠孝里,1722,1704,-18,-0.01
臺東縣臺東市建興里,1043,1025,-18,-0.017
屏東縣車城鄉田中村,712,694,-18,-0.025
新北市瑞芳區濓新里,330,312,-18,-0.055
雲林縣古坑鄉華南村,308,290,-18,-0.058
桃園市觀音區金湖里,3161,3143,-18,-0.006
彰化縣社頭鄉協和村,2464,2446,-18,-0.007
臺東縣關山鎮德高里,1894,1876,-18,-0.01
新竹市北區中央里,538,520,-18,-0.033
高雄市橋頭區中崎里,743,725,-18,-0.024
花蓮縣玉里鎮三民里,997,979,-18,-0.018
臺南市安南區媽祖宮里,1686,1668,-18,-0.011
臺南市中西區開山里,3254,3236,-18,-0.006
彰化縣二水鄉倡和村,645,627,-18,-0.028
彰化縣芳苑鄉民生村,742,724,-18,-0.024
屏東縣長治鄉長興村,1200,1182,-18,-0.015
彰化縣福興鄉萬豐村,957,939,-18,-0.019
屏東縣內埔鄉內田村,3564,3546,-18,-0.005
嘉義縣布袋鎮考試里,311,293,-18,-0.058
屏東縣崁頂鄉越溪村,1171,1153,-18,-0.015
嘉義市西區磚󿾨里,4256,4238,-18,-0.004
新北市三重區順德里,2308,2290,-18,-0.008
桃園市中壢區新興里,4598,4580,-18,-0.004
臺北市中正區黎明里,3469,3451,-18,-0.005
屏東縣來義鄉望嘉村,1056,1038,-18,-0.017
高雄市新興區愛平里,1126,1108,-18,-0.016
臺中市清水區北寧里,810,792,-18,-0.022
彰化縣溪州鄉溪州村,1802,1784,-18,-0.01
南投縣南投市彰仁里,434,416,-18,-0.041
新北市三重區正安里,2048,2030,-18,-0.009
新竹縣竹東鎮柯湖里,677,659,-18,-0.027
新北市五股區集福里,4046,4028,-18,-0.004
彰化縣伸港鄉海尾村,2185,2167,-18,-0.008
臺南市下營區後街里,1817,1799,-18,-0.01
高雄市內門區永吉里,459,441,-18,-0.039
臺南市南化區關山里,1142,1124,-18,-0.016
桃園市中壢區龍慈里,5727,5709,-18,-0.003
高雄市旗山區圓富里,2047,2029,-18,-0.009
宜蘭縣頭城鎮新建里,2398,2380,-18,-0.008
屏東縣泰武鄉佳興村,492,474,-18,-0.037
花蓮縣花蓮市主義里,553,535,-18,-0.033
屏東縣屏東市和興里,1125,1107,-18,-0.016
新北市板橋區公舘里,4005,3987,-18,-0.004
南投縣水里鄉車埕村,498,480,-18,-0.036
苗栗縣泰安鄉象鼻村,787,769,-18,-0.023
屏東縣車城鄉新街村,474,456,-18,-0.038
高雄市茄萣區光定里,1030,1012,-18,-0.017
屏東縣九如鄉九塊村,1587,1569,-18,-0.011
宜蘭縣頭城鎮更新里,1509,1492,-17,-0.011
彰化縣員林市湖水里,1359,1342,-17,-0.013
新北市新店區長春里,2596,2579,-17,-0.007
嘉義縣太保市田尾里,811,794,-17,-0.021
新北市石碇區潭邊里,879,862,-17,-0.019
嘉義縣梅山鄉龍眼村,434,417,-17,-0.039
宜蘭縣頭城鎮大里里,775,758,-17,-0.022
苗栗縣竹南鎮中港里,1313,1296,-17,-0.013
臺中市新社區新社里,3939,3922,-17,-0.004
屏東縣竹田鄉永豐村,962,945,-17,-0.018
彰化縣溪州鄉坑厝村,813,796,-17,-0.021
雲林縣臺西鄉五榔村,494,477,-17,-0.034
新北市三重區德厚里,389,372,-17,-0.044
宜蘭縣冬山鄉太和村,1725,1708,-17,-0.01
彰化縣彰化市茄南里,3708,3691,-17,-0.005
臺中市新社區中興里,649,632,-17,-0.026
新北市板橋區景星里,3516,3499,-17,-0.005
彰化縣彰化市新興里,6662,6645,-17,-0.003
花蓮縣花蓮市國強里,2084,2067,-17,-0.008
花蓮縣花蓮市國慶里,1269,1252,-17,-0.013
雲林縣大埤鄉吉田村,811,794,-17,-0.021
臺東縣卑南鄉嘉豐村,552,535,-17,-0.031
高雄市鼓山區內惟里,1206,1189,-17,-0.014
新竹縣竹東鎮陸豐里,717,700,-17,-0.024
花蓮縣壽豐鄉樹湖村,388,371,-17,-0.044
新北市瑞芳區海濱里,1349,1332,-17,-0.013
桃園市桃園區龍祥里,6103,6086,-17,-0.003
新北市淡水區忠寮里,1220,1203,-17,-0.014
宜蘭縣羅東鎮新群里,3240,3223,-17,-0.005
新北市永和區前溪里,2163,2146,-17,-0.008
新北市新店區廣興里,1410,1393,-17,-0.012
高雄市岡山區三和里,996,979,-17,-0.017
嘉義縣大林鎮大糖里,209,192,-17,-0.081
雲林縣斗六市中和里,900,883,-17,-0.019
臺南市佳里區佳化里,2415,2398,-17,-0.007
新北市新店區屈尺里,2507,2490,-17,-0.007
雲林縣虎尾鎮延平里,1357,1340,-17,-0.013
高雄市美濃區中圳里,2356,2339,-17,-0.007
嘉義縣水上鄉溪洲村,1163,1146,-17,-0.015
彰化縣鹿港鎮興化里,746,729,-17,-0.023
南投縣中寮鄉廣福村,553,536,-17,-0.031
南投縣中寮鄉龍安村,757,740,-17,-0.022
彰化縣田尾鄉柳鳳村,1079,1062,-17,-0.016
高雄市六龜區大津里,343,326,-17,-0.05
臺南市六甲區菁埔里,657,640,-17,-0.026
高雄市內門區內南里,457,440,-17,-0.037
彰化縣秀水鄉下崙村,2533,2516,-17,-0.007
高雄市桃源區勤和里,279,262,-17,-0.061
臺北市大安區臥龍里,2340,2323,-17,-0.007
臺東縣金峰鄉正興村,731,715,-16,-0.022
苗栗縣公館鄉館南村,4188,4172,-16,-0.004
屏東縣屏東市勝豐里,459,443,-16,-0.035
宜蘭縣宜蘭市大新里,865,849,-16,-0.018
花蓮縣萬榮鄉紅葉村,1276,1260,-16,-0.013
新北市平溪區菁桐里,256,240,-16,-0.063
新北市三重區自強里,1870,1854,-16,-0.009
高雄市左營區廟東里,904,888,-16,-0.018
苗栗縣苑裡鎮田心里,2178,2162,-16,-0.007
臺北市松山區復源里,3405,3389,-16,-0.005
臺東縣海端鄉利稻村,337,321,-16,-0.047
桃園市蘆竹區外社里,1777,1761,-16,-0.009
新竹市東區南市里,970,954,-16,-0.016
新北市新店區塗潭里,1069,1053,-16,-0.015
彰化縣鹿港鎮景福里,1294,1278,-16,-0.012
嘉義縣鹿草鄉後寮村,572,556,-16,-0.028
屏東縣屏東市永昌里,227,211,-16,-0.07
花蓮縣花蓮市國聯里,3107,3091,-16,-0.005
新北市林口區麗園里,4314,4298,-16,-0.004
高雄市小港區松山里,3601,3585,-16,-0.004
新北市瑞芳區瓜山里,187,171,-16,-0.086
屏東縣屏東市空翔里,1907,1891,-16,-0.008
屏東縣屏東市大湖里,2019,2003,-16,-0.008
高雄市林園區林家里,1454,1438,-16,-0.011
新北市林口區頂福里,1189,1173,-16,-0.013
嘉義縣番路鄉內甕村,479,463,-16,-0.033
花蓮縣壽豐鄉豐坪村,1023,1007,-16,-0.016
高雄市大樹區大坑里,1680,1664,-16,-0.01
屏東縣琉球鄉天福村,1267,1251,-16,-0.013
臺南市白河區虎山里,490,474,-16,-0.033
基隆市中正區新富里,5834,5818,-16,-0.003
嘉義縣中埔鄉東興村,381,365,-16,-0.042
屏東縣車城鄉射寮村,590,574,-16,-0.027
新北市樹林區坡內里,1780,1764,-16,-0.009
雲林縣虎尾鎮下溪里,1758,1742,-16,-0.009
屏東縣屏東市安鎮里,2315,2299,-16,-0.007
苗栗縣泰安鄉士林村,708,692,-16,-0.023
嘉義縣布袋鎮樹林里,575,559,-16,-0.028
高雄市新興區仁聲里,1083,1067,-16,-0.015
屏東縣潮州鎮檨子里,548,532,-16,-0.029
花蓮縣玉里鎮東豐里,606,590,-16,-0.026
臺南市永康區中華里,3106,3090,-16,-0.005
新北市三重區大德里,882,866,-16,-0.018
南投縣中寮鄉永福村,1498,1482,-16,-0.011
南投縣魚池鄉水社村,963,947,-16,-0.017
澎湖縣馬公市中央里,588,573,-15,-0.026
臺東縣延平鄉桃源村,1260,1245,-15,-0.012
彰化縣花壇鄉劉厝村,1241,1226,-15,-0.012
屏東縣屏東市明正里,773,758,-15,-0.019
南投縣魚池鄉五城村,825,810,-15,-0.018
彰化縣花壇鄉三春村,2263,2248,-15,-0.007
彰化縣二林鎮梅芳里,1208,1193,-15,-0.012
高雄市路竹區社東里,1945,1930,-15,-0.008
花蓮縣鳳林鎮鳳禮里,654,639,-15,-0.023
雲林縣斗六市湖山里,1248,1233,-15,-0.012
屏東縣鹽埔鄉仕絨村,1201,1186,-15,-0.012
新竹市北區光華里,4786,4771,-15,-0.003
苗栗縣三灣鄉頂寮村,255,240,-15,-0.059
雲林縣北港鎮中和里,376,361,-15,-0.04
嘉義縣水上鄉柳林村,2310,2295,-15,-0.006
屏東縣長治鄉德和村,845,830,-15,-0.018
桃園市新屋區下田里,1986,1971,-15,-0.008
宜蘭縣頭城鎮港口里,787,772,-15,-0.019
彰化縣芬園鄉楓坑村,683,668,-15,-0.022
嘉義縣鹿草鄉西井村,1484,1469,-15,-0.01
臺東縣海端鄉霧鹿村,328,313,-15,-0.046
新北市三峽區添福里,1190,1175,-15,-0.013
屏東縣瑪家鄉佳義村,1088,1073,-15,-0.014
苗栗縣苑裡鎮苑北里,998,983,-15,-0.015
雲林縣四湖鄉崙南村,849,834,-15,-0.018
屏東縣恆春鎮龍水里,1300,1285,-15,-0.012
臺南市永康區光復里,589,574,-15,-0.025
臺南市安平區漁光里,464,449,-15,-0.032
基隆市中山區新建里,859,844,-15,-0.017
彰化縣北斗鎮五權里,785,770,-15,-0.019
彰化縣社頭鄉舊社村,1910,1895,-15,-0.008
彰化縣竹塘鄉長安村,894,879,-15,-0.017
屏東縣霧臺鄉吉露村,213,198,-15,-0.07
臺南市將軍區西甲里,2650,2635,-15,-0.006
新北市板橋區漢生里,4391,4376,-15,-0.003
屏東縣琉球鄉漁福村,1117,1102,-15,-0.013
新竹縣竹東鎮軟橋里,432,417,-15,-0.035
臺北市北投區大屯里,1265,1250,-15,-0.012
宜蘭縣三星鄉員山村,220,205,-15,-0.068
臺中市清水區西社里,2770,2755,-15,-0.005
臺東縣池上鄉福原村,2273,2258,-15,-0.007
嘉義縣六腳鄉工廠村,228,213,-15,-0.066
屏東縣屏東市海豐里,995,980,-15,-0.015
基隆市七堵區永安里,2544,2530,-14,-0.006
屏東縣高樹鄉田子村,1217,1203,-14,-0.012
屏東縣車城鄉海口村,818,804,-14,-0.017
屏東縣屏東市義勇里,1293,1279,-14,-0.011
彰化縣芳苑鄉芳中村,465,451,-14,-0.03
屏東縣高樹鄉泰山村,2088,2074,-14,-0.007
澎湖縣西嶼鄉合界村,467,453,-14,-0.03
嘉義縣朴子市新寮里,788,774,-14,-0.018
嘉義縣阿里山鄉新美村,354,340,-14,-0.04
南投縣草屯鎮炎峰里,2480,2466,-14,-0.006
雲林縣西螺鎮詔安里,1129,1115,-14,-0.012
嘉義縣阿里山鄉達邦村,992,978,-14,-0.014
嘉義縣阿里山鄉山美村,620,606,-14,-0.023
高雄市苓雅區田西里,1422,1408,-14,-0.01
苗栗縣卓蘭鎮西坪里,856,842,-14,-0.016
臺南市永康區永明里,5483,5469,-14,-0.003
雲林縣斗六市四維里,707,693,-14,-0.02
嘉義縣東石鄉蔦松村,931,917,-14,-0.015
臺南市安定區新吉里,2815,2801,-14,-0.005
新北市土城區平和里,7226,7212,-14,-0.002
屏東縣屏東市仁義里,1258,1244,-14,-0.011
嘉義市東區鹿寮里,1244,1230,-14,-0.011
高雄市那瑪夏區南沙魯里,631,617,-14,-0.022
新北市三芝區八賢里,345,331,-14,-0.041
高雄市路竹區竹園里,2067,2053,-14,-0.007
嘉義縣番路鄉公田村,1065,1051,-14,-0.013
高雄市路竹區後鄉里,1324,1310,-14,-0.011
南投縣集集鎮集集里,1220,1206,-14,-0.011
高雄市燕巢區金山里,536,522,-14,-0.026
高雄市岡山區壽峰里,2710,2696,-14,-0.005
桃園市八德區大榮里,2363,2349,-14,-0.006
新北市板橋區忠翠里,11010,10996,-14,-0.001
屏東縣牡丹鄉高士村,677,663,-14,-0.021
屏東縣屏東市光華里,747,733,-14,-0.019
澎湖縣馬公市長安里,630,616,-14,-0.022
桃園市中壢區信義里,5637,5623,-14,-0.002
新竹縣關西鎮北山里,862,848,-14,-0.016
新北市中和區連和里,2444,2430,-14,-0.006
新北市板橋區文聖里,4053,4039,-14,-0.003
高雄市前鎮區瑞竹里,2021,2007,-14,-0.007
彰化縣二林鎮復豐里,800,786,-14,-0.018
彰化縣二林鎮興華里,1336,1322,-14,-0.01
臺中市東區旱溪里,2856,2842,-14,-0.005
新北市三重區長生里,913,899,-14,-0.015
屏東縣崁頂鄉洲子村,1280,1266,-14,-0.011
臺中市沙鹿區犁分里,1417,1403,-14,-0.01
嘉義縣阿里山鄉來吉村,363,349,-14,-0.039
高雄市新興區漢民里,782,768,-14,-0.018
雲林縣北港鎮新厝里,440,426,-14,-0.032
臺南市永康區新樹里,2504,2491,-13,-0.005
高雄市左營區聖南里,595,582,-13,-0.022
臺中市大雅區文雅里,7235,7222,-13,-0.002
嘉義縣大林鎮內林里,732,719,-13,-0.018
屏東縣牡丹鄉四林村,631,618,-13,-0.021
花蓮縣鳳林鎮大榮里,1438,1425,-13,-0.009
臺南市西港區新復里,922,909,-13,-0.014
基隆市安樂區興寮里,5480,5467,-13,-0.002
新北市烏來區孝義里,257,244,-13,-0.051
新北市瑞芳區濓洞里,509,496,-13,-0.026
苗栗縣公館鄉南河村,238,225,-13,-0.055
嘉義縣民雄鄉西昌村,980,967,-13,-0.013
新北市三芝區圓山里,598,585,-13,-0.022
彰化縣鹿港鎮街尾里,2783,2770,-13,-0.005
新北市板橋區九如里,2962,2949,-13,-0.004
高雄市彌陀區彌仁里,619,606,-13,-0.021
高雄市彌陀區彌壽里,842,829,-13,-0.015
南投縣南投市三興里,6504,6491,-13,-0.002
屏東縣泰武鄉泰武村,940,927,-13,-0.014
臺南市左鎮區左鎮里,512,499,-13,-0.025
新竹縣北埔鄉外坪村,314,301,-13,-0.041
南投縣魚池鄉日月村,978,965,-13,-0.013
臺南市新化區羊林里,1047,1034,-13,-0.012
南投縣中寮鄉復興村,320,307,-13,-0.041
屏東縣屏東市端正里,263,250,-13,-0.049
高雄市苓雅區苓洲里,1643,1630,-13,-0.008
新北市板橋區長壽里,2979,2966,-13,-0.004
澎湖縣白沙鄉吉貝村,1619,1606,-13,-0.008
新北市永和區民治里,2978,2965,-13,-0.004
屏東縣琉球鄉杉福村,975,962,-13,-0.013
臺中市霧峰區北柳里,4704,4691,-13,-0.003
臺中市東勢區上新里,1135,1122,-13,-0.011
臺南市麻豆區安正里,1053,1040,-13,-0.012
嘉義縣朴子市順安里,283,270,-13,-0.046
嘉義縣水上鄉靖和村,441,428,-13,-0.029
雲林縣北港鎮後溝里,1119,1106,-13,-0.012
彰化縣田尾鄉正義村,1021,1008,-13,-0.013
新北市中和區安和里,3177,3164,-13,-0.004
彰化縣埤頭鄉永豊村,1914,1901,-13,-0.007
苗栗縣泰安鄉八卦村,394,381,-13,-0.033
桃園市中壢區正義里,5311,5298,-13,-0.002
南投縣水里鄉南光村,1829,1817,-12,-0.007
新北市鶯歌區建德里,624,612,-12,-0.019
南投縣水里鄉新山村,234,222,-12,-0.051
嘉義縣阿里山鄉香林村,161,149,-12,-0.075
彰化縣竹塘鄉永安村,609,597,-12,-0.02
屏東縣霧臺鄉大武村,526,514,-12,-0.023
雲林縣元長鄉潭東村,651,639,-12,-0.018
臺南市麻豆區海埔里,2354,2342,-12,-0.005
新北市三重區長江里,2107,2095,-12,-0.006
新竹市東區柴橋里,6169,6157,-12,-0.002
臺東縣鹿野鄉永安村,1633,1621,-12,-0.007
臺南市山上區豐德里,445,433,-12,-0.027
臺東縣臺東市新園里,1853,1841,-12,-0.006
新竹縣關西鎮東興里,563,551,-12,-0.021
臺南市安定區中沙里,806,794,-12,-0.015
彰化縣芳苑鄉和平村,823,811,-12,-0.015
桃園市蘆竹區長壽里,7151,7139,-12,-0.002
桃園市蘆竹區蘆興里,2033,2021,-12,-0.006
屏東縣獅子鄉丹路村,920,908,-12,-0.013
南投縣草屯鎮御史里,7054,7042,-12,-0.002
臺南市中西區大涼里,3002,2990,-12,-0.004
花蓮縣卓溪鄉卓溪村,910,898,-12,-0.013
嘉義市西區下埤里,1818,1806,-12,-0.007
宜蘭縣頭城鎮城東里,815,803,-12,-0.015
臺南市後壁區長安里,1337,1325,-12,-0.009
南投縣鹿谷鄉和雅村,683,671,-12,-0.018
新竹縣芎林鄉中坑村,721,709,-12,-0.017
屏東縣里港鄉永春村,988,976,-12,-0.012
屏東縣里港鄉中和村,1129,1117,-12,-0.011
嘉義縣大埔鄉茄苳村,1032,1020,-12,-0.012
高雄市鹽埕區育仁里,857,845,-12,-0.014
嘉義縣布袋鎮新民里,1448,1436,-12,-0.008
嘉義縣中埔鄉中崙村,332,320,-12,-0.036
雲林縣古坑鄉古坑村,2565,2553,-12,-0.005
苗栗縣竹南鎮崎頂里,4332,4320,-12,-0.003
高雄市岡山區後紅里,4875,4863,-12,-0.002
宜蘭縣壯圍鄉美城村,2513,2501,-12,-0.005
臺中市西區公民里,5547,5535,-12,-0.002
苗栗縣後龍鎮龍坑里,1423,1411,-12,-0.008
金門縣烏坵鄉大坵村,317,305,-12,-0.038
宜蘭縣大同鄉茂安村,257,245,-12,-0.047
屏東縣屏東市建國里,1062,1050,-12,-0.011
新北市三重區承德里,1864,1852,-12,-0.006
彰化縣田尾鄉新厝村,297,285,-12,-0.04
新竹市東區武功里,5217,5205,-12,-0.002
臺中市石岡區九房里,1408,1396,-12,-0.009
花蓮縣花蓮市主睦里,715,703,-12,-0.017
澎湖縣馬公市井垵里,439,427,-12,-0.027
臺南市永康區塩行里,5762,5750,-12,-0.002
宜蘭縣三星鄉尚武村,852,840,-12,-0.014
高雄市田寮區鹿埔里,399,388,-11,-0.028
新北市蘆洲區水河里,9880,9869,-11,-0.001
新北市汐止區東山里,634,623,-11,-0.017
嘉義縣六腳鄉六腳村,814,803,-11,-0.014
嘉義縣阿里山鄉中山村,413,402,-11,-0.027
嘉義縣民雄鄉豊收村,2486,2475,-11,-0.004
臺東縣臺東市成功里,902,891,-11,-0.012
花蓮縣富里鄉新興村,642,631,-11,-0.017
嘉義縣義竹鄉傳芳村,848,837,-11,-0.013
桃園市八德區大漢里,4737,4726,-11,-0.002
南投縣仁愛鄉榮興村,59,48,-11,-0.186
花蓮縣吉安鄉稻香村,3700,3689,-11,-0.003
新北市深坑區昇高里,2187,2176,-11,-0.005
高雄市鳳山區興中里,1053,1042,-11,-0.01
高雄市路竹區竹東里,4389,4378,-11,-0.003
雲林縣虎尾鎮東屯里,1442,1431,-11,-0.008
臺中市龍井區福田里,1204,1193,-11,-0.009
新北市中和區秀義里,2761,2750,-11,-0.004
高雄市田寮區西德里,860,849,-11,-0.013
新北市汐止區宜興里,3020,3009,-11,-0.004
臺中市外埔區大同里,5659,5648,-11,-0.002
高雄市桃源區梅山里,310,299,-11,-0.035
南投縣南投市嘉興里,2440,2429,-11,-0.005
屏東縣屏東市永順里,374,363,-11,-0.029
高雄市桃源區寶山里,520,509,-11,-0.021
彰化縣埤頭鄉庄內村,1235,1224,-11,-0.009
彰化縣芳苑鄉五俊村,531,520,-11,-0.021
新竹縣新埔鎮下寮里,2767,2756,-11,-0.004
屏東縣恆春鎮四溝里,1214,1203,-11,-0.009
彰化縣竹塘鄉田頭村,1290,1279,-11,-0.009
澎湖縣湖西鄉中西村,249,238,-11,-0.044
澎湖縣馬公市中興里,887,876,-11,-0.012
新竹市香山區埔前里,3867,3856,-11,-0.003
南投縣仁愛鄉德鹿谷村,798,788,-10,-0.013
新北市三重區富福里,2174,2164,-10,-0.005
新北市坪林區上德里,915,905,-10,-0.011
嘉義市西區頭港里,2196,2186,-10,-0.005
臺中市東區東英里,8289,8279,-10,-0.001
臺北市中山區大佳里,1114,1104,-10,-0.009
屏東縣麟洛鄉田心村,923,913,-10,-0.011
新竹市北區北門里,1181,1171,-10,-0.008
花蓮縣瑞穗鄉鶴岡村,986,976,-10,-0.01
臺南市永康區龍潭里,7401,7391,-10,-0.001
桃園市新屋區埔頂里,3010,3000,-10,-0.003
彰化縣二水鄉過圳村,720,710,-10,-0.014
臺北市中正區建國里,1811,1801,-10,-0.006
南投縣埔里鎮籃城里,1050,1040,-10,-0.01
屏東縣恆春鎮頭溝里,543,533,-10,-0.018
新北市深坑區埔新里,6530,6520,-10,-0.002
桃園市平鎮區新安里,5274,5264,-10,-0.002
雲林縣北港鎮東華里,510,500,-10,-0.02
臺中市烏日區北里里,1926,1916,-10,-0.005
屏東縣長治鄉繁榮村,1616,1606,-10,-0.006
花蓮縣鳳林鎮鳳義里,700,690,-10,-0.014
南投縣水里鄉興隆村,297,287,-10,-0.034
桃園市楊梅區裕成里,3946,3936,-10,-0.003
新北市三重區二重里,1665,1655,-10,-0.006
臺中市梧棲區文化里,1380,1370,-10,-0.007
臺東縣池上鄉大埔村,890,880,-10,-0.011
彰化縣田中鎮梅州里,1505,1495,-10,-0.007
嘉義縣水上鄉中庄村,1995,1985,-10,-0.005
臺中市東勢區廣興里,1703,1693,-10,-0.006
新北市萬里區中幅里,1287,1277,-10,-0.008
桃園市大溪區仁美里,4022,4012,-10,-0.002
新北市林口區麗林里,9843,9833,-10,-0.001
高雄市鳳山區文衡里,4690,4680,-10,-0.002
臺南市安定區中榮里,2133,2123,-10,-0.005
臺南市善化區東關里,1449,1439,-10,-0.007
高雄市內門區木柵里,645,635,-10,-0.016
臺南市安定區海寮里,2926,2916,-10,-0.003
彰化縣永靖鄉福興村,1230,1220,-10,-0.008
彰化縣社頭鄉泰安村,1137,1127,-10,-0.009
臺中市和平區中坑里,510,501,-9,-0.018
宜蘭縣三星鄉萬富村,803,794,-9,-0.011
屏東縣霧臺鄉阿禮村,329,320,-9,-0.027
臺東縣達仁鄉新化村,384,375,-9,-0.023
臺東縣臺東市豐里里,2740,2731,-9,-0.003
新北市瑞芳區龍潭里,824,815,-9,-0.011
花蓮縣花蓮市民權里,544,535,-9,-0.017
臺中市南屯區三義里,8328,8319,-9,-0.001
屏東縣霧臺鄉好茶村,534,525,-9,-0.017
屏東縣萬丹鄉興安村,949,940,-9,-0.009
嘉義縣新港鄉海瀛村,546,537,-9,-0.016
屏東縣霧臺鄉佳暮村,421,412,-9,-0.021
雲林縣口湖鄉埔南村,799,790,-9,-0.011
臺中市大肚區營埔里,1736,1727,-9,-0.005
彰化縣埔鹽鄉永平村,1258,1249,-9,-0.007
屏東縣獅子鄉內文村,264,255,-9,-0.034
高雄市左營區聖西里,362,353,-9,-0.025
宜蘭縣大同鄉太平村,56,47,-9,-0.161
新北市瑞芳區福住里,183,174,-9,-0.049
新北市石碇區豐林里,344,335,-9,-0.026
臺中市石岡區和盛里,1375,1366,-9,-0.007
高雄市大樹區大樹里,2879,2870,-9,-0.003
南投縣南投市東山里,453,444,-9,-0.02
雲林縣虎尾鎮芳草里,1018,1009,-9,-0.009
彰化縣永靖鄉同仁村,967,958,-9,-0.009
高雄市苓雅區五權里,2324,2315,-9,-0.004
新北市五股區德音里,5527,5518,-9,-0.002
嘉義縣中埔鄉三層村,706,697,-9,-0.013
新北市新店區明城里,3587,3578,-9,-0.003
屏東縣春日鄉七佳村,1140,1131,-9,-0.008
彰化縣芬園鄉社口村,2848,2839,-9,-0.003
新北市板橋區雙玉里,4418,4409,-9,-0.002
新竹縣湖口鄉鳳山村,3740,3731,-9,-0.002
澎湖縣湖西鄉潭邊村,334,325,-9,-0.027
新北市深坑區萬福里,2759,2750,-9,-0.003
臺南市官田區南廍里,1421,1412,-9,-0.006
澎湖縣白沙鄉中屯村,621,612,-9,-0.014
澎湖縣西嶼鄉二崁村,156,147,-9,-0.058
高雄市桃源區復興里,346,337,-9,-0.026
嘉義縣東石鄉海埔村,423,414,-9,-0.021
基隆市中山區安平里,833,824,-9,-0.011
屏東縣長治鄉潭頭村,2264,2255,-9,-0.004
屏東縣潮州鎮新榮里,1389,1380,-9,-0.006
新竹縣尖石鄉嘉樂村,971,962,-9,-0.009
花蓮縣新城鄉順安村,1020,1011,-9,-0.009
連江縣南竿鄉介壽村,2373,2364,-9,-0.004
嘉義縣東石鄉猿樹村,1046,1037,-9,-0.009
花蓮縣吉安鄉宜昌村,4651,4642,-9,-0.002
苗栗縣頭屋鄉飛鳳村,413,404,-9,-0.022
屏東縣來義鄉丹林村,856,847,-9,-0.011
屏東縣九如鄉耆老村,1409,1401,-8,-0.006
臺南市永康區北灣里,5029,5021,-8,-0.002
宜蘭縣冬山鄉廣興村,2774,2766,-8,-0.003
嘉義縣竹崎鄉義隆村,710,702,-8,-0.011
雲林縣四湖鄉溪尾村,801,793,-8,-0.01
高雄市永安區永安里,1786,1778,-8,-0.004
新北市中和區國華里,3486,3478,-8,-0.002
高雄市那瑪夏區瑪雅里,805,797,-8,-0.01
澎湖縣白沙鄉鎮海村,171,163,-8,-0.047
高雄市大樹區竹寮里,3077,3069,-8,-0.003
連江縣東引鄉中柳村,648,640,-8,-0.012
基隆市仁愛區新店里,649,641,-8,-0.012
臺南市柳營區中埕里,1266,1258,-8,-0.006
宜蘭縣壯圍鄉古亭村,1788,1780,-8,-0.004
屏東縣萬丹鄉水仙村,651,643,-8,-0.012
桃園市大溪區一心里,5724,5716,-8,-0.001
臺東縣池上鄉大坡村,358,350,-8,-0.022
新竹縣芎林鄉水坑村,907,899,-8,-0.009
彰化縣伸港鄉蚵寮村,1329,1321,-8,-0.006
宜蘭縣冬山鄉三奇村,1031,1023,-8,-0.008
彰化縣花壇鄉白沙村,5293,5285,-8,-0.002
臺南市關廟區五甲里,3656,3648,-8,-0.002
臺東縣臺東市知本里,1557,1549,-8,-0.005
臺南市官田區大崎里,431,423,-8,-0.019
新北市八里區下罟里,1792,1784,-8,-0.004
苗栗縣苑裡鎮水坡里,718,710,-8,-0.011
彰化縣和美鎮糖友里,5134,5126,-8,-0.002
基隆市七堵區友二里,493,485,-8,-0.016
金門縣烏坵鄉小坵村,365,357,-8,-0.022
臺中市東勢區福隆里,4325,4318,-7,-0.002
嘉義縣民雄鄉東興村,586,579,-7,-0.012
彰化縣彰化市忠權里,3869,3862,-7,-0.002
屏東縣屏東市大埔里,803,796,-7,-0.009
澎湖縣西嶼鄉小門村,323,316,-7,-0.022
新北市三重區慈化里,2615,2608,-7,-0.003
桃園市新屋區新屋里,3495,3488,-7,-0.002
苗栗縣頭份市仁愛里,1864,1857,-7,-0.004
花蓮縣鳳林鎮森榮里,96,89,-7,-0.073
苗栗縣竹南鎮營盤里,4328,4321,-7,-0.002
新北市金山區豐漁里,568,561,-7,-0.012
屏東縣竹田鄉履豐村,654,647,-7,-0.011
嘉義縣水上鄉內溪村,1288,1281,-7,-0.005
宜蘭縣羅東鎮仁愛里,4529,4522,-7,-0.002
新北市淡水區竹圍里,6318,6311,-7,-0.001
新北市板橋區聯翠里,3789,3782,-7,-0.002
新北市淡水區中和里,627,620,-7,-0.011
彰化縣埤頭鄉興農村,2082,2075,-7,-0.003
嘉義縣阿里山鄉里佳村,288,281,-7,-0.024
雲林縣斗六市仁愛里,1335,1328,-7,-0.005
臺南市柳營區大農里,723,716,-7,-0.01
基隆市七堵區長興里,4329,4322,-7,-0.002
彰化縣員林市振興里,3156,3149,-7,-0.002
桃園市桃園區大業里,6255,6248,-7,-0.001
基隆市中正區中砂里,1723,1716,-7,-0.004
澎湖縣七美鄉平和村,409,402,-7,-0.017
宜蘭縣大同鄉崙埤村,794,787,-7,-0.009
高雄市燕巢區角宿里,3038,3031,-7,-0.002
臺東縣池上鄉富興村,445,438,-7,-0.016
臺中市清水區吳厝里,1759,1752,-7,-0.004
彰化縣田中鎮沙崙里,2151,2144,-7,-0.003
高雄市岡山區和平里,355,348,-7,-0.02
澎湖縣湖西鄉沙港村,889,882,-7,-0.008
高雄市田寮區大同里,397,391,-6,-0.015
彰化縣北斗鎮大道里,2321,2315,-6,-0.003
新北市新莊區泰豐里,2595,2589,-6,-0.002
澎湖縣白沙鄉城前村,122,116,-6,-0.049
高雄市彌陀區南寮里,2407,2401,-6,-0.002
嘉義縣水上鄉南鄉村,1039,1033,-6,-0.006
臺東縣臺東市自強里,5313,5307,-6,-0.001
新北市林口區湖北里,1608,1602,-6,-0.004
桃園市大溪區光明里,2848,2842,-6,-0.002
基隆市七堵區六堵里,2569,2563,-6,-0.002
高雄市彌陀區過港里,1072,1066,-6,-0.006
桃園市蘆竹區五福里,3035,3029,-6,-0.002
桃園市大溪區美華里,3507,3501,-6,-0.002
宜蘭縣頭城鎮城南里,752,746,-6,-0.008
臺南市龍崎區中坑里,148,142,-6,-0.041
彰化縣線西鄉寓埔村,2784,2778,-6,-0.002
臺南市龍崎區楠坑里,404,398,-6,-0.015
臺中市和平區天輪里,482,476,-6,-0.012
臺南市北區雙安里,2648,2642,-6,-0.002
宜蘭縣南澳鄉金洋村,626,620,-6,-0.01
宜蘭縣冬山鄉冬山村,797,791,-6,-0.008
澎湖縣白沙鄉港子村,324,318,-6,-0.019
臺中市外埔區馬鳴里,1626,1620,-6,-0.004
臺東縣達仁鄉台坂村,706,700,-6,-0.008
新北市板橋區幸福里,4064,4058,-6,-0.001
屏東縣恆春鎮德和里,1121,1115,-6,-0.005
高雄市旗山區中寮里,183,177,-6,-0.033
新北市三重區同慶里,1819,1813,-6,-0.003
澎湖縣白沙鄉大倉村,287,281,-6,-0.021
宜蘭縣三星鄉尾塹村,1594,1588,-6,-0.004
臺南市安南區四草里,2210,2204,-6,-0.003
雲林縣四湖鄉四湖村,1983,1977,-6,-0.003
彰化縣溪州鄉舊眉村,1653,1648,-5,-0.003
基隆市暖暖區八堵里,708,703,-5,-0.007
基隆市信義區義和里,1667,1662,-5,-0.003
新竹縣新豐鄉福興村,1209,1204,-5,-0.004
臺東縣太麻里鄉北里村,632,627,-5,-0.008
臺南市七股區永吉里,1118,1113,-5,-0.004
新北市三重區開元里,1552,1547,-5,-0.003
澎湖縣西嶼鄉池西村,231,226,-5,-0.022
臺南市佳里區六安里,4825,4820,-5,-0.001
南投縣南投市千秋里,1160,1155,-5,-0.004
新北市樹林區圳民里,2956,2951,-5,-0.002
屏東縣萬丹鄉社皮村,2274,2269,-5,-0.002
桃園市觀音區大堀里,1765,1760,-5,-0.003
彰化縣埤頭鄉中和村,1724,1719,-5,-0.003
屏東縣春日鄉士文村,395,390,-5,-0.013
金門縣金沙鎮官嶼里,2402,2397,-5,-0.002
南投縣南投市南投里,669,664,-5,-0.007
雲林縣莿桐鄉莿桐村,4947,4942,-5,-0.001
臺東縣池上鄉振興村,483,478,-5,-0.01
臺南市安定區嘉同里,2691,2686,-5,-0.002
桃園市蘆竹區興榮里,3558,3553,-5,-0.001
新北市坪林區大林里,1287,1282,-5,-0.004
花蓮縣富里鄉羅山村,497,492,-5,-0.01
新北市汐止區福德里,3300,3295,-5,-0.002
苗栗縣獅潭鄉百壽村,355,350,-5,-0.014
新北市中和區宜安里,1914,1909,-5,-0.003
花蓮縣富里鄉吳江村,522,517,-5,-0.01
高雄市仁武區考潭里,2942,2937,-5,-0.002
桃園市楊梅區高上里,3268,3263,-5,-0.002
臺北市大同區揚雅里,4494,4489,-5,-0.001
新竹市東區寺前里,824,819,-5,-0.006
宜蘭縣宜蘭市七張里,1766,1761,-5,-0.003
高雄市岡山區劉厝里,1617,1612,-5,-0.003
雲林縣斗六市保庄里,6455,6451,-4,-0.001
新北市中和區瑞穗里,2494,2490,-4,-0.002
宜蘭縣壯圍鄉東港村,1088,1084,-4,-0.004
花蓮縣卓溪鄉卓清村,1283,1279,-4,-0.003
桃園市平鎮區華安里,5212,5208,-4,-0.001
屏東縣春日鄉歸崇村,790,786,-4,-0.005
新北市深坑區阿柔里,631,627,-4,-0.006
臺東縣卑南鄉賓朗村,2512,2508,-4,-0.002
桃園市觀音區武威里,1071,1067,-4,-0.004
花蓮縣卓溪鄉太平村,882,878,-4,-0.005
高雄市路竹區甲北里,2470,2466,-4,-0.002
新北市坪林區石𥕢里,454,450,-4,-0.009
臺中市豐原區陽明里,3476,3472,-4,-0.001
花蓮縣花蓮市民樂里,706,702,-4,-0.006
新北市板橋區民生里,2334,2330,-4,-0.002
屏東縣高樹鄉大埔村,647,643,-4,-0.006
雲林縣斗南鎮新南里,783,779,-4,-0.005
彰化縣線西鄉德興村,1571,1567,-4,-0.003
桃園市龜山區大坑里,2305,2301,-4,-0.002
基隆市暖暖區八南里,824,820,-4,-0.005
連江縣北竿鄉白沙村,151,147,-4,-0.026
臺南市東山區南溪里,462,458,-4,-0.009
南投縣水里鄉玉峰村,904,900,-4,-0.004
南投縣草屯鎮玉峰里,2509,2505,-4,-0.002
新北市土城區中正里,3389,3385,-4,-0.001
新北市三峽區二鬮里,3749,3745,-4,-0.001
新竹市東區新莊里,6984,6980,-4,-0.001
新北市平溪區望古里,154,150,-4,-0.026
屏東縣屏東市民權里,639,635,-4,-0.006
屏東縣萬巒鄉新厝村,1478,1474,-4,-0.003
連江縣南竿鄉四維村,167,163,-4,-0.024
彰化縣埔鹽鄉崑崙村,1258,1255,-3,-0.002
屏東縣三地門鄉賽嘉村,891,888,-3,-0.003
花蓮縣壽豐鄉鹽寮村,545,542,-3,-0.006
桃園市八德區高城里,3752,3749,-3,-0.001
宜蘭縣頭城鎮大溪里,993,990,-3,-0.003
桃園市中壢區忠孝里,5877,5874,-3,-0.001
澎湖縣湖西鄉白坑村,327,324,-3,-0.009
新竹市北區仁德里,822,819,-3,-0.004
屏東縣里港鄉鐵店村,1683,1680,-3,-0.002
連江縣南竿鄉津沙村,435,432,-3,-0.007
臺南市後壁區嘉苳里,1465,1462,-3,-0.002
新北市深坑區賴仲里,2369,2366,-3,-0.001
嘉義縣竹崎鄉緞繻村,1006,1003,-3,-0.003
彰化縣鹿港鎮草中里,3785,3782,-3,-0.001
彰化縣田尾鄉北鎮村,1386,1383,-3,-0.002
高雄市前鎮區平昌里,711,708,-3,-0.004
新北市板橋區仁翠里,2909,2906,-3,-0.001
高雄市橋頭區三德里,915,912,-3,-0.003
高雄市永安區鹽田里,432,429,-3,-0.007
彰化縣社頭鄉朝興村,1258,1255,-3,-0.002
彰化縣溪州鄉榮光村,964,961,-3,-0.003
屏東縣來義鄉義林村,688,685,-3,-0.004
桃園市桃園區中聖里,6734,6731,-3,-0
新北市汐止區崇德里,5308,5305,-3,-0.001
彰化縣永靖鄉東寧村,2250,2247,-3,-0.001
臺東縣延平鄉永康村,391,389,-2,-0.005
彰化縣彰化市卦山里,2892,2890,-2,-0.001
高雄市岡山區灣裡里,2224,2222,-2,-0.001
新北市汐止區樟樹里,2215,2213,-2,-0.001
宜蘭縣南澳鄉東岳村,569,567,-2,-0.004
彰化縣田中鎮東源里,872,870,-2,-0.002
雲林縣臺西鄉海南村,1233,1231,-2,-0.002
臺東縣海端鄉加拿村,621,619,-2,-0.003
臺東縣延平鄉紅葉村,517,515,-2,-0.004
新北市汐止區大同里,2917,2915,-2,-0.001
屏東縣萬丹鄉四維村,2419,2417,-2,-0.001
新北市三重區同安里,1481,1479,-2,-0.001
澎湖縣望安鄉將軍村,1612,1610,-2,-0.001
臺東縣延平鄉武陵村,736,734,-2,-0.003
新北市土城區長風里,2114,2112,-2,-0.001
澎湖縣湖西鄉青螺村,267,265,-2,-0.007
新北市萬里區磺潭里,651,649,-2,-0.003
高雄市桃源區桃源里,991,989,-2,-0.002
新北市土城區學士里,5056,5054,-2,-0
臺中市太平區東和里,3398,3396,-2,-0.001
新竹縣湖口鄉信勢村,6401,6399,-2,-0
臺中市和平區自由里,1251,1249,-2,-0.002
澎湖縣西嶼鄉大池村,739,737,-2,-0.003
澎湖縣西嶼鄉赤馬村,649,647,-2,-0.003
高雄市鳳山區誠德里,2999,2997,-2,-0.001
彰化縣田尾鄉田尾村,1503,1502,-1,-0.001
嘉義縣阿里山鄉十字村,344,343,-1,-0.003
新北市土城區頂福里,5547,5546,-1,-0
彰化縣二林鎮廣興里,1545,1544,-1,-0.001
新北市石碇區豐田里,428,427,-1,-0.002
屏東縣牡丹鄉東源村,496,495,-1,-0.002
新北市烏來區忠治里,1877,1876,-1,-0.001
澎湖縣湖西鄉太武村,99,98,-1,-0.01
高雄市岡山區福興里,1199,1198,-1,-0.001
新北市汐止區信望里,346,345,-1,-0.003
臺中市后里區厚里里,2556,2555,-1,-0
新北市淡水區新民里,4920,4919,-1,-0
嘉義縣民雄鄉三興村,1579,1578,-1,-0.001
彰化縣二林鎮萬興里,899,898,-1,-0.001
宜蘭縣宜蘭市小東里,1839,1838,-1,-0.001
新北市泰山區同榮里,4315,4314,-1,-0
彰化縣溪州鄉三圳村,1443,1442,-1,-0.001
新北市三峽區三峽里,322,321,-1,-0.003
臺中市烏日區五光里,1925,1924,-1,-0.001
南投縣南投市崇文里,1139,1138,-1,-0.001
南投縣竹山鎮坪頂里,493,492,-1,-0.002
金門縣金湖鎮山外里,3802,3801,-1,-0
新竹縣尖石鄉梅花村,781,780,-1,-0.001
新北市永和區河濱里,3282,3281,-1,-0
新北市三重區光輝里,1560,1559,-1,-0.001
臺東縣蘭嶼鄉朗島村,943,942,-1,-0.001
臺東縣金峰鄉歷坵村,396,395,-1,-0.003
新北市萬里區雙興里,1066,1065,-1,-0.001
宜蘭縣蘇澳鎮長安里,615,614,-1,-0.002
金門縣金沙鎮何斗里,2227,2226,-1,-0
新北市八里區長坑里,1786,1785,-1,-0.001
臺南市新化區全興里,3259,3258,-1,-0
新北市蘆洲區中華里,3464,3463,-1,-0
嘉義縣中埔鄉義仁村,1698,1697,-1,-0.001
臺東縣臺東市豐樂里,1778,1777,-1,-0.001
新北市平溪區新寮里,164,163,-1,-0.006
宜蘭縣冬山鄉廣安村,1871,1870,-1,-0.001
新北市瑞芳區龍安里,677,676,-1,-0.001
苗栗縣苗栗市青苗里,1170,1169,-1,-0.001
新竹縣竹東鎮員山里,2144,2144,0,0
高雄市岡山區為隨里,777,777,0,0
臺南市七股區溪南里,386,386,0,0
南投縣仁愛鄉都達村,814,814,0,0
高雄市楠梓區久昌里,3253,3253,0,0
桃園市蘆竹區南崁里,4330,4330,0,0
彰化縣溪湖鎮西溪里,2186,2186,0,0
新北市板橋區光榮里,2640,2640,0,0
宜蘭縣三星鄉大洲村,1760,1760,0,0
基隆市中正區建國里,2218,2218,0,0
臺東縣臺東市康樂里,1574,1574,0,0
高雄市茄萣區白雲里,1945,1945,0,0
彰化縣秀水鄉莊雅村,3249,3249,0,0
嘉義市東區文雅里,4556,4556,0,0
高雄市大寮區新厝里,1899,1899,0,0
臺南市山上區玉峯里,592,592,0,0
桃園市楊梅區高山里,4614,4614,0,0
臺中市北區賴福里,4708,4708,0,0
基隆市信義區孝岡里,1538,1538,0,0
屏東縣內埔鄉竹圍村,2059,2059,0,0
屏東縣來義鄉來義村,1100,1100,0,0
臺中市南屯區春社里,7591,7592,1,0
臺南市安定區港口里,3434,3435,1,0
新竹市香山區南隘里,953,954,1,0.001
宜蘭縣壯圍鄉功勞村,1406,1407,1,0.001
金門縣金沙鎮大洋里,1266,1267,1,0.001
雲林縣虎尾鎮公安里,3537,3538,1,0
新北市新店區文中里,1777,1778,1,0.001
彰化縣北斗鎮大新里,2026,2027,1,0
彰化縣北斗鎮新生里,2353,2354,1,0
苗栗縣苑裡鎮泰田里,1869,1870,1,0.001
澎湖縣西嶼鄉池東村,708,709,1,0.001
新竹市東區中正里,729,730,1,0.001
新北市瑞芳區新峰里,3647,3648,1,0
苗栗縣頭份市和平里,1228,1229,1,0.001
宜蘭縣三星鄉人和村,491,492,1,0.002
臺中市北屯區民德里,1049,1051,2,0.002
臺東縣卑南鄉利吉村,485,487,2,0.004
彰化縣竹塘鄉竹塘村,2405,2407,2,0.001
新北市坪林區水德里,691,693,2,0.003
新竹市東區千甲里,2545,2547,2,0.001
高雄市甲仙區和安里,729,731,2,0.003
彰化縣溪湖鎮湖西里,2719,2721,2,0.001
高雄市阿蓮區玉庫里,1170,1172,2,0.002
新北市中和區錦昌里,2325,2327,2,0.001
桃園市蘆竹區福祿里,4147,4149,2,0
高雄市美濃區泰安里,1757,1759,2,0.001
新北市樹林區圳安里,3823,3825,2,0.001
屏東縣來義鄉南和村,1423,1425,2,0.001
彰化縣伸港鄉全興村,2089,2091,2,0.001
高雄市鳳山區誠智里,3084,3086,2,0.001
彰化縣彰化市茄苳里,1118,1120,2,0.002
新北市淡水區油車里,5626,5628,2,0
新北市烏來區信賢里,589,591,2,0.003
新北市林口區下福里,1446,1448,2,0.001
屏東縣萬丹鄉萬後村,873,875,2,0.002
高雄市內門區內興里,665,667,2,0.003
嘉義市東區芳安里,2507,2510,3,0.001
高雄市燕巢區鳳雄里,2727,2730,3,0.001
屏東縣三地門鄉安坡村,586,589,3,0.005
花蓮縣秀林鄉富世村,2255,2258,3,0.001
新北市板橋區福祿里,4126,4129,3,0.001
高雄市湖內區逸賢里,1292,1295,3,0.002
新北市平溪區平溪里,265,268,3,0.011
臺中市沙鹿區清泉里,2780,2783,3,0.001
臺南市仁德區大甲里,2446,2449,3,0.001
花蓮縣鳳林鎮北林里,616,619,3,0.005
基隆市信義區義民里,790,793,3,0.004
彰化縣彰化市龍山里,2281,2284,3,0.001
澎湖縣馬公市復興里,519,522,3,0.006
臺南市麻豆區晋江里,2959,2962,3,0.001
桃園市龜山區南上里,2233,2236,3,0.001
新北市鶯歌區東湖里,275,278,3,0.011
彰化縣溪州鄉尾厝村,2182,2185,3,0.001
屏東縣潮州鎮九塊里,1846,1849,3,0.002
高雄市岡山區潭底里,870,873,3,0.003
屏東縣潮州鎮興美里,1015,1018,3,0.003
雲林縣斗南鎮埤麻里,875,878,3,0.003
臺南市中西區西賢里,5722,5725,3,0.001
屏東縣獅子鄉獅子村,594,597,3,0.005
屏東縣春日鄉力里村,592,595,3,0.005
花蓮縣卓溪鄉崙山村,677,680,3,0.004
桃園市蘆竹區福興里,4589,4593,4,0.001
彰化縣和美鎮嘉寶里,2399,2403,4,0.002
屏東縣里港鄉瀰力村,562,566,4,0.007
臺東縣金峰鄉新興村,647,651,4,0.006
屏東縣泰武鄉萬安村,1000,1004,4,0.004
桃園市龜山區嶺頂里,4696,4700,4,0.001
南投縣草屯鎮上林里,3591,3595,4,0.001
臺中市東區樂成里,2594,2598,4,0.002
桃園市龍潭區永興里,3351,3355,4,0.001
宜蘭縣頭城鎮合興里,374,378,4,0.011
高雄市桃源區拉芙蘭里,285,289,4,0.014
新竹縣新豐鄉埔和村,3184,3188,4,0.001
臺東縣臺東市建農里,2288,2292,4,0.002
屏東縣萬巒鄉赤山村,1904,1908,4,0.002
苗栗縣竹南鎮中英里,1731,1735,4,0.002
嘉義縣竹崎鄉仁壽村,256,260,4,0.016
澎湖縣西嶼鄉橫礁村,338,342,4,0.012
新竹縣竹東鎮員崠里,2579,2584,5,0.002
連江縣莒光鄉田沃村,214,219,5,0.023
嘉義縣朴子市平和里,2833,2838,5,0.002
高雄市小港區鳳宮里,3091,3096,5,0.002
新北市新店區龜山里,1741,1746,5,0.003
嘉義市西區西平里,3953,3958,5,0.001
新北市板橋區滿翠里,3038,3043,5,0.002
澎湖縣白沙鄉小赤村,187,192,5,0.027
屏東縣屏東市文明里,281,286,5,0.018
桃園市八德區大千里,2742,2747,5,0.002
高雄市林園區文賢里,2772,2777,5,0.002
彰化縣埔心鄉南舘村,1231,1236,5,0.004
澎湖縣湖西鄉北寮村,376,381,5,0.013
屏東縣萬丹鄉田厝村,1152,1157,5,0.004
高雄市鹽埕區光明里,1518,1523,5,0.003
南投縣南投市平山里,6249,6254,5,0.001
花蓮縣花蓮市國光里,1460,1466,6,0.004
南投縣仁愛鄉新生村,474,480,6,0.013
屏東縣三地門鄉青山村,850,856,6,0.007
桃園市八德區大忠里,2368,2374,6,0.003
澎湖縣望安鄉西坪村,251,257,6,0.024
臺南市七股區頂山里,858,864,6,0.007
澎湖縣望安鄉花嶼村,361,367,6,0.017
新北市八里區舊城里,7608,7614,6,0.001
高雄市大社區保社里,3585,3591,6,0.002
彰化縣彰化市竹巷里,956,962,6,0.006
新北市汐止區烘內里,1581,1587,6,0.004
新北市蘆洲區信義里,4207,4213,6,0.001
澎湖縣西嶼鄉內垵村,1435,1441,6,0.004
基隆市七堵區長安里,2855,2861,6,0.002
新竹市香山區海山里,2780,2786,6,0.002
臺東縣臺東市建和里,1596,1602,6,0.004
基隆市中正區砂灣里,2220,2226,6,0.003
金門縣烈嶼鄉黃埔村,1786,1792,6,0.003
彰化縣秀水鄉金陵村,2074,2080,6,0.003
新北市汐止區長安里,1670,1676,6,0.004
新北市泰山區山腳里,7141,7148,7,0.001
彰化縣花壇鄉崙雅村,1665,1672,7,0.004
宜蘭縣礁溪鄉二結村,470,477,7,0.015
新北市中和區灰󿾨里,819,826,7,0.009
彰化縣鹿港鎮東石里,5406,5413,7,0.001
澎湖縣望安鄉西安村,501,508,7,0.014
宜蘭縣宜蘭市七結里,3142,3149,7,0.002
桃園市八德區大發里,2362,2369,7,0.003
花蓮縣花蓮市民享里,3422,3429,7,0.002
彰化縣永靖鄉永北村,2567,2574,7,0.003
嘉義縣太保市後潭里,1962,1969,7,0.004
宜蘭縣大同鄉松羅村,850,857,7,0.008
宜蘭縣壯圍鄉新社村,1160,1167,7,0.006
臺南市關廟區新埔里,1193,1200,7,0.006
花蓮縣吉安鄉東昌村,6205,6212,7,0.001
屏東縣來義鄉古樓村,1286,1293,7,0.005
彰化縣溪湖鎮北勢里,1680,1687,7,0.004
彰化縣彰化市介壽里,2988,2995,7,0.002
苗栗縣苑裡鎮苑坑里,1043,1051,8,0.008
南投縣中寮鄉龍岩村,726,734,8,0.011
澎湖縣白沙鄉瓦硐村,312,320,8,0.026
嘉義縣阿里山鄉茶山村,295,303,8,0.027
新竹縣湖口鄉愛勢村,4787,4795,8,0.002
宜蘭縣宜蘭市進士里,2464,2472,8,0.003
彰化縣埔心鄉義民村,1818,1826,8,0.004
雲林縣虎尾鎮安溪里,2015,2023,8,0.004
桃園市龜山區龍壽里,2007,2015,8,0.004
新北市板橋區富貴里,2328,2336,8,0.003
桃園市桃園區同德里,7912,7920,8,0.001
雲林縣崙背鄉羅厝村,2381,2389,8,0.003
新北市樹林區光興里,4183,4191,8,0.002
花蓮縣鳳林鎮鳳仁里,1342,1350,8,0.006
彰化縣彰化市香山里,3922,3930,8,0.002
彰化縣溪湖鎮河東里,2113,2121,8,0.004
新北市中和區嘉穗里,2919,2927,8,0.003
花蓮縣花蓮市民心里,1023,1031,8,0.008
新北市坪林區粗窟里,922,930,8,0.009
雲林縣斗六市溝埧里,761,769,8,0.011
花蓮縣鳳林鎮鳳信里,1495,1503,8,0.005
花蓮縣花蓮市民運里,2218,2226,8,0.004
屏東縣三地門鄉達來村,401,409,8,0.02
臺中市神岡區庄後里,2657,2666,9,0.003
嘉義市西區車店里,7346,7355,9,0.001
新北市石碇區永安里,916,925,9,0.01
高雄市大寮區會結里,1758,1767,9,0.005
宜蘭縣南澳鄉澳花村,964,973,9,0.009
屏東縣南州鄉仁里村,517,526,9,0.017
臺東縣卑南鄉利嘉村,1279,1288,9,0.007
臺東縣蘭嶼鄉椰油村,1197,1206,9,0.008
澎湖縣西嶼鄉外垵村,2385,2394,9,0.004
屏東縣萬丹鄉萬生村,1600,1609,9,0.006
新北市淡水區北新里,2940,2949,9,0.003
臺南市永康區復國里,9763,9772,9,0.001
南投縣信義鄉地利村,1145,1154,9,0.008
屏東縣屏東市崇武里,3471,3480,9,0.003
臺中市西屯區至善里,5322,5331,9,0.002
臺中市南區永興里,9558,9567,9,0.001
臺東縣太麻里鄉香蘭村,898,907,9,0.01
新北市八里區米倉里,3703,3712,9,0.002
新北市新店區新店里,1833,1842,9,0.005
桃園市復興區三光里,860,869,9,0.01
新北市新莊區昌信里,3991,4001,10,0.003
基隆市仁愛區和明里,2391,2401,10,0.004
嘉義縣民雄鄉文隆村,2795,2805,10,0.004
苗栗縣頭份市信義里,1089,1099,10,0.009
桃園市中壢區幸福里,7107,7117,10,0.001
彰化縣田尾鄉溪畔村,1426,1436,10,0.007
彰化縣埔鹽鄉南港村,1981,1991,10,0.005
臺南市鹽水區水秀里,1799,1809,10,0.006
宜蘭縣頭城鎮金面里,1960,1970,10,0.005
高雄市大寮區上寮里,2817,2827,10,0.004
臺南市安南區長安里,5607,5617,10,0.002
新北市中和區枋寮里,3809,3819,10,0.003
臺中市龍井區三德里,3510,3520,10,0.003
宜蘭縣礁溪鄉三民村,2751,2761,10,0.004
臺中市北屯區同榮里,6236,6246,10,0.002
宜蘭縣頭城鎮石城里,314,324,10,0.032
臺東縣蘭嶼鄉紅頭村,1467,1477,10,0.007
嘉義縣水上鄉寬士村,4681,4691,10,0.002
臺中市大甲區武曲里,2157,2167,10,0.005
臺中市沙鹿區公明里,5247,5258,11,0.002
屏東縣崁頂鄉崁頂村,2995,3006,11,0.004
桃園市八德區大同里,1801,1812,11,0.006
臺中市北屯區平和里,6233,6244,11,0.002
新北市汐止區環河里,1251,1262,11,0.009
嘉義市西區自強里,1980,1991,11,0.006
高雄市仁武區仁福里,932,943,11,0.012
澎湖縣七美鄉西湖村,659,670,11,0.017
臺南市將軍區長榮里,1274,1285,11,0.009
南投縣水里鄉北埔村,1151,1162,11,0.01
新北市新莊區民本里,3076,3087,11,0.004
新北市新店區寶福里,7420,7431,11,0.001
屏東縣潮州鎮新生里,1091,1102,11,0.01
臺東縣臺東市富豐里,973,984,11,0.011
臺中市烏日區南里里,1553,1564,11,0.007
新北市淡水區鄧公里,6375,6386,11,0.002
高雄市仁武區仁慈里,2513,2524,11,0.004
澎湖縣馬公市鎖港里,2857,2868,11,0.004
南投縣仁愛鄉萬豐村,841,852,11,0.013
臺南市東區衛國里,1772,1783,11,0.006
彰化縣社頭鄉松竹村,1193,1204,11,0.009
新北市樹林區山佳里,6010,6021,11,0.002
宜蘭縣礁溪鄉吳沙村,2901,2912,11,0.004
新北市新店區廣明里,849,860,11,0.013
臺中市大雅區橫山里,5192,5203,11,0.002
新北市板橋區玉光里,5648,5659,11,0.002
宜蘭縣頭城鎮龜山里,797,808,11,0.014
澎湖縣馬公市菜園里,477,488,11,0.023
新竹市北區西門里,631,643,12,0.019
新北市三峽區大埔里,4285,4297,12,0.003
桃園市桃園區北門里,1938,1950,12,0.006
屏東縣東港鎮興農里,1612,1624,12,0.007
新北市三重區錦田里,2145,2157,12,0.006
彰化縣大村鄉茄苳村,1830,1842,12,0.007
南投縣埔里鎮珠格里,1327,1339,12,0.009
屏東縣春日鄉春日村,1174,1186,12,0.01
屏東縣春日鄉古華村,818,830,12,0.015
屏東縣潮州鎮光春里,1622,1634,12,0.007
臺南市安定區文科里,1827,1839,12,0.007
臺中市南屯區南屯里,10883,10896,13,0.001
新北市土城區大安里,5089,5102,13,0.003
花蓮縣花蓮市國安里,617,630,13,0.021
新北市深坑區土庫里,3144,3157,13,0.004
嘉義市東區圳頭里,4956,4969,13,0.003
高雄市鳳山區五福里,3649,3662,13,0.004
高雄市三民區十全里,1907,1920,13,0.007
基隆市中山區中山里,1063,1076,13,0.012
新北市蘆洲區南港里,6281,6294,13,0.002
高雄市湖內區葉厝里,3149,3162,13,0.004
高雄市茄萣區嘉安里,2092,2105,13,0.006
澎湖縣馬公市安宅里,694,707,13,0.019
澎湖縣湖西鄉南寮村,759,772,13,0.017
花蓮縣秀林鄉景美村,2204,2217,13,0.006
新北市板橋區深丘里,9313,9326,13,0.001
桃園市八德區大明里,4347,4360,13,0.003
基隆市信義區孝賢里,3964,3978,14,0.004
新竹市東區福德里,1612,1626,14,0.009
嘉義縣大林鎮西林里,2073,2087,14,0.007
新北市土城區土城里,2176,2190,14,0.006
南投縣信義鄉望美村,1887,1901,14,0.007
新北市永和區復興里,2418,2432,14,0.006
臺南市安定區安加里,2510,2524,14,0.006
新竹縣竹東鎮榮華里,8715,8729,14,0.002
臺中市西區三民里,3131,3145,14,0.004
彰化縣埤頭鄉平原村,2699,2713,14,0.005
宜蘭縣宜蘭市負郭里,3730,3744,14,0.004
澎湖縣馬公市光榮里,4726,4740,14,0.003
嘉義縣民雄鄉北斗村,6210,6224,14,0.002
臺中市西屯區大福里,3723,3737,14,0.004
新竹縣尖石鄉玉峰村,1799,1813,14,0.008
高雄市大寮區江山里,2116,2130,14,0.007
新北市八里區訊塘里,4961,4975,14,0.003
桃園市龍潭區富林里,4051,4065,14,0.003
臺中市和平區平等里,1021,1036,15,0.015
苗栗縣通霄鎮五南里,1500,1515,15,0.01
高雄市鳳山區天興里,4041,4056,15,0.004
宜蘭縣三星鄉貴林村,561,576,15,0.027
桃園市新屋區永興里,1126,1141,15,0.013
臺東縣臺東市卑南里,3168,3183,15,0.005
宜蘭縣礁溪鄉時潮村,1627,1642,15,0.009
澎湖縣七美鄉東湖村,264,279,15,0.057
桃園市中壢區健行里,5870,5885,15,0.003
新北市中和區秀福里,4815,4830,15,0.003
彰化縣埔心鄉瓦中村,2207,2222,15,0.007
屏東縣內埔鄉和興村,3184,3199,15,0.005
宜蘭縣冬山鄉東城村,1665,1680,15,0.009
彰化縣埔心鄉仁里村,1454,1469,15,0.01
臺南市麻豆區寮廍里,1869,1884,15,0.008
新北市永和區豫溪里,4921,4936,15,0.003
臺中市大里區長榮里,10771,10786,15,0.001
臺南市安南區城西里,1651,1666,15,0.009
基隆市中山區德安里,4333,4348,15,0.003
臺南市柳營區東昇里,3073,3088,15,0.005
臺南市善化區文正里,1939,1954,15,0.008
澎湖縣湖西鄉湖東村,378,393,15,0.04
屏東縣泰武鄉平和村,747,762,15,0.02
屏東縣佳冬鄉佳冬村,1647,1662,15,0.009
高雄市大寮區義和里,2464,2479,15,0.006
嘉義縣中埔鄉富收村,3262,3277,15,0.005
屏東縣獅子鄉南世村,402,418,16,0.04
金門縣金城鎮珠沙里,3164,3180,16,0.005
屏東縣萬巒鄉佳佐村,1900,1916,16,0.008
新北市板橋區留侯里,1649,1665,16,0.01
高雄市湖內區大湖里,4250,4266,16,0.004
新竹縣竹北市文化里,4415,4431,16,0.004
臺中市清水區武鹿里,3878,3894,16,0.004
宜蘭縣南澳鄉碧候村,1265,1281,16,0.013
高雄市湖內區湖東里,3111,3127,16,0.005
臺中市北區建成里,6398,6414,16,0.003
桃園市楊梅區頭湖里,3533,3549,16,0.005
臺中市霧峰區錦榮里,1427,1443,16,0.011
臺南市新營區嘉芳里,2190,2206,16,0.007
彰化縣鹿港鎮洛津里,979,995,16,0.016
高雄市彌陀區光和里,1488,1504,16,0.011
臺南市永康區尚頂里,4449,4465,16,0.004
宜蘭縣宜蘭市西門里,2013,2029,16,0.008
新北市石碇區格頭里,1087,1104,17,0.016
高雄市湖內區忠興里,765,782,17,0.022
臺南市西港區後營里,1673,1690,17,0.01
高雄市林園區王公里,4874,4891,17,0.003
高雄市苓雅區中正里,3668,3685,17,0.005
新北市三峽區八張里,4255,4272,17,0.004
臺中市大安區松雅里,1087,1104,17,0.016
臺中市西屯區福瑞里,3853,3870,17,0.004
高雄市茄萣區保定里,3340,3357,17,0.005
南投縣信義鄉新鄉村,750,767,17,0.023
嘉義市西區北湖里,3527,3544,17,0.005
金門縣金寧鄉古寧村,3627,3644,17,0.005
宜蘭縣羅東鎮大新里,1828,1845,17,0.009
屏東縣恆春鎮南灣里,2041,2058,17,0.008
澎湖縣湖西鄉菓葉村,815,832,17,0.021
新北市三重區中央里,1898,1915,17,0.009
澎湖縣白沙鄉講美村,738,755,17,0.023
嘉義市西區光路里,6318,6335,17,0.003
澎湖縣湖西鄉紅羅村,832,849,17,0.02
臺北市大安區龍泉里,5209,5226,17,0.003
新北市板橋區民安里,2185,2202,17,0.008
彰化縣二林鎮東興里,1910,1928,18,0.009
新北市板橋區國泰里,3785,3803,18,0.005
屏東縣萬丹鄉新鐘村,2310,2328,18,0.008
臺中市太平區興隆里,3813,3831,18,0.005
嘉義縣大林鎮中坑里,1430,1448,18,0.013
花蓮縣鳳林鎮山興里,555,573,18,0.032
澎湖縣望安鄉東安村,803,821,18,0.022
雲林縣大埤鄉南和村,2468,2486,18,0.007
臺南市新市區永就里,3555,3573,18,0.005
雲林縣崙背鄉西榮村,1667,1685,18,0.011
臺南市安南區淵中里,4041,4059,18,0.004
桃園市龜山區山福里,3862,3880,18,0.005
澎湖縣湖西鄉林投村,1158,1176,18,0.016
高雄市湖內區公舘里,2618,2636,18,0.007
臺中市大甲區義和里,3900,3918,18,0.005
新竹縣新豐鄉重興村,6398,6417,19,0.003
南投縣草屯鎮碧洲里,2793,2812,19,0.007
桃園市龜山區兔坑里,5267,5286,19,0.004
桃園市龍潭區百年里,5123,5142,19,0.004
彰化縣社頭鄉仁和村,855,874,19,0.022
雲林縣大埤鄉尚義村,2185,2204,19,0.009
新北市三重區五福里,4009,4028,19,0.005
雲林縣土庫鎮大荖里,973,992,19,0.02
新北市汐止區興福里,3154,3173,19,0.006
宜蘭縣礁溪鄉玉光村,1195,1214,19,0.016
嘉義縣朴子市博厚里,1050,1069,19,0.018
臺南市歸仁區南興里,5134,5153,19,0.004
臺中市北屯區民政里,1177,1196,19,0.016
高雄市梓官區梓平里,1765,1784,19,0.011
高雄市那瑪夏區達卡努瓦里,1712,1731,19,0.011
彰化縣秀水鄉福安村,5758,5778,20,0.003
新竹縣竹北市溪州里,2823,2843,20,0.007
苗栗縣頭份市新華里,4385,4405,20,0.005
南投縣草屯鎮敦和里,7661,7681,20,0.003
高雄市茄萣區嘉賜里,4466,4486,20,0.004
南投縣南投市營南里,2706,2726,20,0.007
高雄市鳳山區大德里,5299,5319,20,0.004
高雄市三民區達明里,1702,1722,20,0.012
花蓮縣壽豐鄉共和村,789,809,20,0.025
臺南市善化區牛庄里,1782,1802,20,0.011
臺中市后里區月眉里,2318,2338,20,0.009
臺東縣池上鄉慶豐村,720,740,20,0.028
新竹縣新豐鄉青埔村,2065,2085,20,0.01
雲林縣斗南鎮大同里,3408,3428,20,0.006
基隆市安樂區中崙里,1902,1922,20,0.011
新北市泰山區貴和里,5192,5212,20,0.004
雲林縣古坑鄉田心村,1216,1236,20,0.016
嘉義縣水上鄉柳鄉村,2186,2206,20,0.009
高雄市仁武區後安里,2966,2986,20,0.007
桃園市中壢區文化里,10984,11005,21,0.002
臺南市東區復興里,4068,4089,21,0.005
澎湖縣馬公市桶盤里,378,399,21,0.056
彰化縣社頭鄉清水村,1443,1464,21,0.015
臺中市西屯區協和里,5553,5574,21,0.004
新北市鶯歌區永吉里,5178,5199,21,0.004
臺中市中區柳川里,2244,2265,21,0.009
苗栗縣頭份市田寮里,4816,4837,21,0.004
新北市蘆洲區永安里,5429,5450,21,0.004
臺中市霧峰區中正里,2329,2350,21,0.009
彰化縣線西鄉溝內村,1415,1436,21,0.015
新北市新莊區後德里,3086,3107,21,0.007
彰化縣溪湖鎮西寮里,2836,2857,21,0.007
新北市三重區中興里,4039,4060,21,0.005
南投縣中寮鄉永芳村,498,519,21,0.042
嘉義縣太保市春珠里,1247,1268,21,0.017
彰化縣北斗鎮東光里,2715,2737,22,0.008
屏東縣佳冬鄉萬建村,1980,2002,22,0.011
新竹縣寶山鄉寶山村,913,935,22,0.024
彰化縣和美鎮源埤里,2110,2132,22,0.01
屏東縣萬丹鄉社中村,1933,1955,22,0.011
高雄市鳳山區文英里,4076,4098,22,0.005
雲林縣斗南鎮僑真里,2697,2719,22,0.008
新北市板橋區埤墘里,4766,4788,22,0.005
嘉義市東區蘭潭里,2556,2578,22,0.009
桃園市蘆竹區中山里,4104,4126,22,0.005
雲林縣崙背鄉崙前村,2380,2402,22,0.009
高雄市鳳山區善美里,6199,6221,22,0.004
新北市汐止區保新里,2944,2966,22,0.007
新北市蘆洲區長安里,5350,5372,22,0.004
臺中市沙鹿區晉江里,2010,2032,22,0.011
臺北市士林區福安里,4980,5002,22,0.004
新北市三重區富華里,3417,3439,22,0.006
彰化縣溪湖鎮太平里,2506,2528,22,0.009
新北市淡水區樹興里,1473,1496,23,0.016
臺南市新化區北勢里,1682,1705,23,0.014
新北市中和區員山里,6992,7015,23,0.003
新北市汐止區秀峰里,5745,5768,23,0.004
澎湖縣望安鄉東吉村,272,295,23,0.085
新竹縣寶山鄉雙新村,3041,3064,23,0.008
彰化縣永靖鄉新莊村,1276,1299,23,0.018
桃園市觀音區新坡里,3586,3609,23,0.006
澎湖縣白沙鄉員貝村,279,302,23,0.082
高雄市湖內區田尾里,1111,1134,23,0.021
苗栗縣苗栗市中苗里,1364,1387,23,0.017
屏東縣三地門鄉大社村,740,763,23,0.031
新北市泰山區全興里,9905,9929,24,0.002
嘉義縣大埔鄉和平村,729,753,24,0.033
嘉義縣新港鄉古民村,1534,1558,24,0.016
高雄市大寮區前庄里,2566,2590,24,0.009
澎湖縣望安鄉水垵村,499,523,24,0.048
南投縣竹山鎮硘󿾨里,2004,2028,24,0.012
高雄市三民區鳳南里,957,981,24,0.025
宜蘭縣大同鄉寒溪村,1126,1150,24,0.021
桃園市龜山區龍華里,3825,3849,24,0.006
新北市樹林區樹東里,1196,1220,24,0.02
臺中市大里區中新里,6665,6690,25,0.004
臺南市新市區大洲里,807,832,25,0.031
新竹市香山區茄苳里,1045,1070,25,0.024
臺南市西港區南海里,2726,2751,25,0.009
新竹縣竹北市大眉里,2055,2080,25,0.012
臺南市柳營區光福里,1774,1799,25,0.014
苗栗縣苗栗市文聖里,4305,4330,25,0.006
屏東縣瑪家鄉三和村,2383,2408,25,0.01
新北市永和區河堤里,3465,3490,25,0.007
連江縣南竿鄉清水村,1133,1158,25,0.022
屏東縣屏東市玉成里,1723,1748,25,0.015
花蓮縣吉安鄉吉安村,5996,6021,25,0.004
臺東縣達仁鄉南田村,323,348,25,0.077
雲林縣虎尾鎮穎川里,2417,2442,25,0.01
彰化縣二林鎮後厝里,4036,4061,25,0.006
基隆市仁愛區忠勇里,1150,1175,25,0.022
臺北市中山區行孝里,4235,4260,25,0.006
臺中市北區立人里,4404,4429,25,0.006
臺中市南屯區溝墘里,6645,6670,25,0.004
臺中市北區金華里,2925,2950,25,0.009
新北市新店區中央里,5901,5927,26,0.004
宜蘭縣宜蘭市民權里,2024,2050,26,0.013
新北市三芝區古庄里,1185,1211,26,0.022
臺南市安南區公󻕯里,1141,1167,26,0.023
新竹市香山區牛埔里,5380,5406,26,0.005
澎湖縣白沙鄉赤崁村,1984,2010,26,0.013
新北市三重區重新里,1510,1536,26,0.017
高雄市岡山區大莊里,1165,1191,26,0.022
高雄市阿蓮區青旗里,1741,1767,26,0.015
南投縣南投市營北里,7211,7237,26,0.004
南投縣埔里鎮大湳里,1889,1915,26,0.014
雲林縣斗六市鎮西里,4453,4479,26,0.006
彰化縣員林市三橋里,3560,3586,26,0.007
基隆市仁愛區水錦里,2437,2463,26,0.011
臺中市大里區東湖里,12203,12229,26,0.002
臺南市學甲區秀昌里,2775,2801,26,0.009
臺中市大里區內新里,10010,10036,26,0.003
南投縣仁愛鄉法治村,1073,1099,26,0.024
臺南市下營區新興里,2327,2353,26,0.011
嘉義縣民雄鄉頂崙村,1653,1680,27,0.016
花蓮縣秀林鄉文蘭村,1390,1417,27,0.019
新北市八里區龍源里,7394,7421,27,0.004
苗栗縣竹南鎮聖福里,4665,4692,27,0.006
彰化縣福興鄉三汴村,1621,1648,27,0.017
桃園市中壢區興仁里,4113,4140,27,0.007
臺中市后里區泰安里,1575,1602,27,0.017
臺中市大雅區上雅里,7295,7322,27,0.004
雲林縣麥寮鄉新吉村,1359,1386,27,0.02
嘉義市東區安業里,2211,2238,27,0.012
澎湖縣湖西鄉尖山村,758,785,27,0.036
彰化縣埔鹽鄉新興村,487,514,27,0.055
金門縣金沙鎮西園里,1696,1723,27,0.016
澎湖縣白沙鄉鳥嶼村,1266,1293,27,0.021
臺東縣臺東市岩灣里,2412,2439,27,0.011
雲林縣虎尾鎮興南里,2857,2884,27,0.009
臺南市仁德區新田里,3868,3895,27,0.007
澎湖縣馬公市虎井里,858,886,28,0.033
新北市三重區信安里,2055,2083,28,0.014
臺北市大安區錦泰里,3961,3989,28,0.007
雲林縣莿桐鄉大美村,3550,3578,28,0.008
花蓮縣吉安鄉光華村,2204,2232,28,0.013
澎湖縣白沙鄉通梁村,871,899,28,0.032
彰化縣花壇鄉北口村,2081,2109,28,0.013
高雄市左營區進學里,2746,2774,28,0.01
嘉義市東區短竹里,2691,2719,28,0.01
屏東縣里港鄉春林村,1516,1545,29,0.019
新北市坪林區漁光里,873,902,29,0.033
宜蘭縣五結鄉協和村,3739,3768,29,0.008
桃園市桃園區武陵里,1812,1841,29,0.016
臺中市南區新榮里,5438,5467,29,0.005
臺中市北區六合里,1918,1947,29,0.015
南投縣仁愛鄉互助村,1399,1428,29,0.021
高雄市岡山區竹圍里,8674,8703,29,0.003
臺中市沙鹿區南勢里,4249,4278,29,0.007
桃園市大溪區南興里,5942,5971,29,0.005
新竹縣尖石鄉秀巒村,2252,2281,29,0.013
臺東縣蘭嶼鄉東清村,1550,1579,29,0.019
嘉義縣中埔鄉和睦村,3763,3792,29,0.008
臺南市新化區東榮里,4565,4594,29,0.006
花蓮縣秀林鄉秀林村,2241,2270,29,0.013
宜蘭縣冬山鄉香和村,3891,3921,30,0.008
宜蘭縣員山鄉蓁巷村,1346,1376,30,0.022
雲林縣土庫鎮越港里,1243,1273,30,0.024
臺中市清水區海風里,1626,1656,30,0.018
臺南市歸仁區沙崙里,805,835,30,0.037
澎湖縣七美鄉海豐村,380,410,30,0.079
新北市坪林區坪林里,1470,1500,30,0.02
桃園市八德區大福里,6409,6439,30,0.005
苗栗縣造橋鄉談文村,894,924,30,0.034
嘉義縣水上鄉下寮村,2012,2043,31,0.015
桃園市桃園區西門里,1898,1929,31,0.016
新北市新莊區福興里,6161,6192,31,0.005
高雄市大寮區三隆里,5260,5291,31,0.006
新北市板橋區懷翠里,6201,6232,31,0.005
臺南市永康區網寮里,8284,8315,31,0.004
金門縣金沙鎮三山里,2062,2093,31,0.015
彰化縣田中鎮新庄里,2775,2806,31,0.011
桃園市蘆竹區上竹里,4364,4395,31,0.007
彰化縣彰化市牛埔里,3392,3423,31,0.009
澎湖縣七美鄉中和村,725,757,32,0.044
臺南市安定區港南里,3068,3100,32,0.01
新竹市東區金山里,6416,6448,32,0.005
桃園市復興區澤仁里,1684,1716,32,0.019
臺東縣臺東市豐榮里,9368,9400,32,0.003
嘉義縣新港鄉三間村,1706,1738,32,0.019
屏東縣屏東市北興里,7264,7296,32,0.004
南投縣竹山鎮中崎里,1593,1625,32,0.02
雲林縣斗六市鎮東里,2863,2895,32,0.011
桃園市中壢區中山里,5679,5712,33,0.006
桃園市中壢區仁福里,5595,5628,33,0.006
連江縣莒光鄉西坵村,72,105,33,0.458
桃園市楊梅區雙榮里,4095,4128,33,0.008
宜蘭縣蘇澳鎮頂寮里,1154,1187,33,0.029
臺中市北區淡溝里,5917,5950,33,0.006
臺中市豐原區南村里,6391,6424,33,0.005
澎湖縣馬公市前寮里,1090,1123,33,0.03
臺中市北屯區平興里,7941,7974,33,0.004
新北市蘆洲區仁德里,5697,5730,33,0.006
桃園市龍潭區東興里,4768,4801,33,0.007
桃園市平鎮區新富里,7718,7751,33,0.004
基隆市七堵區泰安里,4953,4987,34,0.007
高雄市三民區寶華里,3738,3772,34,0.009
高雄市楠梓區福昌里,2331,2365,34,0.015
雲林縣斗南鎮新光里,3143,3177,34,0.011
基隆市七堵區正光里,2903,2937,34,0.012
屏東縣泰武鄉武潭村,1137,1171,34,0.03
雲林縣虎尾鎮堀頭里,941,975,34,0.036
苗栗縣苗栗市北苗里,6189,6223,34,0.005
屏東縣屏東市長安里,2228,2262,34,0.015
新北市板橋區福翠里,1361,1395,34,0.025
臺東縣海端鄉崁頂村,709,743,34,0.048
苗栗縣苑裡鎮西平里,1817,1852,35,0.019
嘉義縣太保市太保里,2699,2734,35,0.013
臺中市外埔區永豐里,1243,1278,35,0.028
桃園市中壢區林森里,4882,4917,35,0.007
新北市永和區新生里,870,905,35,0.04
彰化縣溪湖鎮大突里,4226,4261,35,0.008
新竹市東區豐功里,5925,5960,35,0.006
臺南市歸仁區看東里,2128,2163,35,0.016
高雄市楠梓區惠楠里,3529,3564,35,0.01
嘉義縣中埔鄉金蘭村,1661,1696,35,0.021
宜蘭縣五結鄉福興村,1970,2005,35,0.018
桃園市復興區奎輝里,961,996,35,0.036
桃園市中壢區成功里,5270,5306,36,0.007
新北市永和區中興里,3146,3182,36,0.011
新北市深坑區萬順里,2553,2589,36,0.014
高雄市鳥松區大華里,11070,11106,36,0.003
彰化縣北斗鎮光復里,2294,2330,36,0.016
新北市中和區崇南里,4290,4326,36,0.008
臺中市北屯區東光里,5290,5326,36,0.007
高雄市小港區中厝里,4242,4278,36,0.008
桃園市中壢區華愛里,4295,4331,36,0.008
屏東縣獅子鄉內獅村,728,764,36,0.049
桃園市楊梅區永平里,2284,2320,36,0.016
金門縣金湖鎮正義里,2941,2977,36,0.012
桃園市平鎮區建安里,5012,5048,36,0.007
彰化縣花壇鄉文德村,3483,3519,36,0.01
宜蘭縣員山鄉七賢村,1728,1765,37,0.021
新竹市北區中山里,973,1010,37,0.038
連江縣北竿鄉后沃村,205,242,37,0.18
新北市淡水區學府里,4818,4855,37,0.008
新北市土城區廣興里,3623,3660,37,0.01
臺中市西屯區龍潭里,995,1032,37,0.037
臺南市東區自強里,6376,6413,37,0.006
桃園市中壢區普義里,6577,6614,37,0.006
臺中市東區東勢里,3078,3115,37,0.012
彰化縣埔鹽鄉好修村,2071,2108,37,0.018
苗栗縣苑裡鎮社苓里,2745,2782,37,0.013
高雄市前金區民生里,828,865,37,0.045
宜蘭縣冬山鄉武淵村,1342,1379,37,0.028
臺中市西屯區林厝里,4295,4333,38,0.009
臺中市大甲區中山里,5206,5244,38,0.007
新北市汐止區福山里,3692,3730,38,0.01
雲林縣斗六市公正里,3560,3598,38,0.011
桃園市大溪區員林里,1893,1931,38,0.02
臺南市東區南聖里,3324,3362,38,0.011
新竹縣湖口鄉勝利村,5009,5047,38,0.008
彰化縣和美鎮鐵山里,3069,3108,39,0.013
臺中市大雅區員林里,11663,11702,39,0.003
屏東縣潮州鎮永春里,8292,8331,39,0.005
臺東縣臺東市南榮里,3067,3106,39,0.013
嘉義縣民雄鄉中和村,1116,1155,39,0.035
新北市永和區後溪里,1946,1985,39,0.02
高雄市大社區三奶里,3027,3066,39,0.013
臺中市太平區光明里,4379,4418,39,0.009
桃園市蘆竹區正興里,5548,5587,39,0.007
雲林縣麥寮鄉海豐村,2591,2630,39,0.015
雲林縣斗六市嘉東里,1750,1789,39,0.022
苗栗縣苗栗市高苗里,3739,3778,39,0.01
臺南市白河區永安里,3455,3494,39,0.011
嘉義縣大林鎮明和里,2039,2079,40,0.02
高雄市三民區安東里,3311,3351,40,0.012
臺南市善化區嘉北里,1780,1820,40,0.022
高雄市三民區鼎中里,3802,3842,40,0.011
臺中市沙鹿區北勢里,6233,6273,40,0.006
嘉義縣太保市北新里,3693,3733,40,0.011
屏東縣萬丹鄉社口村,1670,1710,40,0.024
新竹縣竹北市大義里,1852,1892,40,0.022
宜蘭縣壯圍鄉忠孝村,2708,2748,40,0.015
桃園市中壢區自信里,6566,6606,40,0.006
彰化縣永靖鄉湳港村,1254,1294,40,0.032
臺中市大肚區大肚里,2603,2643,40,0.015
彰化縣大村鄉村上村,1673,1714,41,0.025
桃園市中壢區普仁里,5538,5579,41,0.007
新竹縣竹北市尚義里,1882,1923,41,0.022
彰化縣福興鄉外埔村,1731,1772,41,0.024
高雄市大寮區翁園里,4471,4512,41,0.009
花蓮縣吉安鄉南昌村,4906,4947,41,0.008
高雄市湖內區文賢里,1332,1373,41,0.031
南投縣仁愛鄉中正村,1205,1246,41,0.034
澎湖縣望安鄉中社村,320,361,41,0.128
高雄市新興區成功里,1397,1438,41,0.029
屏東縣長治鄉榮華村,796,837,41,0.052
屏東縣長治鄉進興村,2955,2996,41,0.014
宜蘭縣蘇澳鎮永榮里,4481,4522,41,0.009
臺東縣臺東市中心里,4080,4122,42,0.01
桃園市蘆竹區內厝里,2990,3032,42,0.014
新竹市香山區東香里,4777,4819,42,0.009
屏東縣萬丹鄉上村村,925,967,42,0.045
金門縣金寧鄉盤山村,7145,7187,42,0.006
屏東縣屏東市萬年里,739,781,42,0.057
臺中市霧峰區五福里,2989,3031,42,0.014
臺中市后里區墩北里,4255,4297,42,0.01
雲林縣古坑鄉東和村,3611,3653,42,0.012
雲林縣古坑鄉西平村,1695,1737,42,0.025
桃園市龍潭區高原里,5272,5314,42,0.008
澎湖縣白沙鄉後寮村,802,844,42,0.052
高雄市鳳山區中正里,4811,4853,42,0.009
新北市三重區谷王里,957,999,42,0.044
澎湖縣馬公市東衛里,2419,2462,43,0.018
彰化縣大村鄉加錫村,1687,1730,43,0.025
桃園市復興區高義里,952,995,43,0.045
桃園市復興區義盛里,919,962,43,0.047
臺中市龍井區龍東里,3371,3414,43,0.013
高雄市林園區頂厝里,5282,5325,43,0.008
臺中市清水區海濱里,2375,2418,43,0.018
臺中市霧峰區吉峰里,10801,10844,43,0.004
澎湖縣望安鄉東坪村,616,659,43,0.07
臺南市歸仁區六甲里,4338,4381,43,0.01
高雄市前鎮區鎮中里,829,872,43,0.052
新竹市北區南勢里,5033,5076,43,0.009
臺南市柳營區士林里,2048,2091,43,0.021
新竹縣竹北市麻園里,2301,2345,44,0.019
桃園市八德區大愛里,3161,3205,44,0.014
臺南市安南區城北里,1761,1805,44,0.025
彰化縣社頭鄉湳底村,1934,1978,44,0.023
彰化縣員林市萬年里,4353,4397,44,0.01
臺南市新市區三舍里,2143,2187,44,0.021
澎湖縣馬公市烏崁里,1153,1197,44,0.038
屏東縣三地門鄉三地村,1685,1729,44,0.026
新竹縣橫山鄉大肚村,1855,1899,44,0.024
臺南市關廟區北勢里,2827,2871,44,0.016
彰化縣和美鎮詔安里,2217,2261,44,0.02
苗栗縣竹南鎮港墘里,2625,2670,45,0.017
雲林縣莿桐鄉埔子村,2278,2323,45,0.02
新北市雙溪區泰平里,1208,1253,45,0.037
臺東縣臺東市永樂里,2641,2686,45,0.017
宜蘭縣冬山鄉柯林村,1960,2005,45,0.023
臺南市歸仁區看西里,2677,2722,45,0.017
桃園市八德區大安里,4121,4166,45,0.011
雲林縣斗六市文化里,2876,2921,45,0.016
新竹縣寶山鄉雙溪村,3028,3073,45,0.015
嘉義市西區福民里,7037,7082,45,0.006
桃園市龍潭區凌雲里,4369,4415,46,0.011
桃園市楊梅區富豐里,3453,3499,46,0.013
高雄市楠梓區惠民里,4587,4633,46,0.01
新竹市東區明湖里,6152,6198,46,0.007
臺南市西港區港東里,1835,1881,46,0.025
臺中市大雅區四德里,5694,5740,46,0.008
臺中市霧峰區四德里,2823,2869,46,0.016
高雄市苓雅區凱旋里,2619,2665,46,0.018
彰化縣大村鄉大橋村,2337,2383,46,0.02
臺南市關廟區埤頭里,2137,2183,46,0.022
臺中市北屯區大坑里,2431,2477,46,0.019
臺南市麻豆區清水里,1589,1635,46,0.029
新北市新店區安昌里,5611,5658,47,0.008
高雄市楠梓區慶昌里,3562,3609,47,0.013
臺中市大肚區磺溪里,1972,2019,47,0.024
高雄市鳳山區三民里,1192,1239,47,0.039
桃園市觀音區上大里,2767,2814,47,0.017
苗栗縣頭份市興隆里,5203,5250,47,0.009
臺中市梧棲區永寧里,2726,2773,47,0.017
臺中市梧棲區大村里,7227,7274,47,0.007
新竹縣竹東鎮三重里,7818,7865,47,0.006
雲林縣古坑鄉麻園村,798,845,47,0.059
新竹縣新豐鄉崎頂村,3184,3231,47,0.015
基隆市暖暖區碇和里,3349,3397,48,0.014
新竹縣竹北市白地里,2494,2542,48,0.019
屏東縣萬丹鄉廣安村,2592,2640,48,0.019
南投縣南投市新興里,5871,5919,48,0.008
宜蘭縣員山鄉逸仙村,982,1030,48,0.049
雲林縣麥寮鄉瓦󿾨村,2343,2391,48,0.02
臺南市安南區塩田里,1844,1892,48,0.026
新竹市北區大同里,947,996,49,0.052
新竹縣竹北市福德里,3935,3984,49,0.012
花蓮縣吉安鄉永興村,3265,3314,49,0.015
雲林縣斗六市溪洲里,3696,3745,49,0.013
桃園市蘆竹區新興里,3383,3432,49,0.014
彰化縣伸港鄉曾家村,2020,2069,49,0.024
嘉義縣新港鄉福德村,1905,1954,49,0.026
新北市汐止區智慧里,4788,4837,49,0.01
臺北市文山區忠順里,4148,4197,49,0.012
桃園市平鎮區北富里,4556,4605,49,0.011
新竹市北區新民里,1909,1958,49,0.026
彰化縣大村鄉大崙村,1812,1862,50,0.028
臺中市西區公正里,7578,7628,50,0.007
臺南市善化區文昌里,3325,3375,50,0.015
彰化縣秀水鄉義興村,1612,1662,50,0.031
彰化縣埔心鄉大華村,700,750,50,0.071
高雄市左營區崇實里,3692,3742,50,0.014
桃園市蘆竹區營福里,4119,4169,50,0.012
宜蘭縣宜蘭市菜園里,1491,1541,50,0.034
花蓮縣秀林鄉佳民村,1232,1283,51,0.041
臺中市南區南和里,8524,8575,51,0.006
高雄市仁武區仁和里,4552,4603,51,0.011
基隆市安樂區內寮里,6092,6143,51,0.008
新北市新莊區立泰里,5088,5139,51,0.01
雲林縣斗六市崙峯里,2859,2911,52,0.018
新北市汐止區秀山里,4683,4735,52,0.011
桃園市龍潭區八德里,4826,4878,52,0.011
臺南市永康區大灣里,4077,4129,52,0.013
臺南市關廟區松腳里,2143,2195,52,0.024
桃園市中壢區內壢里,2535,2587,52,0.021
彰化縣芳苑鄉路平村,820,873,53,0.065
宜蘭縣三星鄉拱照村,1421,1474,53,0.037
宜蘭縣礁溪鄉光武村,1499,1552,53,0.035
彰化縣和美鎮竹營里,7501,7554,53,0.007
臺南市善化區溪美里,2179,2232,53,0.024
南投縣草屯鎮北投里,3404,3457,53,0.016
臺中市烏日區東園里,2583,2636,53,0.021
宜蘭縣宜蘭市黎明里,2278,2331,53,0.023
宜蘭縣三星鄉大隱村,4830,4884,54,0.011
桃園市八德區大華里,3081,3135,54,0.018
基隆市信義區東光里,1925,1979,54,0.028
新竹縣竹北市北崙里,4948,5002,54,0.011
桃園市龍潭區上林里,5259,5313,54,0.01
臺南市新市區大社里,5241,5295,54,0.01
臺中市神岡區大社里,5131,5186,55,0.011
臺南市中西區南門里,3318,3373,55,0.017
屏東縣屏東市信和里,1744,1799,55,0.032
桃園市平鎮區金陵里,3521,3576,55,0.016
臺中市烏日區螺潭里,2475,2530,55,0.022
雲林縣麥寮鄉後安村,3597,3652,55,0.015
彰化縣員林市三多里,3035,3090,55,0.018
雲林縣虎尾鎮三合里,1536,1592,56,0.036
連江縣北竿鄉坂里村,321,377,56,0.174
高雄市苓雅區林泉里,2399,2455,56,0.023
桃園市龜山區幸福里,6213,6269,56,0.009
高雄市前金區復元里,1059,1116,57,0.054
桃園市龍潭區龍星里,5181,5238,57,0.011
臺中市后里區舊社里,2669,2726,57,0.021
基隆市信義區孝德里,2905,2962,57,0.02
高雄市鹽埕區府北里,2161,2218,57,0.026
高雄市前金區林投里,1092,1149,57,0.052
新北市三重區仁義里,1289,1346,57,0.044
嘉義市西區劉厝里,8156,8213,57,0.007
桃園市蘆竹區錦興里,4774,4832,58,0.012
桃園市中壢區中興里,3956,4014,58,0.015
桃園市桃園區瑞慶里,7443,7501,58,0.008
臺南市安南區幸福里,4242,4300,58,0.014
金門縣金湖鎮溪湖里,1680,1738,58,0.035
臺中市大里區東昇里,4077,4136,59,0.014
彰化縣和美鎮山犁里,6731,6790,59,0.009
臺南市仁德區太子里,6280,6339,59,0.009
桃園市平鎮區北華里,4608,4667,59,0.013
新竹縣新豐鄉忠孝村,4549,4608,59,0.013
彰化縣和美鎮和東里,5263,5322,59,0.011
臺北市內湖區行善里,7097,7157,60,0.008
高雄市路竹區社南里,5069,5129,60,0.012
高雄市前金區文西里,983,1043,60,0.061
桃園市中壢區水尾里,4112,4172,60,0.015
宜蘭縣三星鄉大義村,1375,1435,60,0.044
臺南市安南區南興里,2062,2122,60,0.029
新北市板橋區信義里,4397,4457,60,0.014
桃園市桃園區寶慶里,7851,7911,60,0.008
新竹市香山區朝山里,2475,2535,60,0.024
高雄市前金區長興里,1229,1289,60,0.049
桃園市楊梅區三湖里,3229,3289,60,0.019
宜蘭縣宜蘭市東村里,2753,2814,61,0.022
臺中市潭子區潭北里,2780,2841,61,0.022
臺中市烏日區學田里,2903,2964,61,0.021
彰化縣二林鎮西平里,1794,1855,61,0.034
花蓮縣秀林鄉崇德村,1750,1811,61,0.035
嘉義縣水上鄉大堀村,1777,1838,61,0.034
苗栗縣頭份市民生里,2811,2872,61,0.022
新竹市東區文華里,5819,5880,61,0.01
宜蘭縣宜蘭市凱旋里,1535,1596,61,0.04
高雄市楠梓區中興里,1916,1977,61,0.032
臺東縣臺東市文化里,1380,1441,61,0.044
臺南市麻豆區大埕里,3447,3509,62,0.018
桃園市龜山區新興里,3415,3477,62,0.018
高雄市小港區大坪里,3265,3327,62,0.019
新北市五股區六福里,3961,4023,62,0.016
桃園市復興區羅浮里,1242,1304,62,0.05
臺中市沙鹿區鹿寮里,8587,8649,62,0.007
高雄市楠梓區宏昌里,3935,3998,63,0.016
臺南市永康區三民里,1700,1763,63,0.037
高雄市岡山區大遼里,1492,1555,63,0.042
屏東縣恆春鎮網紗里,3702,3765,63,0.017
南投縣南投市嘉和里,5190,5253,63,0.012
桃園市新屋區東明里,1673,1737,64,0.038
嘉義縣民雄鄉双福村,2834,2898,64,0.023
彰化縣大村鄉新興村,1271,1335,64,0.05
臺北市大同區國慶里,4592,4656,64,0.014
屏東縣屏東市光榮里,860,924,64,0.074
新北市中和區壽南里,2419,2484,65,0.027
臺南市西港區劉厝里,1456,1521,65,0.045
新北市汐止區禮門里,1071,1137,66,0.062
苗栗縣頭份市土牛里,1157,1223,66,0.057
嘉義市西區香湖里,942,1008,66,0.07
臺中市南屯區大誠里,4248,4314,66,0.016
臺中市后里區廣福里,2400,2467,67,0.028
彰化縣北斗鎮文昌里,3657,3724,67,0.018
連江縣北竿鄉橋仔村,391,458,67,0.171
新北市林口區太平里,1723,1790,67,0.039
臺東縣綠島鄉南寮村,1685,1752,67,0.04
臺中市龍井區東海里,10506,10573,67,0.006
新竹縣新豐鄉瑞興村,2067,2134,67,0.032
臺南市安平區建平里,6292,6359,67,0.011
嘉義縣民雄鄉秀林村,2858,2926,68,0.024
新北市永和區大同里,973,1041,68,0.07
臺中市太平區成功里,4728,4796,68,0.014
臺中市清水區秀水里,5073,5141,68,0.013
新竹市香山區大庄里,3373,3441,68,0.02
宜蘭縣五結鄉三興村,2281,2349,68,0.03
彰化縣福興鄉秀厝村,2958,3026,68,0.023
新竹市北區文雅里,4780,4848,68,0.014
宜蘭縣冬山鄉丸山村,1644,1713,69,0.042
連江縣南竿鄉珠螺村,240,309,69,0.288
高雄市林園區龔厝里,2154,2223,69,0.032
桃園市平鎮區鎮興里,3552,3621,69,0.019
彰化縣社頭鄉仁雅村,3230,3299,69,0.021
新北市汐止區橫科里,4650,4719,69,0.015
臺中市龍井區龍崗里,3173,3242,69,0.022
臺南市北區文元里,4330,4399,69,0.016
臺南市東區和平里,5789,5858,69,0.012
臺中市太平區新吉里,6871,6940,69,0.01
桃園市蘆竹區吉祥里,4668,4737,69,0.015
臺南市新市區大營里,3953,4023,70,0.018
臺南市歸仁區八甲里,3034,3104,70,0.023
花蓮縣秀林鄉水源村,1491,1561,70,0.047
高雄市楠梓區中陽里,3845,3915,70,0.018
新北市板橋區華江里,7889,7959,70,0.009
臺北市中山區金泰里,8024,8095,71,0.009
基隆市七堵區自強里,1272,1343,71,0.056
新北市新店區信義里,6504,6575,71,0.011
高雄市鳳山區瑞竹里,6099,6170,71,0.012
宜蘭縣員山鄉惠好村,1883,1954,71,0.038
高雄市三民區本揚里,9301,9372,71,0.008
高雄市湖內區湖內里,4329,4401,72,0.017
桃園市復興區華陵里,1496,1568,72,0.048
臺北市大安區光明里,3988,4061,73,0.018
苗栗縣頭份市民族里,2346,2419,73,0.031
桃園市桃園區文明里,1601,1674,73,0.046
新竹縣關西鎮東安里,4355,4428,73,0.017
桃園市桃園區北埔里,5761,5834,73,0.013
高雄市鳳山區新甲里,3529,3602,73,0.021
彰化縣鹿港鎮詔安里,2373,2447,74,0.031
新北市三重區清和里,3979,4053,74,0.019
桃園市八德區廣隆里,5401,5475,74,0.014
基隆市信義區義昭里,1336,1410,74,0.055
花蓮縣花蓮市民立里,1863,1938,75,0.04
桃園市復興區霞雲里,702,777,75,0.107
新北市板橋區福丘里,5088,5163,75,0.015
屏東縣長治鄉香楊村,2939,3015,76,0.026
臺南市麻豆區麻口里,1269,1345,76,0.06
臺中市龍井區新庄里,7568,7644,76,0.01
彰化縣伸港鄉新港村,6272,6348,76,0.012
桃園市楊梅區三民里,4509,4585,76,0.017
苗栗縣竹南鎮海口里,5015,5091,76,0.015
南投縣南投市軍功里,5591,5667,76,0.014
新北市林口區仁愛里,7482,7558,76,0.01
金門縣金湖鎮蓮庵里,1815,1891,76,0.042
桃園市復興區三民里,2392,2468,76,0.032
嘉義市東區盧厝里,2262,2338,76,0.034
新北市新店區寶興里,5393,5470,77,0.014
高雄市大樹區九曲里,5959,6036,77,0.013
新北市三重區福星里,1130,1207,77,0.068
桃園市中壢區篤行里,3144,3222,78,0.025
宜蘭縣壯圍鄉古結村,1195,1273,78,0.065
彰化縣彰化市南美里,2165,2243,78,0.036
新北市樹林區育英里,3227,3305,78,0.024
高雄市梓官區大舍里,4268,4346,78,0.018
澎湖縣湖西鄉湖西村,1296,1374,78,0.06
嘉義市西區北新里,1323,1401,78,0.059
臺中市太平區中山里,4140,4219,79,0.019
南投縣草屯鎮碧峰里,5250,5329,79,0.015
桃園市中壢區三民里,3783,3862,79,0.021
花蓮縣花蓮市國興里,4767,4846,79,0.017
桃園市平鎮區高雙里,5128,5207,79,0.015
苗栗縣竹南鎮龍山里,2829,2908,79,0.028
臺南市安南區海西里,3293,3372,79,0.024
臺北市中正區文盛里,2480,2559,79,0.032
高雄市楠梓區興昌里,5170,5249,79,0.015
花蓮縣吉安鄉仁和村,4962,5042,80,0.016
臺南市安南區城南里,3620,3700,80,0.022
臺南市安南區海東里,6640,6720,80,0.012
彰化縣埔心鄉二重村,1592,1672,80,0.05
苗栗縣後龍鎮校椅里,1179,1259,80,0.068
臺中市南屯區大興里,5374,5454,80,0.015
新北市土城區永寧里,8663,8743,80,0.009
彰化縣溪湖鎮東寮里,4372,4453,81,0.019
臺中市西屯區上安里,6414,6495,81,0.013
彰化縣大村鄉南勢村,1670,1751,81,0.049
新北市三重區慈惠里,2220,2301,81,0.036
新北市蘆洲區玉清里,6100,6181,81,0.013
南投縣草屯鎮中山里,2793,2874,81,0.029
新北市汐止區城中里,4706,4787,81,0.017
新北市泰山區貴子里,4095,4177,82,0.02
桃園市平鎮區復旦里,6840,6922,82,0.012
新竹市東區光鎮里,4208,4290,82,0.019
新北市泰山區義學里,4986,5068,82,0.016
高雄市前鎮區平等里,3111,3193,82,0.026
臺南市善化區光文里,6678,6760,82,0.012
宜蘭縣五結鄉中興村,1435,1517,82,0.057
彰化縣鹿港鎮埔崙里,6256,6339,83,0.013
臺南市學甲區新榮里,2620,2703,83,0.032
桃園市八德區大湳里,4583,4666,83,0.018
新竹市香山區香山里,5298,5381,83,0.016
新北市板橋區香丘里,3992,4075,83,0.021
桃園市桃園區東門里,3449,3532,83,0.024
高雄市鼓山區寶樹里,1957,2041,84,0.043
基隆市安樂區新崙里,4710,4794,84,0.018
臺中市清水區中社里,3364,3448,84,0.025
臺北市文山區明義里,4405,4489,84,0.019
金門縣金寧鄉榜林村,5856,5940,84,0.014
臺南市永康區北興里,6243,6327,84,0.013
桃園市平鎮區新榮里,6032,6116,84,0.014
新北市新店區華城里,2732,2816,84,0.031
新北市汐止區復興里,7259,7344,85,0.012
南投縣南投市平和里,6979,7064,85,0.012
新北市新店區達觀里,3989,4074,85,0.021
臺南市官田區二鎮里,3504,3589,85,0.024
臺南市安平區平通里,8489,8575,86,0.01
屏東縣長治鄉新潭村,4011,4097,86,0.021
南投縣竹山鎮中山里,5294,5380,86,0.016
新北市汐止區仁德里,1773,1859,86,0.049
臺中市北屯區平田里,6692,6779,87,0.013
彰化縣大村鄉平和村,2954,3041,87,0.029
嘉義縣水上鄉水上村,4633,4720,87,0.019
新北市鶯歌區二橋里,8694,8781,87,0.01
金門縣金寧鄉后盤村,1743,1830,87,0.05
臺東縣卑南鄉太平村,3467,3554,87,0.025
桃園市八德區瑞興里,3204,3291,87,0.027
宜蘭縣壯圍鄉美福村,2056,2144,88,0.043
新北市三重區永興里,1387,1475,88,0.063
嘉義市東區荖藤里,5685,5773,88,0.015
臺中市東區東橋里,4320,4408,88,0.02
高雄市燕巢區南燕里,4395,4483,88,0.02
臺南市歸仁區七甲里,3786,3874,88,0.023
桃園市平鎮區廣達里,4576,4664,88,0.019
花蓮縣吉安鄉永安村,4661,4749,88,0.019
高雄市大寮區會社里,7045,7133,88,0.012
臺北市中山區朱崙里,2874,2962,88,0.031
宜蘭縣宜蘭市南橋里,1497,1586,89,0.059
雲林縣麥寮鄉中興村,1778,1867,89,0.05
新北市汐止區白雲里,4531,4620,89,0.02
金門縣金城鎮金水里,2348,2437,89,0.038
高雄市鳳山區新武里,2752,2841,89,0.032
桃園市大溪區仁和里,6179,6269,90,0.015
新北市汐止區康福里,5159,5249,90,0.017
新北市深坑區深坑里,3461,3551,90,0.026
臺中市豐原區南陽里,13577,13667,90,0.007
桃園市楊梅區瑞溪里,4546,4636,90,0.02
新北市板橋區莊敬里,4451,4541,90,0.02
新北市土城區頂新里,3097,3188,91,0.029
基隆市七堵區友一里,2040,2131,91,0.045
宜蘭縣羅東鎮信義里,3717,3808,91,0.024
桃園市龍潭區三林里,3507,3598,91,0.026
新北市新店區員潭里,5312,5403,91,0.017
桃園市桃園區寶山里,10118,10209,91,0.009
新竹市北區水田里,3532,3623,91,0.026
臺北市文山區景行里,8091,8182,91,0.011
新北市五股區福德里,3468,3559,91,0.026
宜蘭縣頭城鎮拔雅里,2443,2534,91,0.037
新竹縣湖口鄉湖鏡村,2830,2921,91,0.032
臺南市佳里區建南里,4862,4954,92,0.019
彰化縣大村鄉貢旗村,1777,1869,92,0.052
臺南市六甲區龜港里,1339,1431,92,0.069
臺東縣臺東市豐年里,3431,3523,92,0.027
彰化縣永靖鄉瑚璉村,3250,3343,93,0.029
新竹市香山區鹽水里,1640,1733,93,0.057
桃園市龜山區精忠里,6467,6560,93,0.014
高雄市苓雅區城北里,1678,1772,94,0.056
澎湖縣湖西鄉城北村,291,385,94,0.323
桃園市觀音區保生里,2495,2589,94,0.038
臺南市東區文聖里,5755,5849,94,0.016
臺南市歸仁區大潭里,2150,2244,94,0.044
澎湖縣湖西鄉許家村,343,437,94,0.274
臺中市東區東門里,7921,8015,94,0.012
臺南市仁德區上崙里,7008,7103,95,0.014
彰化縣北斗鎮西安里,1982,2077,95,0.048
臺南市歸仁區崙頂里,3687,3782,95,0.026
澎湖縣馬公市鐵線里,679,774,95,0.14
彰化縣大村鄉田洋村,1355,1450,95,0.07
新北市中和區民安里,5197,5292,95,0.018
桃園市龍潭區黃唐里,5565,5661,96,0.017
澎湖縣馬公市五德里,405,501,96,0.237
宜蘭縣五結鄉成興村,3647,3743,96,0.026
桃園市龍潭區九龍里,4323,4420,97,0.022
彰化縣彰化市阿夷里,10512,10609,97,0.009
宜蘭縣五結鄉孝威村,1752,1849,97,0.055
雲林縣土庫鎮石廟里,3571,3668,97,0.027
臺南市新化區崙頂里,2340,2438,98,0.042
屏東縣屏東市清溪里,4710,4808,98,0.021
嘉義縣民雄鄉鎮北村,1209,1307,98,0.081
臺中市潭子區家興里,8616,8714,98,0.011
新北市五股區水碓里,8148,8246,98,0.012
臺南市仁德區仁和里,1569,1667,98,0.062
臺南市學甲區慈福里,2191,2290,99,0.045
雲林縣西螺鎮河南里,1213,1312,99,0.082
彰化縣員林市三條里,3329,3428,99,0.03
新竹縣寶山鄉大崎村,2100,2199,99,0.047
新竹縣竹東鎮頭重里,5077,5177,100,0.02
臺南市北區成功里,5506,5606,100,0.018
連江縣北竿鄉塘岐村,1140,1240,100,0.088
高雄市鼓山區明誠里,20726,20827,101,0.005
澎湖縣湖西鄉隘門村,957,1058,101,0.106
新北市三重區福祉里,5792,5893,101,0.017
南投縣草屯鎮新厝里,3841,3942,101,0.026
桃園市大溪區仁愛里,6351,6452,101,0.016
臺南市新營區新東里,8315,8417,102,0.012
高雄市新興區秋山里,947,1049,102,0.108
高雄市岡山區白米里,2171,2274,103,0.047
雲林縣麥寮鄉崙後村,3083,3186,103,0.033
新竹市北區康樂里,3307,3410,103,0.031
臺東縣臺東市南王里,3072,3175,103,0.034
澎湖縣馬公市石泉里,3077,3180,103,0.033
桃園市平鎮區新勢里,4368,4471,103,0.024
嘉義縣朴子市仁和里,2248,2352,104,0.046
新北市三重區六福里,5928,6032,104,0.018
桃園市新屋區清華里,4811,4916,105,0.022
桃園市八德區竹園里,4060,4165,105,0.026
新北市汐止區厚德里,7547,7652,105,0.014
臺中市潭子區嘉仁里,4686,4792,106,0.023
桃園市中壢區五權里,7525,7631,106,0.014
彰化縣員林市南興里,5822,5928,106,0.018
宜蘭縣宜蘭市新生里,3045,3151,106,0.035
新北市泰山區明志里,3853,3960,107,0.028
桃園市新屋區石磊里,2380,2487,107,0.045
桃園市中壢區明德里,5971,6079,108,0.018
臺中市大雅區秀山里,3911,4019,108,0.028
新北市淡水區正德里,4869,4977,108,0.022
臺中市潭子區栗林里,5335,5444,109,0.02
桃園市觀音區富源里,4607,4716,109,0.024
苗栗縣竹南鎮照南里,4443,4552,109,0.025
花蓮縣秀林鄉和平村,1838,1947,109,0.059
新北市汐止區拱北里,5226,5335,109,0.021
高雄市橋頭區德松里,1670,1779,109,0.065
臺中市南區工學里,8148,8258,110,0.014
彰化縣彰化市延和里,6189,6299,110,0.018
連江縣東引鄉樂華村,702,812,110,0.157
嘉義縣太保市舊埤里,2854,2964,110,0.039
雲林縣麥寮鄉雷厝村,2554,2664,110,0.043
宜蘭縣宜蘭市南津里,2582,2692,110,0.043
新北市樹林區樂山里,1998,2109,111,0.056
新北市土城區貨饒里,4580,4691,111,0.024
花蓮縣吉安鄉慶豐村,7728,7839,111,0.014
新北市樹林區潭底里,5034,5145,111,0.022
彰化縣北斗鎮中寮里,3179,3291,112,0.035
宜蘭縣五結鄉四結村,2744,2856,112,0.041
宜蘭縣員山鄉深溝村,2144,2256,112,0.052
新北市樹林區金寮里,4573,4685,112,0.024
臺南市新營區新南里,6097,6209,112,0.018
臺南市永康區西勢里,7349,7461,112,0.015
新北市汐止區湖蓮里,2705,2818,113,0.042
新北市板橋區挹秀里,1904,2017,113,0.059
雲林縣斗六市長平里,2025,2138,113,0.056
雲林縣麥寮鄉橋頭村,4775,4888,113,0.024
桃園市楊梅區高榮里,4133,4246,113,0.027
新北市樹林區彭福里,5502,5615,113,0.021
臺南市安平區億載里,3595,3709,114,0.032
臺中市南區福順里,6470,6584,114,0.018
新北市三重區重明里,3794,3908,114,0.03
嘉義縣太保市麻寮里,5545,5659,114,0.021
高雄市楠梓區享平里,3620,3735,115,0.032
臺南市北區福德里,5954,6069,115,0.019
臺中市大里區新仁里,9094,9209,115,0.013
宜蘭縣五結鄉五結村,4185,4300,115,0.027
金門縣金城鎮賢庵里,5195,5310,115,0.022
臺中市南屯區大同里,5767,5883,116,0.02
新北市淡水區埤島里,1830,1946,116,0.063
臺中市烏日區烏日里,10102,10219,117,0.012
臺中市南屯區寶山里,6439,6556,117,0.018
高雄市大寮區昭明里,4080,4197,117,0.029
桃園市龍潭區大平里,2471,2588,117,0.047
金門縣金湖鎮料羅里,2232,2349,117,0.052
臺中市西屯區福雅里,7413,7531,118,0.016
新竹市東區錦華里,2392,2510,118,0.049
新北市三重區仁華里,4336,4454,118,0.027
澎湖縣馬公市東文里,4019,4137,118,0.029
屏東縣潮州鎮蓬萊里,2690,2808,118,0.044
金門縣金湖鎮瓊林里,3626,3745,119,0.033
彰化縣員林市大饒里,3808,3927,119,0.031
新竹縣竹北市新社里,8458,8577,119,0.014
新北市板橋區忠誠里,4275,4394,119,0.028
臺南市歸仁區大廟里,3383,3503,120,0.035
臺南市佳里區民安里,1807,1927,120,0.066
桃園市龜山區大華里,11253,11373,120,0.011
新北市板橋區香社里,4408,4528,120,0.027
臺中市清水區橋頭里,8979,9100,121,0.013
新北市新店區柴埕里,9370,9491,121,0.013
新北市三重區福德里,4186,4307,121,0.029
雲林縣斗六市成功里,3417,3539,122,0.036
臺中市南屯區文心里,4671,4793,122,0.026
新北市板橋區和平里,4188,4310,122,0.029
新北市新莊區中美里,6249,6372,123,0.02
桃園市八德區霄裡里,2541,2664,123,0.048
臺北市南港區三重里,7832,7955,123,0.016
花蓮縣新城鄉北埔村,4686,4809,123,0.026
桃園市桃園區中山里,8259,8382,123,0.015
臺南市中西區西和里,4286,4410,124,0.029
臺南市安南區安順里,5699,5823,124,0.022
臺南市佳里區南勢里,5406,5530,124,0.023
新北市新店區百福里,3661,3786,125,0.034
雲林縣北港鎮新街里,7558,7683,125,0.017
連江縣南竿鄉仁愛村,565,690,125,0.221
桃園市龜山區迴龍里,6785,6911,126,0.019
桃園市觀音區藍埔里,2935,3062,127,0.043
桃園市中壢區內定里,8402,8530,128,0.015
宜蘭縣壯圍鄉吉祥村,2929,3057,128,0.044
屏東縣九如鄉東寧村,5123,5251,128,0.025
臺南市北區仁愛里,2299,2427,128,0.056
新北市新莊區光明里,5094,5222,128,0.025
臺南市永康區烏竹里,3316,3445,129,0.039
臺中市潭子區聚興里,4827,4956,129,0.027
臺中市潭子區頭家里,6610,6740,130,0.02
新北市三重區五谷里,1797,1927,130,0.072
宜蘭縣五結鄉鎮安村,2846,2976,130,0.046
苗栗縣頭份市山下里,4861,4991,130,0.027
屏東縣潮州鎮八爺里,2632,2763,131,0.05
桃園市蘆竹區瓦窯里,3999,4130,131,0.033
宜蘭縣冬山鄉永美村,3376,3507,131,0.039
臺中市豐原區翁明里,2544,2676,132,0.052
桃園市龜山區舊路里,2850,2982,132,0.046
基隆市七堵區堵北里,4124,4256,132,0.032
桃園市大園區菓林里,8427,8559,132,0.016
花蓮縣花蓮市主信里,728,861,133,0.183
新竹市東區親仁里,2290,2423,133,0.058
桃園市桃園區福林里,7447,7580,133,0.018
雲林縣麥寮鄉三盛村,2414,2547,133,0.055
澎湖縣馬公市光華里,1091,1224,133,0.122
桃園市中壢區內厝里,5568,5702,134,0.024
桃園市平鎮區義民里,6296,6431,135,0.021
臺中市潭子區家福里,5688,5823,135,0.024
宜蘭縣宜蘭市茭白里,2430,2566,136,0.056
臺北市士林區富洲里,6046,6182,136,0.022
基隆市暖暖區碇祥里,6765,6902,137,0.02
臺南市安南區海佃里,5065,5202,137,0.027
花蓮縣吉安鄉北昌村,8794,8931,137,0.016
基隆市暖暖區暖西里,5390,5527,137,0.025
苗栗縣苑裡鎮客庄里,4703,4840,137,0.029
高雄市前鎮區竹中里,3781,3919,138,0.036
新北市汐止區山光里,2813,2951,138,0.049
桃園市中壢區至善里,4362,4501,139,0.032
臺南市永康區建國里,2037,2176,139,0.068
臺南市安南區佃西里,2362,2501,139,0.059
桃園市平鎮區湧安里,5499,5639,140,0.025
新北市土城區青雲里,3114,3254,140,0.045
桃園市大溪區仁武里,3854,3994,140,0.036
新北市板橋區民族里,5143,5283,140,0.027
嘉義市西區竹圍里,5161,5302,141,0.027
新北市土城區埤塘里,5510,5651,141,0.026
高雄市林園區五福里,3087,3228,141,0.046
桃園市龜山區公西里,1359,1501,142,0.104
澎湖縣湖西鄉成功村,837,979,142,0.17
桃園市楊梅區楊梅里,4673,4815,142,0.03
新北市汐止區忠孝里,8234,8377,143,0.017
新竹市香山區虎山里,6279,6422,143,0.023
桃園市龜山區大湖里,6337,6480,143,0.023
彰化縣彰化市向陽里,6668,6813,145,0.022
臺中市神岡區庄前里,2591,2737,146,0.056
嘉義縣太保市東勢里,2222,2368,146,0.066
臺南市中西區郡王里,4182,4329,147,0.035
宜蘭縣蘇澳鎮隘丁里,3564,3711,147,0.041
苗栗縣竹南鎮天文里,2836,2983,147,0.052
彰化縣伸港鄉溪底村,2306,2453,147,0.064
宜蘭縣冬山鄉清溝村,4460,4607,147,0.033
臺中市潭子區大豐里,7232,7379,147,0.02
新竹縣新豐鄉員山村,3210,3358,148,0.046
雲林縣虎尾鎮平和里,5853,6001,148,0.025
臺中市西區民龍里,3872,4021,149,0.038
新北市中和區景安里,4771,4920,149,0.031
雲林縣斗六市三平里,5963,6112,149,0.025
臺南市官田區隆本里,4009,4158,149,0.037
桃園市龜山區楓福里,3878,4027,149,0.038
苗栗縣頭份市文化里,4414,4563,149,0.034
桃園市蘆竹區上興里,4126,4276,150,0.036
高雄市前鎮區興東里,6350,6501,151,0.024
臺北市大同區保安里,4217,4368,151,0.036
高雄市苓雅區普天里,3877,4028,151,0.039
高雄市鳳山區鳳東里,7449,7600,151,0.02
新北市永和區秀林里,4000,4151,151,0.038
新北市三重區光正里,2576,2728,152,0.059
南投縣南投市內興里,7998,8151,153,0.019
新竹縣新埔鎮文山里,4800,4953,153,0.032
桃園市楊梅區員本里,3247,3401,154,0.047
臺南市仁德區成功里,5342,5496,154,0.029
宜蘭縣五結鄉二結村,1967,2122,155,0.079
高雄市楠梓區裕昌里,5687,5842,155,0.027
臺中市西屯區上石里,6281,6437,156,0.025
高雄市三民區興德里,1924,2080,156,0.081
彰化縣員林市三愛里,3484,3641,157,0.045
雲林縣斗六市明德里,4418,4575,157,0.036
新北市板橋區香雅里,2622,2779,157,0.06
高雄市前金區青山里,1868,2025,157,0.084
臺南市永康區神洲里,1340,1498,158,0.118
高雄市橋頭區仕豐里,2860,3018,158,0.055
臺南市關廟區關廟里,2493,2651,158,0.063
高雄市新興區順昌里,2366,2524,158,0.067
新北市板橋區百壽里,2845,3003,158,0.056
新北市新店區五峯里,7689,7847,158,0.021
新竹市香山區頂福里,5041,5199,158,0.031
彰化縣伸港鄉什股村,2685,2843,158,0.059
南投縣草屯鎮山腳里,8585,8743,158,0.018
高雄市鳳山區文福里,11543,11701,158,0.014
新北市板橋區黃石里,1136,1295,159,0.14
連江縣北竿鄉芹壁村,217,376,159,0.733
桃園市楊梅區裕新里,2932,3091,159,0.054
新北市板橋區永安里,3621,3782,161,0.044
新北市三重區富貴里,6658,6819,161,0.024
新竹縣竹北市興安里,4668,4829,161,0.034
臺中市西屯區福聯里,3939,4101,162,0.041
新北市樹林區東昇里,5097,5259,162,0.032
桃園市楊梅區東流里,3295,3457,162,0.049
雲林縣斗六市長安里,3488,3650,162,0.046
臺中市潭子區福仁里,12199,12361,162,0.013
高雄市茄萣區崎漏里,5264,5426,162,0.031
臺南市安南區溪東里,4854,5017,163,0.034
苗栗縣頭份市上興里,2428,2591,163,0.067
新竹縣竹北市泰和里,7283,7446,163,0.022
臺中市西區公平里,5817,5980,163,0.028
桃園市桃園區永興里,1957,2121,164,0.084
桃園市桃園區中埔里,2663,2828,165,0.062
彰化縣大村鄉美港村,3480,3645,165,0.047
彰化縣員林市溝皂里,2794,2959,165,0.059
桃園市桃園區長德里,5918,6083,165,0.028
臺東縣臺東市豐田里,2416,2581,165,0.068
新北市中和區漳和里,3782,3948,166,0.044
新北市中和區員富里,3582,3748,166,0.046
臺南市安南區新順里,7352,7519,167,0.023
高雄市小港區坪頂里,6958,7125,167,0.024
新北市中和區外南里,7452,7619,167,0.022
高雄市前鎮區竹北里,2547,2714,167,0.066
桃園市平鎮區平南里,8221,8388,167,0.02
新北市五股區成州里,6374,6541,167,0.026
臺中市大肚區蔗廍里,5780,5948,168,0.029
新北市土城區沛陂里,4788,4956,168,0.035
宜蘭縣員山鄉員山村,6513,6684,171,0.026
新竹市香山區港南里,2991,3162,171,0.057
臺南市東區關聖里,5758,5929,171,0.03
臺南市仁德區後壁里,10769,10941,172,0.016
新北市汐止區中興里,7736,7908,172,0.022
澎湖縣湖西鄉西溪村,741,915,174,0.235
高雄市林園區溪州里,4718,4892,174,0.037
桃園市觀音區草新里,7131,7305,174,0.024
臺中市大雅區大楓里,5906,6081,175,0.03
屏東縣里港鄉玉田村,3712,3888,176,0.047
新北市鶯歌區建國里,7414,7592,178,0.024
臺中市北區梅川里,3726,3905,179,0.048
雲林縣斗南鎮明昌里,3841,4021,180,0.047
新北市新店區張北里,9168,9349,181,0.02
臺南市北區元寶里,4642,4824,182,0.039
臺中市梧棲區大庄里,9422,9604,182,0.019
南投縣草屯鎮新庄里,4036,4218,182,0.045
新竹市東區復興里,6703,6885,182,0.027
臺南市安平區育平里,9439,9622,183,0.019
臺中市東區泉源里,2237,2420,183,0.082
桃園市桃園區福元里,5715,5899,184,0.032
新竹市東區育賢里,1829,2013,184,0.101
桃園市平鎮區福林里,3918,4102,184,0.047
桃園市大園區北港里,3248,3432,184,0.057
桃園市中壢區仁美里,6756,6940,184,0.027
新北市中和區秀峰里,4655,4839,184,0.04
高雄市橋頭區甲北里,2239,2424,185,0.083
新竹縣湖口鄉德盛村,5796,5981,185,0.032
臺南市鹽水區岸內里,4318,4504,186,0.043
新北市板橋區赤松里,840,1026,186,0.221
高雄市三民區正興里,13942,14129,187,0.013
新北市蘆洲區中原里,6162,6349,187,0.03
高雄市鳥松區鳥松里,11429,11616,187,0.016
臺北市文山區興光里,3468,3655,187,0.054
新北市三重區五常里,4393,4580,187,0.043
臺南市新營區新北里,5665,5853,188,0.033
彰化縣大村鄉福興村,2389,2577,188,0.079
高雄市三民區鼎力里,4430,4618,188,0.042
雲林縣麥寮鄉麥津村,5159,5348,189,0.037
彰化縣伸港鄉埤墘村,1626,1815,189,0.116
桃園市平鎮區新英里,4464,4653,189,0.042
臺北市內湖區東湖里,8029,8218,189,0.024
基隆市中正區新豐里,6428,6618,190,0.03
新北市五股區成德里,3387,3578,191,0.056
嘉義市西區湖內里,5446,5637,191,0.035
臺中市南屯區田心里,7561,7753,192,0.025
桃園市蘆竹區營盤里,5946,6139,193,0.032
雲林縣斗六市榴南里,2381,2574,193,0.081
臺中市南屯區大業里,7990,8183,193,0.024
高雄市小港區孔宅里,5238,5432,194,0.037
桃園市蘆竹區新莊里,5928,6122,194,0.033
桃園市觀音區大潭里,1986,2181,195,0.098
雲林縣麥寮鄉施厝村,4227,4422,195,0.046
桃園市桃園區中寧里,7750,7946,196,0.025
澎湖縣馬公市西文里,3859,4055,196,0.051
金門縣金城鎮古城里,4315,4511,196,0.045
臺中市南區樹德里,9800,9997,197,0.02
臺中市太平區永成里,8173,8370,197,0.024
新北市汐止區湖興里,6413,6610,197,0.031
新北市新店區張南里,2175,2372,197,0.091
嘉義縣民雄鄉福樂村,7714,7912,198,0.026
新北市三重區成功里,6530,6728,198,0.03
新北市蘆洲區樓厝里,6619,6817,198,0.03
宜蘭縣五結鄉大吉村,4181,4379,198,0.047
桃園市中壢區忠福里,8921,9121,200,0.022
桃園市龍潭區祥和里,1711,1911,200,0.117
新竹縣湖口鄉中興村,7342,7543,201,0.027
嘉義縣太保市安仁里,3454,3656,202,0.058
彰化縣大村鄉擺塘村,2907,3110,203,0.07
臺南市安南區󻕯南里,5495,5698,203,0.037
新北市中和區景文里,3645,3849,204,0.056
高雄市鳥松區夢裡里,5263,5468,205,0.039
新北市三重區光華里,2098,2303,205,0.098
新北市淡水區新興里,7691,7897,206,0.027
高雄市三民區德北里,2077,2284,207,0.1
新北市新莊區丹鳳里,9197,9404,207,0.023
桃園市平鎮區忠貞里,1435,1644,209,0.146
臺南市中西區永華里,3095,3305,210,0.068
桃園市桃園區民生里,1688,1899,211,0.125
新北市三重區過田里,9699,9910,211,0.022
雲林縣西螺鎮中興里,3500,3712,212,0.061
臺南市安南區淵東里,5644,5856,212,0.038
臺北市萬華區日祥里,5696,5909,213,0.037
新北市永和區保順里,10641,10855,214,0.02
新北市五股區民義里,3634,3848,214,0.059
嘉義縣太保市過溝里,3997,4212,215,0.054
臺南市東區裕聖里,6307,6523,216,0.034
宜蘭縣冬山鄉鹿埔村,2712,2928,216,0.08
臺中市大里區日新里,4794,5012,218,0.045
新竹市香山區香村里,4056,4274,218,0.054
澎湖縣馬公市興仁里,1233,1452,219,0.178
臺南市永康區塩興里,4444,4663,219,0.049
臺中市南區永和里,5267,5486,219,0.042
宜蘭縣蘇澳鎮新城里,1479,1698,219,0.148
臺南市安南區州南里,5919,6138,219,0.037
新北市板橋區江翠里,5078,5298,220,0.043
桃園市桃園區南埔里,6049,6269,220,0.036
苗栗縣竹南鎮開元里,1266,1486,220,0.174
彰化縣大村鄉黃厝村,2620,2841,221,0.084
桃園市桃園區龍安里,6481,6703,222,0.034
高雄市鹽埕區中山里,1175,1398,223,0.19
新北市汐止區北山里,5587,5810,223,0.04
高雄市左營區新光里,16535,16759,224,0.014
臺中市神岡區社口里,8966,9190,224,0.025
臺中市沙鹿區福興里,4545,4771,226,0.05
新北市五股區集賢里,4102,4328,226,0.055
屏東縣潮州鎮三星里,6274,6500,226,0.036
桃園市八德區大興里,4564,4791,227,0.05
苗栗縣竹南鎮新南里,5849,6077,228,0.039
桃園市龜山區楓樹里,4556,4786,230,0.05
屏東縣內埔鄉豐田村,3228,3458,230,0.071
新北市三峽區礁溪里,6047,6277,230,0.038
桃園市龍潭區三和里,2821,3051,230,0.082
雲林縣西螺鎮漢光里,5531,5761,230,0.042
新北市汐止區金龍里,5196,5427,231,0.044
新北市板橋區新翠里,8105,8337,232,0.029
南投縣草屯鎮富寮里,7848,8080,232,0.03
臺中市西屯區福安里,3435,3669,234,0.068
臺中市龍井區田中里,4146,4381,235,0.057
新竹縣竹北市新崙里,7504,7739,235,0.031
臺中市大里區樹王里,4426,4662,236,0.053
臺中市大雅區上楓里,7512,7749,237,0.032
桃園市平鎮區莊敬里,5373,5612,239,0.044
高雄市三民區灣成里,2628,2867,239,0.091
桃園市八德區大智里,4854,5095,241,0.05
桃園市楊梅區大同里,4054,4296,242,0.06
桃園市蘆竹區羊稠里,5754,5996,242,0.042
新竹市東區關東里,6078,6321,243,0.04
臺南市中西區法華里,3700,3944,244,0.066
新北市三重區慈祐里,4902,5147,245,0.05
臺中市南屯區向心里,6335,6580,245,0.039
新竹市北區中寮里,4127,4373,246,0.06
新北市中和區華新里,7578,7824,246,0.032
臺南市中西區西湖里,6516,6764,248,0.038
臺中市大里區大里里,4112,4362,250,0.061
桃園市八德區茄明里,5482,5734,252,0.046
苗栗縣竹南鎮山佳里,6067,6319,252,0.042
新竹縣湖口鄉東興村,5145,5398,253,0.049
臺中市豐原區西湳里,11047,11300,253,0.023
桃園市大溪區三元里,3384,3637,253,0.075
新北市淡水區福德里,6957,7211,254,0.037
新北市淡水區民權里,4477,4733,256,0.057
新北市汐止區湖光里,5956,6212,256,0.043
苗栗縣竹南鎮佳興里,4340,4597,257,0.059
高雄市三民區德西里,898,1156,258,0.287
新北市土城區永富里,5534,5793,259,0.047
苗栗縣苗栗市福麗里,6314,6573,259,0.041
桃園市桃園區莊敬里,10412,10672,260,0.025
臺中市大里區健民里,5209,5469,260,0.05
高雄市新興區文昌里,3251,3512,261,0.08
桃園市蘆竹區中福里,4683,4946,263,0.056
新竹縣新豐鄉山崎村,5306,5569,263,0.05
高雄市前鎮區忠純里,5540,5805,265,0.048
臺中市南區和平里,4665,4934,269,0.058
新北市新莊區化成里,3705,3974,269,0.073
高雄市苓雅區正文里,2309,2578,269,0.117
臺南市新化區山脚里,1668,1939,271,0.162
新竹市北區士林里,1964,2235,271,0.138
桃園市觀音區坑尾里,1900,2174,274,0.144
新北市三重區溪美里,8673,8952,279,0.032
桃園市八德區大勇里,4861,5140,279,0.057
新北市土城區柑林里,3712,3992,280,0.075
宜蘭縣宜蘭市建業里,2153,2433,280,0.13
新北市土城區延和里,6744,7026,282,0.042
基隆市安樂區武崙里,5413,5698,285,0.053
桃園市桃園區大林里,8803,9088,285,0.032
高雄市小港區高松里,4588,4874,286,0.062
彰化縣伸港鄉大同村,3046,3332,286,0.094
新北市八里區埤頭里,4162,4451,289,0.069
雲林縣虎尾鎮廉使里,3774,4063,289,0.077
臺南市安南區學東里,2553,2842,289,0.113
臺南市東區德高里,3505,3794,289,0.082
高雄市苓雅區安祥里,2605,2896,291,0.112
新北市汐止區保長里,4700,4991,291,0.062
桃園市蘆竹區大竹里,6033,6325,292,0.048
新竹市北區中雅里,3958,4251,293,0.074
新北市板橋區華東里,7746,8040,294,0.038
金門縣金寧鄉湖埔村,8254,8549,295,0.036
桃園市中壢區新街里,2375,2672,297,0.125
臺南市善化區小新里,5259,5557,298,0.057
臺南市新市區社內里,3072,3371,299,0.097
高雄市苓雅區林富里,2577,2877,300,0.116
桃園市龍潭區烏樹林里,2845,3145,300,0.105
臺中市南屯區三和里,10600,10900,300,0.028
桃園市中壢區自治里,4028,4328,300,0.074
臺北市大同區隆和里,3268,3569,301,0.092
臺北市文山區景仁里,5491,5795,304,0.055
臺南市永康區龍埔里,4651,4956,305,0.066
臺中市龍井區龍泉里,8950,9256,306,0.034
新北市新店區安和里,7942,8249,307,0.039
桃園市桃園區慈文里,7774,8082,308,0.04
桃園市龍潭區中山里,6966,7275,309,0.044
新竹市東區光復里,3444,3753,309,0.09
新北市汐止區文化里,4514,4823,309,0.068
桃園市桃園區三元里,4268,4577,309,0.072
新北市淡水區沙崙里,4442,4751,309,0.07
雲林縣麥寮鄉興華村,3013,3324,311,0.103
新北市三重區頂崁里,2393,2704,311,0.13
桃園市中壢區中正里,6010,6324,314,0.052
新北市樹林區柑園里,10012,10326,314,0.031
臺中市大里區祥興里,8214,8528,314,0.038
臺中市北屯區仁和里,10839,11153,314,0.029
高雄市鳳山區保安里,8578,8898,320,0.037
臺南市安南區東和里,3394,3715,321,0.095
新竹縣竹北市新國里,7089,7412,323,0.046
高雄市鳳山區福誠里,5391,5716,325,0.06
桃園市楊梅區金溪里,4832,5157,325,0.067
新北市新莊區中隆里,5080,5407,327,0.064
高雄市前鎮區忠孝里,3070,3401,331,0.108
高雄市大寮區琉球里,5009,5341,332,0.066
桃園市桃園區中興里,6620,6952,332,0.05
臺南市善化區胡厝里,2055,2389,334,0.163
基隆市中正區砂子里,6155,6494,339,0.055
桃園市桃園區龍鳳里,11011,11352,341,0.031
桃園市楊梅區金龍里,1403,1745,342,0.244
苗栗縣頭份市民權里,2421,2764,343,0.142
臺南市東區虎尾里,6103,6452,349,0.057
新竹市北區中興里,696,1045,349,0.501
臺中市南屯區豐樂里,13382,13735,353,0.026
桃園市中壢區復華里,6849,7202,353,0.052
苗栗縣頭份市中興里,3488,3841,353,0.101
彰化縣鹿港鎮頂厝里,9921,10276,355,0.036
新北市八里區大崁里,3349,3704,355,0.106
新北市板橋區成和里,7081,7442,361,0.051
臺中市北屯區水景里,16689,17052,363,0.022
新北市三峽區龍埔里,10129,10496,367,0.036
高雄市三民區寶珠里,6988,7355,367,0.053
桃園市大園區五權里,5882,6250,368,0.063
高雄市仁武區文武里,10595,10963,368,0.035
桃園市中壢區月眉里,6374,6744,370,0.058
新北市汐止區橋東里,3126,3497,371,0.119
高雄市鳳山區和德里,2631,3004,373,0.142
臺北市北投區洲美里,2052,2425,373,0.182
桃園市平鎮區平安里,5967,6340,373,0.063
臺中市北屯區松強里,8198,8572,374,0.046
苗栗縣頭份市蟠桃里,4177,4552,375,0.09
臺中市太平區新坪里,9086,9462,376,0.041
新北市八里區頂罟里,2192,2569,377,0.172
新竹市北區港北里,1917,2297,380,0.198
臺北市中正區南福里,11511,11894,383,0.033
高雄市左營區新下里,15693,16076,383,0.024
臺中市西屯區西安里,5946,6330,384,0.065
新竹市東區建功里,4435,4821,386,0.087
桃園市楊梅區瑞坪里,7171,7560,389,0.054
高雄市仁武區大灣里,4735,5125,390,0.082
新北市永和區下溪里,4204,4595,391,0.093
臺中市北屯區軍功里,15035,15427,392,0.026
臺南市中西區城隍里,4304,4696,392,0.091
臺中市梧棲區南簡里,6113,6511,398,0.065
臺中市豐原區翁子里,3418,3817,399,0.117
彰化縣大村鄉大村村,3875,4275,400,0.103
彰化縣員林市南平里,6475,6876,401,0.062
新北市樹林區南園里,15776,16183,407,0.026
高雄市岡山區台上里,6973,7381,408,0.059
臺中市沙鹿區埔子里,6749,7157,408,0.06
臺中市南屯區永定里,5966,6377,411,0.069
桃園市楊梅區四維里,5351,5762,411,0.077
新竹縣竹東鎮中正里,2235,2648,413,0.185
新北市板橋區中山里,6737,7150,413,0.061
桃園市桃園區文化里,802,1218,416,0.519
桃園市中壢區忠義里,4503,4919,416,0.092
新竹縣芎林鄉上山村,4918,5335,417,0.085
高雄市楠梓區翠屏里,18041,18459,418,0.023
臺中市太平區新城里,6617,7036,419,0.063
桃園市八德區大和里,8802,9221,419,0.048
桃園市楊梅區上湖里,6378,6799,421,0.066
桃園市中壢區華勛里,4303,4725,422,0.098
臺中市沙鹿區六路里,6312,6734,422,0.067
桃園市八德區大宏里,4911,5334,423,0.086
臺北市北投區奇岩里,10525,10951,426,0.04
彰化縣大村鄉過溝村,3331,3757,426,0.128
桃園市八德區大正里,5031,5457,426,0.085
臺中市西屯區永安里,16108,16535,427,0.027
新北市三峽區龍恩里,7354,7782,428,0.058
金門縣金湖鎮新湖里,8995,9426,431,0.048
基隆市信義區孝忠里,8757,9190,433,0.049
桃園市蘆竹區順興里,4752,5187,435,0.092
臺中市沙鹿區鹿峰里,6327,6766,439,0.069
雲林縣麥寮鄉麥豐村,9303,9743,440,0.047
新北市三峽區中埔里,3317,3757,440,0.133
基隆市安樂區鶯安里,5407,5850,443,0.082
高雄市楠梓區五常里,7366,7810,444,0.06
臺中市南屯區惠中里,9363,9809,446,0.048
新北市新莊區忠孝里,4962,5413,451,0.091
桃園市新屋區頭洲里,4963,5417,454,0.091
彰化縣彰化市南興里,8963,9423,460,0.051
臺南市南區省躬里,4121,4583,462,0.112
新竹市北區海濱里,4562,5031,469,0.103
高雄市小港區港南里,2759,3229,470,0.17
臺中市大里區新里里,12196,12667,471,0.039
臺南市南區大成里,1632,2105,473,0.29
新北市新店區香坡里,10967,11442,475,0.043
臺中市梧棲區頂寮里,3862,4337,475,0.123
臺南市安南區溪心里,9247,9724,477,0.052
新北市新店區和平里,965,1445,480,0.497
桃園市蘆竹區南榮里,3912,4392,480,0.123
臺南市新市區新和里,7415,7899,484,0.065
高雄市三民區寶業里,6681,7165,484,0.072
高雄市楠梓區金田里,3882,4368,486,0.125
新北市新莊區中平里,9471,9960,489,0.052
高雄市鼓山區龍子里,20220,20710,490,0.024
臺北市內湖區寶湖里,9240,9732,492,0.053
新竹縣竹北市十興里,9938,10431,493,0.05
新北市汐止區北峰里,4637,5133,496,0.107
屏東縣屏東市崇蘭里,14476,14973,497,0.034
高雄市小港區廈莊里,4172,4671,499,0.12
臺南市南區興農里,2586,3086,500,0.193
新北市汐止區自強里,5650,6152,502,0.089
桃園市楊梅區梅溪里,4660,5162,502,0.108
桃園市大園區田心里,8200,8706,506,0.062
桃園市平鎮區宋屋里,4723,5229,506,0.107
臺中市太平區新光里,8817,9324,507,0.058
新竹縣湖口鄉信義村,4271,4784,513,0.12
臺南市東區東智里,2704,3218,514,0.19
新竹縣湖口鄉中勢村,3685,4201,516,0.14
臺北市內湖區週美里,8627,9144,517,0.06
新北市三峽區龍學里,16430,16949,519,0.032
新北市板橋區宏翠里,5030,5550,520,0.103
新竹市東區關新里,5567,6089,522,0.094
新北市鶯歌區鳳福里,3914,4439,525,0.134
金門縣金寧鄉安美村,5140,5665,525,0.102
臺南市北區華德里,4480,5006,526,0.117
桃園市龍潭區烏林里,4783,5309,526,0.11
臺南市安南區淵西里,3905,4431,526,0.135
高雄市鳳山區南成里,10022,10548,526,0.052
臺中市南屯區三厝里,8748,9275,527,0.06
新北市林口區中湖里,4567,5098,531,0.116
高雄市楠梓區東寧里,5098,5631,533,0.105
桃園市蘆竹區中興里,6260,6795,535,0.085
新北市板橋區社後里,9350,9885,535,0.057
新北市板橋區溪頭里,6228,6767,539,0.087
高雄市仁武區灣內里,9115,9659,544,0.06
臺中市大里區永隆里,13146,13692,546,0.042
高雄市苓雅區晴朗里,2318,2865,547,0.236
屏東縣東港鎮興東里,11221,11770,549,0.049
新竹縣新豐鄉松柏村,7573,8123,550,0.073
雲林縣虎尾鎮墾地里,1902,2456,554,0.291
臺中市太平區長億里,7236,7793,557,0.077
新北市淡水區新春里,9080,9640,560,0.062
臺中市西屯區福林里,9268,9828,560,0.06
桃園市桃園區新埔里,11435,11998,563,0.049
彰化縣彰化市延平里,11230,11800,570,0.051
苗栗縣頭份市後庄里,4976,5552,576,0.116
臺南市仁德區仁德里,8919,9497,578,0.065
桃園市龜山區長庚里,4962,5543,581,0.117
桃園市楊梅區瑞塘里,6859,7441,582,0.085
新北市新莊區雙鳳里,11854,12442,588,0.05
桃園市楊梅區永寧里,8795,9386,591,0.067
新北市汐止區東勢里,4181,4779,598,0.143
新北市板橋區柏翠里,4299,4901,602,0.14
臺中市沙鹿區三鹿里,8691,9296,605,0.07
臺南市南區明德里,1053,1667,614,0.583
桃園市大園區南港里,6528,7146,618,0.095
臺南市安南區海南里,2261,2881,620,0.274
高雄市仁武區五和里,5506,6130,624,0.113
新北市淡水區北投里,10957,11582,625,0.057
桃園市桃園區大有里,7500,8125,625,0.083
新北市中和區碧河里,4500,5126,626,0.139
新北市板橋區居仁里,3383,4009,626,0.185
臺中市西屯區西墩里,6881,7509,628,0.091
新竹縣竹北市中崙里,8144,8781,637,0.078
新北市三重區碧華里,8185,8825,640,0.078
臺中市清水區南社里,12018,12675,657,0.055
桃園市觀音區樹林里,4852,5519,667,0.137
高雄市左營區自助里,411,1079,668,1.625
新北市淡水區竿蓁里,10697,11368,671,0.063
桃園市平鎮區義興里,7999,8676,677,0.085
苗栗縣苗栗市文山里,4606,5286,680,0.148
臺中市梧棲區福德里,5485,6166,681,0.124
苗栗縣竹南鎮大埔里,4895,5578,683,0.14
桃園市楊梅區青山里,4628,5312,684,0.148
臺中市太平區新福里,7473,8168,695,0.093
桃園市平鎮區金星里,7901,8601,700,0.089
臺中市南屯區春安里,973,1681,708,0.728
臺中市北屯區松竹里,10250,10963,713,0.07
新竹市東區東園里,8055,8774,719,0.089
嘉義市東區興安里,2807,3540,733,0.261
新竹縣新埔鎮田新里,2955,3696,741,0.251
桃園市桃園區會稽里,11171,11915,744,0.067
新北市新莊區福基里,4734,5488,754,0.159
新北市新莊區榮和里,4969,5732,763,0.154
臺北市南港區東明里,4917,5682,765,0.156
新北市汐止區福安里,6454,7228,774,0.12
桃園市中壢區復興里,12282,13057,775,0.063
新竹縣湖口鄉中正村,3753,4536,783,0.209
桃園市桃園區龍壽里,7329,8126,797,0.109
新北市蘆洲區保新里,3234,4038,804,0.249
臺中市北區錦祥里,4407,5222,815,0.185
新北市新莊區西盛里,12353,13177,824,0.067
高雄市仁武區赤山里,7373,8223,850,0.115
桃園市龜山區文化里,7611,8477,866,0.114
臺南市安平區國平里,8502,9370,868,0.102
新北市淡水區八勢里,5850,6718,868,0.148
臺中市南區樹義里,13977,14845,868,0.062
臺中市西屯區潮洋里,6475,7351,876,0.135
高雄市鳳山區過埤里,16325,17201,876,0.054
高雄市仁武區高楠里,2174,3073,899,0.414
高雄市鳳山區新興里,2767,3668,901,0.326
基隆市信義區孝深里,4474,5380,906,0.203
新竹縣竹北市隘口里,3367,4306,939,0.279
新北市新莊區龍鳳里,10012,10952,940,0.094
新北市土城區日和里,6045,6998,953,0.158
桃園市中壢區芝芭里,4018,4974,956,0.238
新竹縣竹北市斗崙里,8855,9839,984,0.111
新北市板橋區福安里,6539,7525,986,0.151
新北市新莊區立廷里,12033,13037,1004,0.083
新北市蘆洲區正義里,14532,15536,1004,0.069
桃園市大溪區仁善里,4573,5578,1005,0.22
臺中市南屯區新生里,1793,2837,1044,0.582
新北市林口區西林里,10604,11674,1070,0.101
臺南市安南區國安里,2726,3799,1073,0.394
臺中市太平區新興里,6297,7392,1095,0.174
新北市鶯歌區鳳鳴里,4927,6033,1106,0.224
新北市鶯歌區尖山里,8214,9322,1108,0.135
新竹市北區金雅里,2544,3654,1110,0.436
高雄市楠梓區清豐里,26660,27778,1118,0.042
新竹市東區東勢里,3334,4457,1123,0.337
新北市五股區成功里,6633,7783,1150,0.173
新北市板橋區中正里,4521,5687,1166,0.258
桃園市觀音區草漯里,2589,3776,1187,0.458
臺中市烏日區三和里,5724,6917,1193,0.208
苗栗縣頭份市東庄里,4391,5595,1204,0.274
新北市新店區公崙里,12683,13921,1238,0.098
新北市新莊區頭前里,8859,10137,1278,0.144
高雄市左營區福山里,43713,44993,1280,0.029
桃園市龜山區文青里,7824,9129,1305,0.167
新北市土城區員林里,6236,7557,1321,0.212
臺中市烏日區榮泉里,6016,7419,1403,0.233
新竹縣竹北市鹿場里,15272,16686,1414,0.093
桃園市桃園區同安里,10546,11969,1423,0.135
高雄市楠梓區藍田里,8438,9899,1461,0.173
高雄市楠梓區中和里,3951,5486,1535,0.389
新北市林口區東勢里,6451,8016,1565,0.243
新竹縣竹東鎮二重里,13376,14952,1576,0.118
臺中市北屯區和平里,13297,14889,1592,0.12
桃園市桃園區中成里,5248,6866,1618,0.308
臺中市西屯區惠來里,17929,19560,1631,0.091
臺中市北屯區舊社里,7121,8756,1635,0.23
桃園市八德區瑞豐里,4604,6260,1656,0.36
臺南市善化區蓮潭里,3365,5031,1666,0.495
新北市新莊區昌平里,7213,8881,1668,0.231
臺中市清水區槺榔里,6268,7964,1696,0.271
新北市中和區中原里,6120,7826,1706,0.279
桃園市桃園區汴洲里,6300,8007,1707,0.271
桃園市桃園區中正里,6314,8071,1757,0.278
桃園市楊梅區楊明里,8330,10112,1782,0.214
高雄市鳳山區鎮北里,10113,11943,1830,0.181
臺中市北屯區仁美里,10711,12553,1842,0.172
臺南市永康區東橋里,7825,9669,1844,0.236
高雄市仁武區八卦里,18968,20871,1903,0.1
臺中市南屯區文山里,12487,14391,1904,0.152
新竹縣竹北市東興里,8008,9924,1916,0.239
桃園市桃園區文中里,3111,5031,1920,0.617
桃園市中壢區過嶺里,8346,10353,2007,0.24
臺中市太平區新高里,8828,10848,2020,0.229
桃園市八德區福興里,10492,12547,2055,0.196
桃園市大園區橫峰里,12724,14784,2060,0.162
新竹縣竹北市竹北里,8517,10601,2084,0.245
新北市新莊區中原里,11497,13613,2116,0.184
新竹市東區龍山里,11914,14064,2150,0.18
新北市新店區中興里,5329,7505,2176,0.408
新竹市東區埔頂里,6502,8744,2242,0.345
新竹縣竹北市中興里,9689,11970,2281,0.235
新竹縣竹北市東平里,16192,18484,2292,0.142
高雄市橋頭區新莊里,2839,5211,2372,0.836
新北市淡水區大庄里,8120,10565,2445,0.301
新北市五股區成泰里,9068,11518,2450,0.27
桃園市八德區興仁里,8954,11452,2498,0.279
高雄市鼓山區龍水里,28874,31402,2528,0.088
桃園市龜山區樂善里,4273,6811,2538,0.594
桃園市中壢區洽溪里,6321,9179,2858,0.452
新竹縣竹北市北興里,5053,8469,3416,0.676
桃園市中壢區青埔里,4545,8432,3887,0.855
新北市林口區湖南里,23277,27543,4266,0.183
臺中市北屯區廍子里,13333,19067,5734,0.43
新北市淡水區崁頂里,15638,21659,6021,0.385
新北市林口區南勢里,20688,27084,6396,0.309
