year,age_range,male,female,total
2019,0-4,5693,5182,10875
2019,5-9,5933,5379,11312
2019,10-14,5234,4760,9994
2019,15-19,6425,5905,12330
2019,20-24,8192,7335,15527
2019,25-29,8669,8187,16856
2019,30-34,8957,8800,17757
2019,35-39,11110,11401,22511
2019,40-44,10816,10793,21609
2019,45-49,8734,9627,18361
2019,50-54,8710,9914,18624
2019,55-59,8455,9986,18441
2019,60-64,7374,8344,15718
2019,65-69,5329,6012,11341
2019,70-74,2558,3301,5859
2019,75-79,1584,2417,4001
2019,80-84,921,1485,2406
2019,85-89,678,710,1388
2019,90-94,392,253,645
2019,95-99,60,58,118
2019,100+,7,4,11
2020,0-4,5328,4860,10188
2020,5-9,6293,5796,12089
2020,10-14,5127,4549,9676
2020,15-19,5938,5523,11461
2020,20-24,7996,7147,15143
2020,25-29,8603,8046,16649
2020,30-34,8871,8587,17458
2020,35-39,10727,10982,21709
2020,40-44,11157,11203,22360
2020,45-49,8809,9461,18270
2020,50-54,8694,9951,18645
2020,55-59,8521,10084,18605
2020,60-64,7537,8599,16136
2020,65-69,5788,6582,12370
2020,70-74,2956,3777,6733
2020,75-79,1565,2368,3933
2020,80-84,959,1592,2551
2020,85-89,615,779,1394
2020,90-94,426,287,713
2020,95-99,74,67,141
2020,100+,0,0,0
2021,0-4,4958,4615,9573
2021,5-9,6478,5890,12368
2021,10-14,5157,4674,9831
2021,15-19,5619,5127,10746
2021,20-24,7654,6855,14509
2021,25-29,8621,8025,16646
2021,30-34,8881,8479,17360
2021,35-39,10050,10262,20312
2021,40-44,11303,11380,22683
2021,45-49,9197,9715,18912
2021,50-54,8614,9846,18460
2021,55-59,8609,10136,18745
2021,60-64,7586,8917,16503
2021,65-69,6136,6927,13063
2021,70-74,3543,4410,7953
2021,75-79,1568,2360,3928
2021,80-84,1034,1723,2757
2021,85-89,542,830,1372
2021,90-94,442,322,764
2021,95-99,85,75,160
2021,100+,0,0,0
2022,0-4,4679,4360,9039
2022,5-9,6261,5698,11959
2022,10-14,5552,5023,10575
2022,15-19,5352,4959,10311
2022,20-24,7183,6433,13616
2022,25-29,8617,7923,16540
2022,30-34,8777,8391,17168
2022,35-39,9603,9598,19201
2022,40-44,11538,11601,23139
2022,45-49,9420,9995,19415
2022,50-54,8646,9667,18313
2022,55-59,8429,10033,18462
2022,60-64,7813,9384,17197
2022,65-69,6408,7231,13639
2022,70-74,4009,4910,8919
2022,75-79,1706,2478,4184
2022,80-84,1060,1815,2875
2022,85-89,538,904,1442
2022,90-94,415,348,763
2022,95-99,101,74,175
2022,100+,0,0,0
2023,0-4,4526,4216,8742
2023,5-9,6054,5471,11525
2023,10-14,5712,5228,10940
2023,15-19,5276,4852,10128
2023,20-24,6766,6197,12963
2023,25-29,8453,7549,16002
2023,30-34,8631,8297,16928
2023,35-39,9288,9174,18462
2023,40-44,11312,11558,22870
2023,45-49,9953,10299,20252
2023,50-54,8559,9602,18161
2023,55-59,8417,9846,18263
2023,60-64,8041,9751,17792
2023,65-69,6635,7625,14260
2023,70-74,4366,5290,9656
2023,75-79,1877,2688,4565
2023,80-84,1154,1930,3084
2023,85-89,546,988,1534
2023,90-94,369,369,738
2023,95-99,129,88,217
2023,100+,0,0,0
2024,0-4,4450,4137,8587
2024,5-9,5693,5182,10875
2024,10-14,5933,5379,11312
2024,15-19,5233,4760,9993
2024,20-24,6405,5905,12310
2024,25-29,8167,7332,15499
2024,30-34,8633,8164,16797
2024,35-39,8892,8774,17666
2024,40-44,10973,11350,22323
2024,45-49,10609,10722,21331
2024,50-54,8497,9530,18027
2024,55-59,8388,9769,18157
2024,60-64,8038,9782,17820
2024,65-69,6867,8076,14943
2024,70-74,4776,5681,10457
2024,75-79,2150,2994,5144
2024,80-84,1190,2022,3212
2024,85-89,592,1083,1675
2024,90-94,334,405,739
2024,95-99,136,94,230
2024,100+,0,0,0
2025,0-4,4273,3973,8246
2025,5-9,5328,4860,10188
2025,10-14,6293,5796,12089
2025,15-19,5127,4549,9676
2025,20-24,5921,5523,11444
2025,25-29,7971,7145,15116
2025,30-34,8569,8024,16593
2025,35-39,8810,8562,17372
2025,40-44,10595,10934,21529
2025,45-49,10944,11130,22074
2025,50-54,8572,9366,17938
2025,55-59,8377,9811,18188
2025,60-64,8106,9881,17987
2025,65-69,7025,8328,15353
2025,70-74,5192,6229,11421
2025,75-79,2486,3430,5916
2025,80-84,1177,1983,3160
2025,85-89,619,1170,1789
2025,90-94,307,451,758
2025,95-99,150,111,261
2025,100+,0,0,0
2026,0-4,4110,3822,7932
2026,5-9,4958,4615,9573
2026,10-14,6478,5890,12368
2026,15-19,5157,4674,9831
2026,20-24,5606,5127,10733
2026,25-29,7629,6854,14483
2026,30-34,8588,8003,16591
2026,35-39,8819,8454,17273
2026,40-44,9927,10218,20145
2026,45-49,11088,11306,22394
2026,50-54,8953,9621,18574
2026,55-59,8303,9708,18011
2026,60-64,8197,9936,18133
2026,65-69,7079,8642,15721
2026,70-74,5516,6564,12080
2026,75-79,2984,4012,6996
2026,80-84,1181,1981,3162
2026,85-89,667,1271,1938
2026,90-94,273,485,758
2026,95-99,155,127,282
2026,100+,0,0,0
2027,0-4,3957,3681,7638
2027,5-9,4679,4360,9039
2027,10-14,6261,5698,11959
2027,15-19,5552,5023,10575
2027,20-24,5343,4959,10302
2027,25-29,7158,6433,13591
2027,30-34,8585,7902,16487
2027,35-39,8717,8366,17083
2027,40-44,9489,9559,19048
2027,45-49,11318,11527,22845
2027,50-54,9171,9900,19071
2027,55-59,8337,9535,17872
2027,60-64,8029,9838,17867
2027,65-69,7300,9101,16401
2027,70-74,5765,6857,12622
2027,75-79,3381,4469,7850
2027,80-84,1292,2088,3380
2027,85-89,683,1341,2024
2027,90-94,274,531,805
2027,95-99,144,135,279
2027,100+,0,0,0
2028,0-4,3812,3548,7360
2028,5-9,4526,4216,8742
2028,10-14,6054,5471,11525
2028,15-19,5712,5228,10940
2028,20-24,5271,4852,10123
2028,25-29,6741,6197,12938
2028,30-34,8422,7531,15953
2028,35-39,8574,8272,16846
2028,40-44,9180,9138,18318
2028,45-49,11098,11485,22583
2028,50-54,9692,10201,19893
2028,55-59,8258,9473,17731
2028,60-64,8024,9657,17681
2028,65-69,7518,9463,16981
2028,70-74,5974,7237,13211
2028,75-79,3685,4820,8505
2028,80-84,1435,2276,3711
2028,85-89,749,1432,2181
2028,90-94,280,583,863
2028,95-99,129,145,274
2028,100+,0,0,0
2029,0-4,3677,3423,7100
2029,5-9,4450,4137,8587
2029,10-14,5693,5182,10875
2029,15-19,5933,5379,11312
2029,20-24,5230,4760,9990
2029,25-29,6382,5905,12287
2029,30-34,8136,7316,15452
2029,35-39,8576,8139,16715
2029,40-44,8790,8740,17530
2029,45-49,10768,11279,22047
2029,50-54,10332,10622,20954
2029,55-59,8200,9404,17604
2029,60-64,8003,9585,17588
2029,65-69,7523,9497,17020
2029,70-74,6192,7674,13866
2029,75-79,4040,5184,9224
2029,80-84,1653,2551,4204
2029,85-89,778,1503,2281
2029,90-94,305,645,950
2029,95-99,115,160,275
2029,100+,0,0,0
2030,0-4,3544,3301,6845
2030,5-9,4273,3973,8246
2030,10-14,5328,4860,10188
2030,15-19,6292,5796,12088
2030,20-24,5125,4549,9674
2030,25-29,5899,5523,11422
2030,30-34,7941,7130,15071
2030,35-39,8514,7999,16513
2030,40-44,8707,8530,17237
2030,45-49,10396,10865,21261
2030,50-54,10657,11026,21683
2030,55-59,8273,9242,17515
2030,60-64,7992,9626,17618
2030,65-69,7586,9592,17178
2030,70-74,6334,7915,14249
2030,75-79,4387,5683,10070
2030,80-84,1906,2918,4824
2030,85-89,765,1466,2231
2030,90-94,321,697,1018
2030,95-99,107,179,286
2030,100+,0,0,0
2031,0-4,3411,3178,6589
2031,5-9,4110,3822,7932
2031,10-14,4958,4615,9573
2031,15-19,6476,5890,12366
2031,20-24,5156,4674,9830
2031,25-29,5584,5127,10711
2031,30-34,7600,6841,14441
2031,35-39,8532,7978,16510
2031,40-44,8716,8422,17138
2031,45-49,9742,10154,19896
2031,50-54,10796,11200,21996
2031,55-59,8642,9494,18136
2031,60-64,7922,9525,17447
2031,65-69,7671,9646,17317
2031,70-74,6383,8213,14596
2031,75-79,4663,5990,10653
2031,80-84,2285,3411,5696
2031,85-89,767,1463,2230
2031,90-94,346,757,1103
2031,95-99,95,192,287
2031,100+,0,0,0
2032,0-4,3277,3055,6332
2032,5-9,3957,3681,7638
2032,10-14,4679,4360,9039
2032,15-19,6261,5698,11959
2032,20-24,5546,5023,10569
2032,25-29,5323,4959,10282
2032,30-34,7131,6421,13552
2032,35-39,8529,7877,16406
2032,40-44,8617,8334,16951
2032,45-49,9311,9498,18809
2032,50-54,11018,11420,22438
2032,55-59,8853,9768,18621
2032,60-64,7954,9353,17307
2032,65-69,7513,9551,17064
2032,70-74,6584,8647,15231
2032,75-79,4871,6255,11126
2032,80-84,2587,3794,6381
2032,85-89,842,1546,2388
2032,90-94,351,794,1145
2032,95-99,97,209,306
2032,100+,0,0,0
2033,0-4,3152,2939,6091
2033,5-9,3812,3548,7360
2033,10-14,4526,4216,8742
2033,15-19,6053,5471,11524
2033,20-24,5704,5228,10932
2033,25-29,5251,4852,10103
2033,30-34,6714,6186,12900
2033,35-39,8367,7506,15873
2033,40-44,8475,8241,16716
2033,45-49,9008,9079,18087
2033,50-54,10805,11378,22183
2033,55-59,9355,10065,19420
2033,60-64,7877,9295,17172
2033,65-69,7511,9375,16886
2033,70-74,6779,8989,15768
2033,75-79,5042,6600,11642
2033,80-84,2816,4088,6904
2033,85-89,945,1696,2641
2033,90-94,385,847,1232
2033,95-99,99,231,330
2033,100+,0,0,0
2034,0-4,3032,2828,5860
2034,5-9,3677,3423,7100
2034,10-14,4450,4137,8587
2034,15-19,5692,5182,10874
2034,20-24,5922,5379,11301
2034,25-29,5210,4760,9970
2034,30-34,6355,5897,12252
2034,35-39,8082,7291,15373
2034,40-44,8478,8108,16586
2034,45-49,8625,8686,17311
2034,50-54,10483,11174,21657
2034,55-59,9972,10481,20453
2034,60-64,7823,9226,17049
2034,65-69,7490,9304,16794
2034,70-74,6783,9020,15803
2034,75-79,5227,7001,12228
2034,80-84,3086,4395,7481
2034,85-89,1093,1912,3005
2034,90-94,399,888,1287
2034,95-99,108,256,364
2034,100+,0,0,0
2035,0-4,2917,2721,5638
2035,5-9,3544,3301,6845
2035,10-14,4273,3973,8246
2035,15-19,5328,4860,10188
2035,20-24,6280,5796,12076
2035,25-29,5110,4549,9659
2035,30-34,5874,5519,11393
2035,35-39,7890,7105,14995
2035,40-44,8418,7969,16387
2035,45-49,8546,8479,17025
2035,50-54,10124,10766,20890
2035,55-59,10292,10883,21175
2035,60-64,7904,9074,16978
2035,65-69,7492,9356,16848
2035,70-74,6855,9126,15981
2035,75-79,5364,7242,12606
2035,80-84,3364,4841,8205
2035,85-89,1264,2198,3462
2035,90-94,394,872,1266
2035,95-99,116,284,400
2035,100+,0,0,0
2036,0-4,2806,2619,5425
2036,5-9,3411,3178,6589
2036,10-14,4110,3822,7932
2036,15-19,4958,4615,9573
2036,20-24,6466,5890,12356
2036,25-29,5144,4674,9818
2036,30-34,5559,5126,10685
2036,35-39,7553,6816,14369
2036,40-44,8438,7949,16387
2036,45-49,8558,8371,16929
2036,50-54,9489,10063,19552
2036,55-59,10435,11059,21494
2036,60-64,8268,9328,17596
2036,65-69,7440,9266,16706
2036,70-74,6945,9192,16137
2036,75-79,5425,7536,12961
2036,80-84,3597,5127,8724
2036,85-89,1524,2585,4109
2036,90-94,398,882,1280
2036,95-99,125,313,438
2036,100+,0,0,0
2037,0-4,2711,2530,5241
2037,5-9,3277,3055,6332
2037,10-14,3957,3681,7638
2037,15-19,4679,4360,9039
2037,20-24,6256,5698,11954
2037,25-29,5534,5023,10557
2037,30-34,5299,4958,10257
2037,35-39,7088,6399,13487
2037,40-44,8436,7850,16286
2037,45-49,8464,8283,16747
2037,50-54,9071,9415,18486
2037,55-59,10654,11280,21934
2037,60-64,8477,9603,18080
2037,65-69,7482,9106,16588
2037,70-74,6817,9117,15934
2037,75-79,5617,7952,13569
2037,80-84,3770,5370,9140
2037,85-89,1733,2887,4620
2037,90-94,443,947,1390
2037,95-99,128,332,460
2037,100+,0,0,0
2038,0-4,2629,2454,5083
2038,5-9,3152,2939,6091
2038,10-14,3812,3548,7360
2038,15-19,4526,4216,8742
2038,20-24,6051,5471,11522
2038,25-29,5695,5228,10923
2038,30-34,5229,4851,10080
2038,35-39,6674,6166,12840
2038,40-44,8277,7480,15757
2038,45-49,8327,8192,16519
2038,50-54,8780,9000,17780
2038,55-59,10452,11242,21694
2038,60-64,8967,9900,18867
2038,65-69,7421,9057,16478
2038,70-74,6833,8964,15797
2038,75-79,5796,8283,14079
2038,80-84,3913,5682,9595
2038,85-89,1894,3124,5018
2038,90-94,507,1059,1566
2038,95-99,143,361,504
2038,100+,0,0,0
2039,0-4,2555,2386,4941
2039,5-9,3032,2828,5860
2039,10-14,3677,3423,7100
2039,15-19,4450,4137,8587
2039,20-24,5691,5182,10873
2039,25-29,5917,5379,11296
2039,30-34,5191,4760,9951
2039,35-39,6318,5878,12196
2039,40-44,7995,7265,15260
2039,45-49,8332,8061,16393
2039,50-54,8411,8613,17024
2039,55-59,10144,11043,21187
2039,60-64,9567,10312,19879
2039,65-69,7380,8995,16375
2039,70-74,6826,8904,15730
2039,75-79,5816,8328,14144
2039,80-84,4072,6049,10121
2039,85-89,2087,3377,5464
2039,90-94,594,1215,1809
2039,95-99,151,385,536
2039,100+,0,0,0
2040,0-4,2496,2331,4827
2040,5-9,2917,2721,5638
2040,10-14,3544,3301,6845
2040,15-19,4273,3973,8246
2040,20-24,5328,4860,10188
2040,25-29,6271,5796,12067
2040,30-34,5092,4549,9641
2040,35-39,5839,5501,11340
2040,40-44,7807,7079,14886
2040,45-49,8273,7924,16197
2040,50-54,8333,8408,16741
2040,55-59,9796,10640,20436
2040,60-64,9872,10707,20579
2040,65-69,7457,8849,16306
2040,70-74,6829,8954,15783
2040,75-79,5875,8423,14298
2040,80-84,4178,6259,10437
2040,85-89,2269,3719,5988
2040,90-94,684,1391,2075
2040,95-99,148,374,522
2040,100+,0,0,0
2041,0-4,2453,2290,4743
2041,5-9,2806,2619,5425
2041,10-14,3411,3178,6589
2041,15-19,4110,3822,7932
2041,20-24,4958,4615,9573
2041,25-29,6455,5890,12345
2041,30-34,5126,4674,9800
2041,35-39,5527,5110,10637
2041,40-44,7472,6790,14262
2041,45-49,8292,7904,16196
2041,50-54,8345,8301,16646
2041,55-59,9181,9944,19125
2041,60-64,10008,10882,20890
2041,65-69,7803,9098,16901
2041,70-74,6781,8869,15650
2041,75-79,5951,8483,14434
2041,80-84,4226,6513,10739
2041,85-89,2428,3941,6369
2041,90-94,823,1634,2457
2041,95-99,147,378,525
2041,100+,0,0,0
2042,0-4,2421,2261,4682
2042,5-9,2711,2530,5241
2042,10-14,3277,3055,6332
2042,15-19,3957,3681,7638
2042,20-24,4679,4360,9039
2042,25-29,6246,5698,11944
2042,30-34,5513,5023,10536
2042,35-39,5268,4945,10213
2042,40-44,7011,6374,13385
2042,45-49,8290,7805,16095
2042,50-54,8254,8213,16467
2042,55-59,8778,9304,18082
2042,60-64,10215,11100,21315
2042,65-69,8001,9364,17365
2042,70-74,6817,8717,15534
2042,75-79,5839,8414,14253
2042,80-84,4379,6870,11249
2042,85-89,2541,4121,6662
2042,90-94,935,1817,2752
2042,95-99,166,408,574
2042,100+,0,0,0
2043,0-4,2396,2238,4634
2043,5-9,2629,2454,5083
2043,10-14,3152,2939,6091
2043,15-19,3812,3548,7360
2043,20-24,4526,4216,8742
2043,25-29,6040,5471,11511
2043,30-34,5674,5228,10902
2043,35-39,5198,4840,10038
2043,40-44,6601,6141,12742
2043,45-49,8132,7438,15570
2043,50-54,8121,8123,16244
2043,55-59,8497,8895,17392
2043,60-64,10022,11060,21082
2043,65-69,8465,9655,18120
2043,70-74,6762,8669,15431
2043,75-79,5856,8274,14130
2043,80-84,4517,7153,11670
2043,85-89,2632,4356,6988
2043,90-94,1019,1961,2980
2043,95-99,195,465,660
2043,100+,0,0,0
2044,0-4,2379,2222,4601
2044,5-9,2555,2386,4941
2044,10-14,3032,2828,5860
2044,15-19,3677,3423,7100
2044,20-24,4450,4137,8587
2044,25-29,5683,5182,10865
2044,30-34,5893,5379,11272
2044,35-39,5161,4750,9911
2044,40-44,6248,5853,12101
2044,45-49,7854,7225,15079
2044,50-54,8126,7993,16119
2044,55-59,8140,8512,16652
2044,60-64,9728,10865,20593
2044,65-69,9028,10058,19086
2044,70-74,6726,8607,15333
2044,75-79,5850,8216,14066
2044,80-84,4529,7189,11718
2044,85-89,2742,4638,7380
2044,90-94,1123,2119,3242
2044,95-99,230,539,769
2044,100+,0,0,0
2045,0-4,2371,2216,4587
2045,5-9,2496,2331,4827
2045,10-14,2917,2721,5638
2045,15-19,3544,3301,6845
2045,20-24,4273,3973,8246
2045,25-29,5324,4860,10184
2045,30-34,6246,5796,12042
2045,35-39,5064,4541,9605
2045,40-44,5776,5476,11252
2045,45-49,7671,7041,14712
2045,50-54,8070,7858,15928
2045,55-59,8070,8312,16382
2045,60-64,9401,10472,19873
2045,65-69,9325,10450,19775
2045,70-74,6813,8479,15292
2045,75-79,5866,8281,14147
2045,80-84,4589,7290,11879
2045,85-89,2825,4828,7653
2045,90-94,1226,2354,3580
2045,95-99,266,621,887
2045,100+,0,0,0
2046,0-4,2365,2212,4577
2046,5-9,2453,2290,4743
2046,10-14,2806,2619,5425
2046,15-19,3411,3178,6589
2046,20-24,4110,3822,7932
2046,25-29,4958,4615,9573
2046,30-34,6430,5889,12319
2046,35-39,5099,4666,9765
2046,40-44,5468,5086,10554
2046,45-49,7341,6754,14095
2046,50-54,8091,7840,15931
2046,55-59,8084,8209,16293
2046,60-64,8817,9790,18607
2046,65-69,9465,10628,20093
2046,70-74,7144,8731,15875
2046,75-79,5841,8218,14059
2046,80-84,4661,7360,12021
2046,85-89,2874,5050,7924
2046,90-94,1322,2518,3840
2046,95-99,323,738,1061
2046,100+,0,0,0
2047,0-4,2351,2198,4549
2047,5-9,2421,2261,4682
2047,10-14,2711,2530,5241
2047,15-19,3277,3055,6332
2047,20-24,3957,3681,7638
2047,25-29,4679,4360,9039
2047,30-34,6225,5697,11922
2047,35-39,5485,5015,10500
2047,40-44,5214,4920,10134
2047,45-49,6889,6340,13229
2047,50-54,8090,7743,15833
2047,55-59,7999,8123,16122
2047,60-64,8435,9164,17599
2047,65-69,9668,10845,20513
2047,70-74,7335,8994,16329
2047,75-79,5880,8087,13967
2047,80-84,4586,7319,11905
2047,85-89,2991,5344,8335
2047,90-94,1389,2646,4035
2047,95-99,368,826,1194
2047,100+,0,0,0
2048,0-4,2329,2178,4507
2048,5-9,2396,2238,4634
2048,10-14,2629,2454,5083
2048,15-19,3152,2939,6091
2048,20-24,3812,3548,7360
2048,25-29,4526,4216,8742
2048,30-34,6023,5471,11494
2048,35-39,5646,5219,10865
2048,40-44,5146,4815,9961
2048,45-49,6487,6108,12595
2048,50-54,7937,7377,15314
2048,55-59,7874,8035,15909
2048,60-64,8170,8763,16933
2048,65-69,9492,10811,20303
2048,70-74,7773,9285,17058
2048,75-79,5847,8052,13899
2048,80-84,4616,7213,11829
2048,85-89,3095,5581,8676
2048,90-94,1441,2812,4253
2048,95-99,403,896,1299
2048,100+,0,0,0
2049,0-4,2299,2151,4450
2049,5-9,2379,2222,4601
2049,10-14,2555,2386,4941
2049,15-19,3032,2828,5860
2049,20-24,3677,3423,7100
2049,25-29,4450,4137,8587
2049,30-34,5669,5181,10850
2049,35-39,5864,5369,11233
2049,40-44,5110,4726,9836
2049,45-49,6140,5822,11962
2049,50-54,7665,7166,14831
2049,55-59,7880,7907,15787
2049,60-64,7831,8389,16220
2049,65-69,9222,10622,19844
2049,70-74,8299,9679,17978
2049,75-79,5827,8004,13831
2049,80-84,4622,7175,11797
2049,85-89,3113,5625,8738
2049,90-94,1512,3015,4527
2049,95-99,446,979,1425
2049,100+,0,0,0
2050,0-4,2258,2112,4370
2050,5-9,2371,2216,4587
2050,10-14,2496,2331,4827
2050,15-19,2917,2721,5638
2050,20-24,3544,3301,6845
2050,25-29,4273,3973,8246
2050,30-34,5312,4860,10172
2050,35-39,6215,5780,11995
2050,40-44,5013,4520,9533
2050,45-49,5676,5448,11124
2050,50-54,7487,6984,14471
2050,55-59,7825,7774,15599
2050,60-64,7765,8192,15957
2050,65-69,8910,10237,19147
2050,70-74,8568,10054,18622
2050,75-79,5903,7886,13789
2050,80-84,4636,7235,11871
2050,85-89,3151,5698,8849
2050,90-94,1555,3139,4694
2050,95-99,484,1088,1572
2050,100+,0,0,0
2051,0-4,2208,2064,4272
2051,5-9,2365,2212,4577
2051,10-14,2453,2290,4743
2051,15-19,2806,2619,5425
2051,20-24,3411,3178,6589
2051,25-29,4110,3822,7932
2051,30-34,4947,4615,9562
2051,35-39,6398,5872,12270
2051,40-44,5049,4645,9694
2051,45-49,5373,5060,10433
2051,50-54,7166,6701,13867
2051,55-59,7846,7756,15602
2051,60-64,7779,8091,15870
2051,65-69,8354,9570,17924
2051,70-74,8695,10225,18920
2051,75-79,6198,8129,14327
2051,80-84,4617,7180,11797
2051,85-89,3201,5751,8952
2051,90-94,1583,3283,4866
2051,95-99,524,1165,1689
2051,100+,0,0,0
2052,0-4,2148,2009,4157
2052,5-9,2351,2198,4549
2052,10-14,2421,2261,4682
2052,15-19,2711,2530,5241
2052,20-24,3277,3055,6332
2052,25-29,3957,3681,7638
2052,30-34,4669,4360,9029
2052,35-39,6194,5681,11875
2052,40-44,5432,4992,10424
2052,45-49,5125,4894,10019
2052,50-54,6724,6291,13015
2052,55-59,7845,7660,15505
2052,60-64,7697,8006,15703
2052,65-69,7995,8958,16953
2052,70-74,8876,10434,19310
2052,75-79,6362,8375,14737
2052,80-84,4645,7063,11708
2052,85-89,3149,5718,8867
2052,90-94,1650,3471,5121
2052,95-99,548,1218,1766
2052,100+,0,0,0
2053,0-4,2084,1949,4033
2053,5-9,2329,2178,4507
2053,10-14,2396,2238,4634
2053,15-19,2629,2454,5083
2053,20-24,3152,2939,6091
2053,25-29,3812,3548,7360
2053,30-34,4517,4216,8733
2053,35-39,5992,5456,11448
2053,40-44,5591,5195,10786
2053,45-49,5059,4789,9848
2053,50-54,6330,6060,12390
2053,55-59,7696,7299,14995
2053,60-64,7576,7919,15495
2053,65-69,7747,8568,16315
2053,70-74,8711,10397,19108
2053,75-79,6745,8647,15392
2053,80-84,4623,7033,11656
2053,85-89,3173,5637,8810
2053,90-94,1705,3622,5327
2053,95-99,567,1291,1858
2053,100+,0,0,0
2054,0-4,2021,1890,3911
2054,5-9,2299,2151,4450
2054,10-14,2379,2222,4601
2054,15-19,2555,2386,4941
2054,20-24,3032,2828,5860
2054,25-29,3677,3423,7100
2054,30-34,4442,4137,8579
2054,35-39,5639,5169,10808
2054,40-44,5807,5344,11151
2054,45-49,5024,4701,9725
2054,50-54,5993,5776,11769
2054,55-59,7433,7089,14522
2054,60-64,7582,7794,15376
2054,65-69,7427,8204,15631
2054,70-74,8464,10213,18677
2054,75-79,7199,9014,16213
2054,80-84,4605,6988,11593
2054,85-89,3177,5605,8782
2054,90-94,1713,3646,5359
2054,95-99,597,1387,1984
2054,100+,0,0,0
2055,0-4,1954,1828,3782
2055,5-9,2258,2112,4370
2055,10-14,2371,2216,4587
2055,15-19,2496,2331,4827
2055,20-24,2917,2721,5638
2055,25-29,3544,3301,6845
2055,30-34,4267,3973,8240
2055,35-39,5283,4851,10134
2055,40-44,6155,5755,11910
2055,45-49,4929,4495,9424
2055,50-54,5542,5406,10948
2055,55-59,7264,6909,14173
2055,60-64,7535,7665,15200
2055,65-69,7373,8020,15393
2055,70-74,8187,9849,18036
2055,75-79,7440,9374,16814
2055,80-84,4683,6909,11592
2055,85-89,3200,5679,8879
2055,90-94,1742,3713,5455
2055,95-99,617,1464,2081
2055,100+,0,0,0
2056,0-4,1884,1764,3648
2056,5-9,2208,2064,4272
2056,10-14,2365,2212,4577
2056,15-19,2453,2290,4743
2056,20-24,2806,2619,5425
2056,25-29,3411,3178,6589
2056,30-34,4106,3822,7928
2056,35-39,4920,4610,9530
2056,40-44,6336,5847,12183
2056,45-49,4966,4620,9586
2056,50-54,5248,5020,10268
2056,55-59,6956,6630,13586
2056,60-64,7561,7649,15210
2056,65-69,7392,7923,15315
2056,70-74,7686,9217,16903
2056,75-79,7567,9549,17116
2056,80-84,4940,7149,12089
2056,85-89,3199,5657,8856
2056,90-94,1777,3770,5547
2056,95-99,633,1547,2180
2056,100+,0,0,0
2057,0-4,1817,1701,3518
2057,5-9,2148,2009,4157
2057,10-14,2351,2198,4549
2057,15-19,2421,2261,4682
2057,20-24,2711,2530,5241
2057,25-29,3277,3055,6332
2057,30-34,3954,3681,7635
2057,35-39,4644,4359,9003
2057,40-44,6136,5656,11792
2057,45-49,5343,4967,10310
2057,50-54,5006,4857,9863
2057,55-59,6530,6225,12755
2057,60-64,7565,7556,15121
2057,65-69,7319,7842,15161
2057,70-74,7365,8636,16001
2057,75-79,7731,9755,17486
2057,80-84,5083,7382,12465
2057,85-89,3226,5580,8806
2057,90-94,1753,3768,5521
2057,95-99,665,1649,2314
2057,100+,0,0,0
2058,0-4,1753,1640,3393
2058,5-9,2084,1949,4033
2058,10-14,2329,2178,4507
2058,15-19,2396,2238,4634
2058,20-24,2629,2454,5083
2058,25-29,3152,2939,6091
2058,30-34,3809,3548,7357
2058,35-39,4494,4216,8710
2058,40-44,5936,5434,11370
2058,45-49,5501,5170,10671
2058,50-54,4941,4756,9697
2058,55-59,6149,5998,12147
2058,60-64,7425,7202,14627
2058,65-69,7211,7763,14974
2058,70-74,7147,8267,15414
2058,75-79,7597,9728,17325
2058,80-84,5407,7639,13046
2058,85-89,3226,5572,8798
2058,90-94,1777,3736,5513
2058,95-99,690,1732,2422
2058,100+,0,0,0
2059,0-4,1689,1580,3269
2059,5-9,2021,1890,3911
2059,10-14,2299,2151,4450
2059,15-19,2379,2222,4601
2059,20-24,2555,2386,4941
2059,25-29,3032,2828,5860
2059,30-34,3674,3423,7097
2059,35-39,4420,4136,8556
2059,40-44,5586,5150,10736
2059,45-49,5714,5319,11033
2059,50-54,4907,4670,9577
2059,55-59,5822,5718,11540
2059,60-64,7175,6997,14172
2059,65-69,7222,7643,14865
2059,70-74,6863,7923,14786
2059,75-79,7394,9564,16958
2059,80-84,5782,7977,13759
2059,85-89,3222,5550,8772
2059,90-94,1786,3728,5514
2059,95-99,696,1752,2448
2059,100+,0,0,0
2060,0-4,1627,1522,3149
2060,5-9,1954,1828,3782
2060,10-14,2258,2112,4370
2060,15-19,2371,2216,4587
2060,20-24,2496,2331,4827
2060,25-29,2917,2721,5638
2060,30-34,3542,3301,6843
2060,35-39,4245,3973,8218
2060,40-44,5234,4833,10067
2060,45-49,6056,5729,11785
2060,50-54,4815,4464,9279
2060,55-59,5384,5352,10736
2060,60-64,7012,6819,13831
2060,65-69,7179,7517,14696
2060,70-74,6817,7746,14563
2060,75-79,7146,9220,16366
2060,80-84,5967,8291,14258
2060,85-89,3282,5495,8777
2060,90-94,1799,3783,5582
2060,95-99,706,1779,2485
2060,100+,0,0,0
2061,0-4,1569,1466,3035
2061,5-9,1884,1764,3648
2061,10-14,2208,2064,4272
2061,15-19,2365,2212,4577
2061,20-24,2453,2290,4743
2061,25-29,2806,2619,5425
2061,30-34,3410,3178,6588
2061,35-39,4084,3822,7906
2061,40-44,4875,4593,9468
2061,45-49,6233,5820,12053
2061,50-54,4851,4588,9439
2061,55-59,5097,4971,10068
2061,60-64,6714,6543,13257
2061,65-69,7205,7501,14706
2061,70-74,6832,7652,14484
2061,75-79,6708,8624,15332
2061,80-84,6068,8449,14517
2061,85-89,3473,5699,9172
2061,90-94,1799,3771,5570
2061,95-99,719,1804,2523
2061,100+,0,0,0
2062,0-4,1514,1415,2929
2062,5-9,1817,1701,3518
2062,10-14,2148,2009,4157
2062,15-19,2351,2198,4549
2062,20-24,2421,2261,4682
2062,25-29,2711,2530,5241
2062,30-34,3276,3055,6331
2062,35-39,3933,3681,7614
2062,40-44,4602,4343,8945
2062,45-49,6036,5630,11666
2062,50-54,5221,4932,10153
2062,55-59,4862,4809,9671
2062,60-64,6302,6145,12447
2062,65-69,7208,7409,14617
2062,70-74,6767,7575,14342
2062,75-79,6432,8081,14513
2062,80-84,6190,8626,14816
2062,85-89,3570,5886,9456
2062,90-94,1812,3714,5526
2062,95-99,707,1804,2511
2062,100+,0,0,0
2063,0-4,1460,1366,2826
2063,5-9,1753,1640,3393
2063,10-14,2084,1949,4033
2063,15-19,2329,2178,4507
2063,20-24,2396,2238,4634
2063,25-29,2629,2454,5083
2063,30-34,3151,2939,6090
2063,35-39,3789,3548,7337
2063,40-44,4453,4201,8654
2063,45-49,5839,5407,11246
2063,50-54,5376,5133,10509
2063,55-59,4800,4707,9507
2063,60-64,5935,5921,11856
2063,65-69,7074,7060,14134
2063,70-74,6667,7499,14166
2063,75-79,6247,7740,13987
2063,80-84,6082,8594,14676
2063,85-89,3802,6093,9895
2063,90-94,1814,3708,5522
2063,95-99,720,1787,2507
2063,100+,0,0,0
2064,0-4,1408,1317,2725
2064,5-9,1689,1580,3269
2064,10-14,2021,1890,3911
2064,15-19,2299,2151,4450
2064,20-24,2379,2222,4601
2064,25-29,2555,2386,4941
2064,30-34,3032,2828,5860
2064,35-39,3655,3423,7078
2064,40-44,4380,4123,8503
2064,45-49,5493,5123,10616
2064,50-54,5582,5281,10863
2064,55-59,4767,4620,9387
2064,60-64,5619,5644,11263
2064,65-69,6833,6858,13691
2064,70-74,6676,7382,14058
2064,75-79,6001,7421,13422
2064,80-84,5920,8443,14363
2064,85-89,4063,6358,10421
2064,90-94,1810,3690,5500
2064,95-99,723,1781,2504
2064,100+,0,0,0
2065,0-4,1359,1270,2629
2065,5-9,1627,1522,3149
2065,10-14,1954,1828,3782
2065,15-19,2258,2112,4370
2065,20-24,2371,2216,4587
2065,25-29,2496,2331,4827
2065,30-34,2917,2721,5638
2065,35-39,3524,3301,6825
2065,40-44,4206,3962,8168
2065,45-49,5148,4808,9956
2065,50-54,5916,5685,11601
2065,55-59,4677,4419,9096
2065,60-64,5201,5284,10485
2065,65-69,6680,6687,13367
2065,70-74,6643,7265,13908
2065,75-79,5971,7267,13238
2065,80-84,5728,8149,13877
2065,85-89,4197,6622,10819
2065,90-94,1854,3681,5535
2065,95-99,732,1828,2560
2065,100+,0,0,0
