year,age_range,male,female,total
2019,0-4,1177,1129,2306
2019,5-9,1148,1132,2280
2019,10-14,1302,1176,2478
2019,15-19,1722,1563,3285
2019,20-24,1900,1842,3742
2019,25-29,1532,1653,3185
2019,30-34,1583,1744,3327
2019,35-39,2030,2373,4403
2019,40-44,2074,2156,4230
2019,45-49,1800,1671,3471
2019,50-54,1811,1435,3246
2019,55-59,1610,1372,2982
2019,60-64,1335,1266,2601
2019,65-69,981,974,1955
2019,70-74,620,639,1259
2019,75-79,422,605,1027
2019,80-84,274,466,740
2019,85-89,104,272,376
2019,90-94,33,93,126
2019,95-99,11,16,27
2019,100+,0,1,1
2020,0-4,1143,1099,2242
2020,5-9,1168,1154,2322
2020,10-14,1221,1094,2315
2020,15-19,1584,1443,3027
2020,20-24,1935,1872,3807
2020,25-29,1650,1702,3352
2020,30-34,1501,1659,3160
2020,35-39,1938,2274,4212
2020,40-44,2146,2268,4414
2020,45-49,1809,1724,3533
2020,50-54,1801,1478,3279
2020,55-59,1649,1383,3032
2020,60-64,1379,1282,2661
2020,65-69,1086,1082,2168
2020,70-74,632,678,1310
2020,75-79,414,546,960
2020,80-84,284,483,767
2020,85-89,128,281,409
2020,90-94,32,120,152
2020,95-99,11,16,27
2020,100+,0,0,0
2021,0-4,1104,1043,2147
2021,5-9,1193,1165,2358
2021,10-14,1192,1096,2288
2021,15-19,1484,1337,2821
2021,20-24,1876,1796,3672
2021,25-29,1768,1770,3538
2021,30-34,1492,1613,3105
2021,35-39,1828,2191,4019
2021,40-44,2141,2314,4455
2021,45-49,1829,1811,3640
2021,50-54,1789,1494,3283
2021,55-59,1707,1417,3124
2021,60-64,1397,1254,2651
2021,65-69,1108,1148,2256
2021,70-74,720,755,1475
2021,75-79,419,545,964
2021,80-84,299,508,807
2021,85-89,144,282,426
2021,90-94,35,126,161
2021,95-99,11,24,35
2021,100+,0,0,0
2022,0-4,1040,995,2035
2022,5-9,1190,1126,2316
2022,10-14,1181,1106,2287
2022,15-19,1430,1304,2734
2022,20-24,1795,1658,3453
2022,25-29,1869,1875,3744
2022,30-34,1473,1610,3083
2022,35-39,1748,2016,3764
2022,40-44,2096,2418,4514
2022,45-49,1924,1865,3789
2022,50-54,1741,1559,3300
2022,55-59,1749,1386,3135
2022,60-64,1468,1301,2769
2022,65-69,1119,1188,2307
2022,70-74,782,782,1564
2022,75-79,436,561,997
2022,80-84,307,511,818
2022,85-89,153,302,455
2022,90-94,41,138,179
2022,95-99,10,27,37
2022,100+,0,0,0
2023,0-4,995,939,1934
2023,5-9,1182,1115,2297
2023,10-14,1154,1128,2282
2023,15-19,1383,1233,2616
2023,20-24,1738,1623,3361
2023,25-29,1922,1873,3795
2023,30-34,1467,1606,3073
2023,35-39,1660,1860,3520
2023,40-44,2057,2466,4523
2023,45-49,1990,1965,3955
2023,50-54,1735,1595,3330
2023,55-59,1755,1398,3153
2023,60-64,1490,1317,2807
2023,65-69,1181,1206,2387
2023,70-74,863,876,1739
2023,75-79,444,538,982
2023,80-84,325,515,840
2023,85-89,157,330,487
2023,90-94,51,144,195
2023,95-99,8,34,42
2023,100+,0,0,0
2024,0-4,944,878,1822
2024,5-9,1177,1129,2306
2024,10-14,1148,1132,2280
2024,15-19,1302,1176,2478
2024,20-24,1722,1563,3285
2024,25-29,1900,1842,3742
2024,30-34,1532,1653,3185
2024,35-39,1573,1744,3317
2024,40-44,2004,2368,4372
2024,45-49,2032,2137,4169
2024,50-54,1750,1647,3397
2024,55-59,1743,1410,3153
2024,60-64,1534,1347,2881
2024,65-69,1245,1226,2471
2024,70-74,878,920,1798
2024,75-79,520,578,1098
2024,80-84,314,504,818
2024,85-89,171,340,511
2024,90-94,54,152,206
2024,95-99,11,36,47
2024,100+,0,0,0
2025,0-4,921,857,1778
2025,5-9,1143,1099,2242
2025,10-14,1168,1154,2322
2025,15-19,1221,1094,2315
2025,20-24,1584,1443,3027
2025,25-29,1935,1872,3807
2025,30-34,1650,1702,3352
2025,35-39,1493,1659,3152
2025,40-44,1913,2270,4183
2025,45-49,2102,2246,4348
2025,50-54,1759,1699,3458
2025,55-59,1735,1453,3188
2025,60-64,1574,1358,2932
2025,65-69,1287,1244,2531
2025,70-74,973,1024,1997
2025,75-79,530,613,1143
2025,80-84,308,454,762
2025,85-89,180,355,535
2025,90-94,66,160,226
2025,95-99,13,47,60
2025,100+,0,0,0
2026,0-4,899,837,1736
2026,5-9,1104,1043,2147
2026,10-14,1193,1165,2358
2026,15-19,1192,1096,2288
2026,20-24,1484,1337,2821
2026,25-29,1876,1796,3672
2026,30-34,1768,1770,3538
2026,35-39,1485,1613,3098
2026,40-44,1804,2187,3991
2026,45-49,2099,2291,4390
2026,50-54,1779,1786,3565
2026,55-59,1725,1469,3194
2026,60-64,1629,1392,3021
2026,65-69,1305,1217,2522
2026,70-74,997,1088,2085
2026,75-79,607,686,1293
2026,80-84,314,457,771
2026,85-89,191,371,562
2026,90-94,74,162,236
2026,95-99,14,50,64
2026,100+,0,0,0
2027,0-4,881,822,1703
2027,5-9,1040,995,2035
2027,10-14,1190,1126,2316
2027,15-19,1181,1106,2287
2027,20-24,1430,1304,2734
2027,25-29,1795,1658,3453
2027,30-34,1869,1875,3744
2027,35-39,1468,1610,3078
2027,40-44,1723,2014,3737
2027,45-49,2056,2395,4451
2027,50-54,1874,1840,3714
2027,55-59,1679,1534,3213
2027,60-64,1670,1361,3031
2027,65-69,1372,1263,2635
2027,70-74,1008,1127,2135
2027,75-79,659,710,1369
2027,80-84,327,475,802
2027,85-89,200,376,576
2027,90-94,79,177,256
2027,95-99,15,52,67
2027,100+,0,0,0
2028,0-4,866,808,1674
2028,5-9,995,939,1934
2028,10-14,1182,1115,2297
2028,15-19,1154,1128,2282
2028,20-24,1383,1233,2616
2028,25-29,1738,1623,3361
2028,30-34,1922,1873,3795
2028,35-39,1464,1606,3070
2028,40-44,1635,1860,3495
2028,45-49,2019,2443,4462
2028,50-54,1940,1940,3880
2028,55-59,1675,1570,3245
2028,60-64,1675,1373,3048
2028,65-69,1393,1279,2672
2028,70-74,1065,1145,2210
2028,75-79,728,798,1526
2028,80-84,336,456,792
2028,85-89,211,381,592
2028,90-94,82,195,277
2028,95-99,18,56,74
2028,100+,0,0,0
2029,0-4,850,793,1643
2029,5-9,944,878,1822
2029,10-14,1177,1129,2306
2029,15-19,1148,1132,2280
2029,20-24,1302,1176,2478
2029,25-29,1722,1563,3285
2029,30-34,1900,1842,3742
2029,35-39,1529,1653,3182
2029,40-44,1550,1744,3294
2029,45-49,1968,2348,4316
2029,50-54,1981,2112,4093
2029,55-59,1690,1622,3312
2029,60-64,1663,1385,3048
2029,65-69,1436,1308,2744
2029,70-74,1122,1163,2285
2029,75-79,744,840,1584
2029,80-84,397,490,887
2029,85-89,203,373,576
2029,90-94,90,200,290
2029,95-99,19,59,78
2029,100+,0,0,0
2030,0-4,833,778,1611
2030,5-9,921,857,1778
2030,10-14,1143,1099,2242
2030,15-19,1168,1154,2322
2030,20-24,1221,1094,2315
2030,25-29,1584,1443,3027
2030,30-34,1935,1872,3807
2030,35-39,1644,1702,3346
2030,40-44,1471,1659,3130
2030,45-49,1878,2253,4131
2030,50-54,2049,2221,4270
2030,55-59,1699,1674,3373
2030,60-64,1654,1427,3081
2030,65-69,1472,1318,2790
2030,70-74,1160,1180,2340
2030,75-79,822,933,1755
2030,80-84,403,517,920
2030,85-89,199,335,534
2030,90-94,95,209,304
2030,95-99,24,63,87
2030,100+,0,0,0
2031,0-4,815,761,1576
2031,5-9,899,837,1736
2031,10-14,1104,1043,2147
2031,15-19,1193,1165,2358
2031,20-24,1192,1096,2288
2031,25-29,1484,1337,2821
2031,30-34,1876,1796,3672
2031,35-39,1759,1770,3529
2031,40-44,1463,1613,3076
2031,45-49,1770,2173,3943
2031,50-54,2044,2266,4310
2031,55-59,1718,1761,3479
2031,60-64,1645,1444,3089
2031,65-69,1525,1351,2876
2031,70-74,1176,1155,2331
2031,75-79,842,995,1837
2031,80-84,465,581,1046
2031,85-89,203,338,541
2031,90-94,100,216,316
2031,95-99,28,64,92
2031,100+,0,0,0
2032,0-4,794,741,1535
2032,5-9,881,822,1703
2032,10-14,1040,995,2035
2032,15-19,1190,1126,2316
2032,20-24,1181,1106,2287
2032,25-29,1430,1304,2734
2032,30-34,1795,1658,3453
2032,35-39,1857,1875,3732
2032,40-44,1446,1610,3056
2032,45-49,1690,2002,3692
2032,50-54,2001,2370,4371
2032,55-59,1808,1815,3623
2032,60-64,1601,1509,3110
2032,65-69,1562,1321,2883
2032,70-74,1235,1199,2434
2032,75-79,850,1028,1878
2032,80-84,505,605,1110
2032,85-89,212,353,565
2032,90-94,105,220,325
2032,95-99,29,70,99
2032,100+,0,0,0
2033,0-4,773,721,1494
2033,5-9,866,808,1674
2033,10-14,995,939,1934
2033,15-19,1182,1115,2297
2033,20-24,1154,1128,2282
2033,25-29,1383,1233,2616
2033,30-34,1738,1623,3361
2033,35-39,1909,1873,3782
2033,40-44,1441,1606,3047
2033,45-49,1604,1850,3454
2033,50-54,1965,2418,4383
2033,55-59,1870,1915,3785
2033,60-64,1597,1544,3141
2033,65-69,1566,1333,2899
2033,70-74,1255,1215,2470
2033,75-79,901,1044,1945
2033,80-84,555,679,1234
2033,85-89,221,340,561
2033,90-94,110,225,335
2033,95-99,30,78,108
2033,100+,0,0,0
2034,0-4,752,701,1453
2034,5-9,850,793,1643
2034,10-14,944,878,1822
2034,15-19,1177,1129,2306
2034,20-24,1148,1132,2280
2034,25-29,1302,1176,2478
2034,30-34,1721,1563,3284
2034,35-39,1887,1842,3729
2034,40-44,1504,1653,3157
2034,45-49,1522,1737,3259
2034,50-54,1915,2323,4238
2034,55-59,1910,2087,3997
2034,60-64,1612,1595,3207
2034,65-69,1556,1345,2901
2034,70-74,1294,1242,2536
2034,75-79,948,1060,2008
2034,80-84,566,713,1279
2034,85-89,262,366,628
2034,90-94,104,220,324
2034,95-99,33,79,112
2034,100+,0,0,0
2035,0-4,728,679,1407
2035,5-9,833,778,1611
2035,10-14,921,857,1778
2035,15-19,1143,1099,2242
2035,20-24,1168,1154,2322
2035,25-29,1221,1094,2315
2035,30-34,1584,1443,3027
2035,35-39,1923,1872,3795
2035,40-44,1619,1702,3321
2035,45-49,1446,1655,3101
2035,50-54,1829,2228,4057
2035,55-59,1976,2196,4172
2035,60-64,1623,1649,3272
2035,65-69,1550,1387,2937
2035,70-74,1332,1255,2587
2035,75-79,982,1079,2061
2035,80-84,628,794,1422
2035,85-89,265,387,652
2035,90-94,102,198,300
2035,95-99,35,85,120
2035,100+,0,0,0
2036,0-4,703,656,1359
2036,5-9,815,761,1576
2036,10-14,899,837,1736
2036,15-19,1104,1043,2147
2036,20-24,1193,1165,2358
2036,25-29,1192,1096,2288
2036,30-34,1484,1337,2821
2036,35-39,1866,1796,3662
2036,40-44,1734,1770,3504
2036,45-49,1438,1612,3050
2036,50-54,1725,2148,3873
2036,55-59,1974,2241,4215
2036,60-64,1643,1736,3379
2036,65-69,1544,1404,2948
2036,70-74,1381,1289,2670
2036,75-79,999,1060,2059
2036,80-84,649,851,1500
2036,85-89,309,439,748
2036,90-94,107,203,310
2036,95-99,37,89,126
2036,100+,0,0,0
2037,0-4,678,633,1311
2037,5-9,794,741,1535
2037,10-14,881,822,1703
2037,15-19,1040,995,2035
2037,20-24,1190,1126,2316
2037,25-29,1181,1106,2287
2037,30-34,1430,1304,2734
2037,35-39,1787,1658,3445
2037,40-44,1832,1875,3707
2037,45-49,1421,1609,3030
2037,50-54,1649,1980,3629
2037,55-59,1935,2345,4280
2037,60-64,1733,1790,3523
2037,65-69,1506,1468,2974
2037,70-74,1418,1261,2679
2037,75-79,1054,1104,2158
2037,80-84,656,882,1538
2037,85-89,336,460,796
2037,90-94,114,216,330
2037,95-99,39,92,131
2037,100+,0,0,0
2038,0-4,653,610,1263
2038,5-9,773,721,1494
2038,10-14,866,808,1674
2038,15-19,995,939,1934
2038,20-24,1182,1115,2297
2038,25-29,1154,1128,2282
2038,30-34,1383,1233,2616
2038,35-39,1732,1623,3355
2038,40-44,1884,1873,3757
2038,45-49,1416,1606,3022
2038,50-54,1565,1830,3395
2038,55-59,1902,2392,4294
2038,60-64,1794,1890,3684
2038,65-69,1505,1504,3009
2038,70-74,1426,1275,2701
2038,75-79,1076,1119,2195
2038,80-84,698,899,1597
2038,85-89,373,519,892
2038,90-94,118,210,328
2038,95-99,42,97,139
2038,100+,0,0,0
2039,0-4,630,589,1219
2039,5-9,752,701,1453
2039,10-14,850,793,1643
2039,15-19,944,878,1822
2039,20-24,1177,1129,2306
2039,25-29,1148,1132,2280
2039,30-34,1302,1176,2478
2039,35-39,1716,1563,3279
2039,40-44,1864,1842,3706
2039,45-49,1479,1652,3131
2039,50-54,1485,1719,3204
2039,55-59,1854,2298,4152
2039,60-64,1834,2058,3892
2039,65-69,1520,1555,3075
2039,70-74,1419,1288,2707
2039,75-79,1113,1146,2259
2039,80-84,739,915,1654
2039,85-89,383,549,932
2039,90-94,142,230,372
2039,95-99,39,93,132
2039,100+,0,0,0
2040,0-4,608,569,1177
2040,5-9,728,679,1407
2040,10-14,833,778,1611
2040,15-19,921,857,1778
2040,20-24,1143,1099,2242
2040,25-29,1168,1154,2322
2040,30-34,1221,1094,2315
2040,35-39,1581,1443,3024
2040,40-44,1899,1872,3771
2040,45-49,1594,1701,3295
2040,50-54,1410,1637,3047
2040,55-59,1770,2203,3973
2040,60-64,1897,2164,4061
2040,65-69,1531,1608,3139
2040,70-74,1413,1326,2739
2040,75-79,1144,1159,2303
2040,80-84,767,932,1699
2040,85-89,421,608,1029
2040,90-94,142,239,381
2040,95-99,38,84,122
2040,100+,0,0,0
2041,0-4,591,552,1143
2041,5-9,703,656,1359
2041,10-14,815,761,1576
2041,15-19,899,837,1736
2041,20-24,1104,1043,2147
2041,25-29,1193,1165,2358
2041,30-34,1192,1096,2288
2041,35-39,1482,1337,2819
2041,40-44,1843,1796,3639
2041,45-49,1709,1769,3478
2041,50-54,1402,1594,2996
2041,55-59,1668,2123,3791
2041,60-64,1893,2207,4100
2041,65-69,1550,1693,3243
2041,70-74,1408,1343,2751
2041,75-79,1186,1191,2377
2041,80-84,779,916,1695
2041,85-89,435,655,1090
2041,90-94,167,276,443
2041,95-99,40,86,126
2041,100+,0,0,0
2042,0-4,576,538,1114
2042,5-9,678,633,1311
2042,10-14,794,741,1535
2042,15-19,881,822,1703
2042,20-24,1040,995,2035
2042,25-29,1190,1126,2316
2042,30-34,1181,1106,2287
2042,35-39,1428,1304,2732
2042,40-44,1765,1658,3423
2042,45-49,1805,1873,3678
2042,50-54,1388,1591,2979
2042,55-59,1593,1955,3548
2042,60-64,1854,2307,4161
2042,65-69,1635,1746,3381
2042,70-74,1372,1404,2776
2042,75-79,1216,1163,2379
2042,80-84,821,954,1775
2042,85-89,439,676,1115
2042,90-94,181,290,471
2042,95-99,43,92,135
2042,100+,0,0,0
2043,0-4,562,525,1087
2043,5-9,653,610,1263
2043,10-14,773,721,1494
2043,15-19,866,808,1674
2043,20-24,995,939,1934
2043,25-29,1182,1115,2297
2043,30-34,1154,1128,2282
2043,35-39,1381,1233,2614
2043,40-44,1711,1623,3334
2043,45-49,1853,1868,3721
2043,50-54,1384,1587,2971
2043,55-59,1512,1805,3317
2043,60-64,1822,2354,4176
2043,65-69,1693,1843,3536
2043,70-74,1372,1438,2810
2043,75-79,1222,1175,2397
2043,80-84,839,967,1806
2043,85-89,472,688,1160
2043,90-94,201,325,526
2043,95-99,45,91,136
2043,100+,0,0,0
2044,0-4,549,514,1063
2044,5-9,630,589,1219
2044,10-14,752,701,1453
2044,15-19,850,793,1643
2044,20-24,944,878,1822
2044,25-29,1177,1129,2306
2044,30-34,1148,1132,2280
2044,35-39,1301,1176,2477
2044,40-44,1695,1563,3258
2044,45-49,1832,1836,3668
2044,50-54,1444,1632,3076
2044,55-59,1434,1694,3128
2044,60-64,1777,2261,4038
2044,65-69,1729,2007,3736
2044,70-74,1386,1487,2873
2044,75-79,1215,1187,2402
2044,80-84,868,989,1857
2044,85-89,497,698,1195
2044,90-94,206,344,550
2044,95-99,55,101,156
2044,100+,0,0,0
2045,0-4,541,506,1047
2045,5-9,608,569,1177
2045,10-14,728,679,1407
2045,15-19,833,778,1611
2045,20-24,921,857,1778
2045,25-29,1143,1099,2242
2045,30-34,1168,1154,2322
2045,35-39,1221,1094,2315
2045,40-44,1561,1443,3004
2045,45-49,1868,1866,3734
2045,50-54,1553,1680,3233
2045,55-59,1362,1612,2974
2045,60-64,1699,2168,3867
2045,65-69,1791,2112,3903
2045,70-74,1397,1540,2937
2045,75-79,1213,1226,2439
2045,80-84,894,1002,1896
2045,85-89,519,715,1234
2045,90-94,226,381,607
2045,95-99,54,104,158
2045,100+,0,0,0
2046,0-4,531,498,1029
2046,5-9,591,552,1143
2046,10-14,703,656,1359
2046,15-19,815,761,1576
2046,20-24,899,837,1736
2046,25-29,1104,1043,2147
2046,30-34,1193,1165,2358
2046,35-39,1192,1096,2288
2046,40-44,1464,1337,2801
2046,45-49,1812,1792,3604
2046,50-54,1662,1746,3408
2046,55-59,1355,1569,2924
2046,60-64,1602,2090,3692
2046,65-69,1790,2156,3946
2046,70-74,1419,1624,3043
2046,75-79,1211,1245,2456
2046,80-84,930,1033,1963
2046,85-89,530,710,1240
2046,90-94,235,417,652
2046,95-99,64,124,188
2046,100+,0,0,0
2047,0-4,520,487,1007
2047,5-9,576,538,1114
2047,10-14,678,633,1311
2047,15-19,794,741,1535
2047,20-24,881,822,1703
2047,25-29,1040,995,2035
2047,30-34,1190,1126,2316
2047,35-39,1181,1106,2287
2047,40-44,1412,1304,2716
2047,45-49,1736,1658,3394
2047,50-54,1755,1848,3603
2047,55-59,1339,1566,2905
2047,60-64,1531,1926,3457
2047,65-69,1755,2254,4009
2047,70-74,1498,1677,3175
2047,75-79,1183,1304,2487
2047,80-84,956,1013,1969
2047,85-89,559,743,1302
2047,90-94,239,431,670
2047,95-99,71,134,205
2047,100+,0,0,0
2048,0-4,509,476,985
2048,5-9,562,525,1087
2048,10-14,653,610,1263
2048,15-19,773,721,1494
2048,20-24,866,808,1674
2048,25-29,995,939,1934
2048,30-34,1182,1115,2297
2048,35-39,1154,1128,2282
2048,40-44,1366,1233,2599
2048,45-49,1682,1622,3304
2048,50-54,1805,1847,3652
2048,55-59,1334,1562,2896
2048,60-64,1454,1779,3233
2048,65-69,1727,2300,4027
2048,70-74,1554,1771,3325
2048,75-79,1185,1336,2521
2048,80-84,963,1026,1989
2048,85-89,577,756,1333
2048,90-94,259,442,701
2048,95-99,79,151,230
2048,100+,0,0,0
2049,0-4,498,465,963
2049,5-9,549,514,1063
2049,10-14,630,589,1219
2049,15-19,752,701,1453
2049,20-24,850,793,1643
2049,25-29,944,878,1822
2049,30-34,1177,1129,2306
2049,35-39,1148,1132,2280
2049,40-44,1288,1176,2464
2049,45-49,1666,1561,3227
2049,50-54,1786,1818,3604
2049,55-59,1394,1607,3001
2049,60-64,1381,1669,3050
2049,65-69,1685,2211,3896
2049,70-74,1591,1932,3523
2049,75-79,1201,1382,2583
2049,80-84,960,1040,2000
2049,85-89,600,774,1374
2049,90-94,277,450,727
2049,95-99,81,159,240
2049,100+,0,0,0
2050,0-4,485,453,938
2050,5-9,541,506,1047
2050,10-14,608,569,1177
2050,15-19,728,679,1407
2050,20-24,833,778,1611
2050,25-29,921,857,1778
2050,30-34,1143,1099,2242
2050,35-39,1168,1154,2322
2050,40-44,1209,1094,2303
2050,45-49,1535,1443,2978
2050,50-54,1820,1848,3668
2050,55-59,1503,1655,3158
2050,60-64,1312,1587,2899
2050,65-69,1611,2121,3732
2050,70-74,1648,2033,3681
2050,75-79,1211,1432,2643
2050,80-84,958,1074,2032
2050,85-89,618,784,1402
2050,90-94,288,462,750
2050,95-99,89,174,263
2050,100+,0,0,0
2051,0-4,472,441,913
2051,5-9,531,498,1029
2051,10-14,591,552,1143
2051,15-19,703,656,1359
2051,20-24,815,761,1576
2051,25-29,899,837,1736
2051,30-34,1104,1043,2147
2051,35-39,1193,1165,2358
2051,40-44,1181,1096,2277
2051,45-49,1439,1337,2776
2051,50-54,1766,1775,3541
2051,55-59,1612,1721,3333
2051,60-64,1304,1544,2848
2051,65-69,1518,2045,3563
2051,70-74,1644,2075,3719
2051,75-79,1231,1511,2742
2051,80-84,956,1090,2046
2051,85-89,641,808,1449
2051,90-94,294,461,755
2051,95-99,93,193,286
2051,100+,0,0,0
2052,0-4,459,430,889
2052,5-9,520,487,1007
2052,10-14,576,538,1114
2052,15-19,678,633,1311
2052,20-24,794,741,1535
2052,25-29,881,822,1703
2052,30-34,1040,995,2035
2052,35-39,1190,1126,2316
2052,40-44,1172,1106,2278
2052,45-49,1387,1304,2691
2052,50-54,1693,1642,3335
2052,55-59,1705,1823,3528
2052,60-64,1288,1541,2829
2052,65-69,1451,1884,3335
2052,70-74,1613,2169,3782
2052,75-79,1299,1560,2859
2052,80-84,934,1138,2072
2052,85-89,658,792,1450
2052,90-94,309,484,793
2052,95-99,93,198,291
2052,100+,0,0,0
2053,0-4,445,418,863
2053,5-9,509,476,985
2053,10-14,562,525,1087
2053,15-19,653,610,1263
2053,20-24,773,721,1494
2053,25-29,866,808,1674
2053,30-34,995,939,1934
2053,35-39,1182,1115,2297
2053,40-44,1146,1128,2274
2053,45-49,1341,1233,2574
2053,50-54,1642,1609,3251
2053,55-59,1754,1822,3576
2053,60-64,1284,1537,2821
2053,65-69,1379,1741,3120
2053,70-74,1587,2212,3799
2053,75-79,1348,1651,2999
2053,80-84,937,1165,2102
2053,85-89,662,802,1464
2053,90-94,320,492,812
2053,95-99,102,202,304
2053,100+,0,0,0
2054,0-4,430,404,834
2054,5-9,498,465,963
2054,10-14,549,514,1063
2054,15-19,630,589,1219
2054,20-24,752,701,1453
2054,25-29,850,793,1643
2054,30-34,944,878,1822
2054,35-39,1177,1129,2306
2054,40-44,1140,1132,2272
2054,45-49,1263,1176,2439
2054,50-54,1627,1551,3178
2054,55-59,1733,1793,3526
2054,60-64,1344,1582,2926
2054,65-69,1311,1634,2945
2054,70-74,1547,2128,3675
2054,75-79,1380,1800,3180
2054,80-84,950,1206,2156
2054,85-89,658,812,1470
2054,90-94,334,502,836
2054,95-99,107,204,311
2054,100+,0,0,0
2055,0-4,417,392,809
2055,5-9,485,453,938
2055,10-14,541,506,1047
2055,15-19,608,569,1177
2055,20-24,728,679,1407
2055,25-29,833,778,1611
2055,30-34,921,857,1778
2055,35-39,1143,1099,2242
2055,40-44,1160,1154,2314
2055,45-49,1185,1094,2279
2055,50-54,1499,1436,2935
2055,55-59,1769,1823,3592
2055,60-64,1451,1630,3081
2055,65-69,1246,1555,2801
2055,70-74,1483,2043,3526
2055,75-79,1431,1897,3328
2055,80-84,960,1257,2217
2055,85-89,659,843,1502
2055,90-94,345,510,855
2055,95-99,113,214,327
2055,100+,0,0,0
2056,0-4,406,380,786
2056,5-9,472,441,913
2056,10-14,531,498,1029
2056,15-19,591,552,1143
2056,20-24,703,656,1359
2056,25-29,815,761,1576
2056,30-34,899,837,1736
2056,35-39,1104,1043,2147
2056,40-44,1185,1165,2350
2056,45-49,1157,1096,2253
2056,50-54,1405,1333,2738
2056,55-59,1716,1750,3466
2056,60-64,1558,1696,3254
2056,65-69,1240,1515,2755
2056,70-74,1397,1972,3369
2056,75-79,1429,1938,3367
2056,80-84,980,1332,2312
2056,85-89,661,860,1521
2056,90-94,358,529,887
2056,95-99,117,219,336
2056,100+,0,0,0
2057,0-4,395,370,765
2057,5-9,459,430,889
2057,10-14,520,487,1007
2057,15-19,576,538,1114
2057,20-24,678,633,1311
2057,25-29,794,741,1535
2057,30-34,881,822,1703
2057,35-39,1040,995,2035
2057,40-44,1183,1126,2309
2057,45-49,1147,1106,2253
2057,50-54,1355,1302,2657
2057,55-59,1642,1618,3260
2057,60-64,1647,1798,3445
2057,65-69,1227,1513,2740
2057,70-74,1337,1816,3153
2057,75-79,1404,2028,3432
2057,80-84,1038,1378,2416
2057,85-89,648,900,1548
2057,90-94,368,522,890
2057,95-99,124,231,355
2057,100+,0,0,0
2058,0-4,385,360,745
2058,5-9,445,418,863
2058,10-14,509,476,985
2058,15-19,562,525,1087
2058,20-24,653,610,1263
2058,25-29,773,721,1494
2058,30-34,866,808,1674
2058,35-39,995,939,1934
2058,40-44,1175,1115,2290
2058,45-49,1121,1128,2249
2058,50-54,1311,1233,2544
2058,55-59,1591,1586,3177
2058,60-64,1693,1797,3490
2058,65-69,1224,1508,2732
2058,70-74,1273,1681,2954
2058,75-79,1383,2070,3453
2058,80-84,1080,1460,2540
2058,85-89,652,924,1576
2058,90-94,371,532,903
2058,95-99,130,235,365
2058,100+,0,0,0
2059,0-4,376,351,727
2059,5-9,430,404,834
2059,10-14,498,465,963
2059,15-19,549,514,1063
2059,20-24,630,589,1219
2059,25-29,752,701,1453
2059,30-34,850,793,1643
2059,35-39,944,878,1822
2059,40-44,1170,1129,2299
2059,45-49,1116,1132,2248
2059,50-54,1237,1175,2412
2059,55-59,1575,1531,3106
2059,60-64,1673,1768,3441
2059,65-69,1282,1553,2835
2059,70-74,1211,1578,2789
2059,75-79,1351,1992,3343
2059,80-84,1109,1595,2704
2059,85-89,665,958,1623
2059,90-94,369,540,909
2059,95-99,136,241,377
2059,100+,0,0,0
2060,0-4,366,342,708
2060,5-9,417,392,809
2060,10-14,485,453,938
2060,15-19,541,506,1047
2060,20-24,608,569,1177
2060,25-29,728,679,1407
2060,30-34,833,778,1611
2060,35-39,921,857,1778
2060,40-44,1136,1099,2235
2060,45-49,1136,1154,2290
2060,50-54,1160,1094,2254
2060,55-59,1452,1417,2869
2060,60-64,1707,1798,3505
2060,65-69,1383,1601,2984
2060,70-74,1151,1500,2651
2060,75-79,1295,1914,3209
2060,80-84,1149,1680,2829
2060,85-89,675,1000,1675
2060,90-94,368,561,929
2060,95-99,140,244,384
2060,100+,0,0,0
2061,0-4,355,333,688
2061,5-9,406,380,786
2061,10-14,472,441,913
2061,15-19,531,498,1029
2061,20-24,591,552,1143
2061,25-29,703,656,1359
2061,30-34,815,761,1576
2061,35-39,899,837,1736
2061,40-44,1097,1043,2140
2061,45-49,1161,1165,2326
2061,50-54,1132,1096,2228
2061,55-59,1362,1317,2679
2061,60-64,1655,1725,3380
2061,65-69,1485,1667,3152
2061,70-74,1146,1462,2608
2061,75-79,1220,1846,3066
2061,80-84,1143,1717,2860
2061,85-89,690,1060,1750
2061,90-94,371,574,945
2061,95-99,144,254,398
2061,100+,0,0,0
2062,0-4,346,323,669
2062,5-9,395,370,765
2062,10-14,459,430,889
2062,15-19,520,487,1007
2062,20-24,576,538,1114
2062,25-29,678,633,1311
2062,30-34,794,741,1535
2062,35-39,881,822,1703
2062,40-44,1035,995,2030
2062,45-49,1158,1126,2284
2062,50-54,1122,1106,2228
2062,55-59,1316,1289,2605
2062,60-64,1585,1593,3178
2062,65-69,1569,1766,3335
2062,70-74,1134,1461,2595
2062,75-79,1168,1700,2868
2062,80-84,1122,1792,2914
2062,85-89,730,1097,1827
2062,90-94,364,601,965
2062,95-99,149,250,399
2062,100+,0,0,0
2063,0-4,338,315,653
2063,5-9,385,360,745
2063,10-14,445,418,863
2063,15-19,509,476,985
2063,20-24,562,525,1087
2063,25-29,653,610,1263
2063,30-34,773,721,1494
2063,35-39,866,808,1674
2063,40-44,991,939,1930
2063,45-49,1151,1115,2266
2063,50-54,1096,1128,2224
2063,55-59,1275,1222,2497
2063,60-64,1535,1561,3096
2063,65-69,1614,1763,3377
2063,70-74,1132,1457,2589
2063,75-79,1112,1573,2685
2063,80-84,1107,1826,2933
2063,85-89,758,1164,1922
2063,90-94,369,617,986
2063,95-99,151,254,405
2063,100+,0,0,0
2064,0-4,331,308,639
2064,5-9,376,351,727
2064,10-14,430,404,834
2064,15-19,498,465,963
2064,20-24,549,514,1063
2064,25-29,630,589,1219
2064,30-34,752,701,1453
2064,35-39,850,793,1643
2064,40-44,941,878,1819
2064,45-49,1146,1129,2275
2064,50-54,1091,1132,2223
2064,55-59,1205,1167,2372
2064,60-64,1520,1506,3026
2064,65-69,1594,1734,3328
2064,70-74,1186,1500,2686
2064,75-79,1058,1476,2534
2064,80-84,1080,1758,2838
2064,85-89,777,1273,2050
2064,90-94,377,639,1016
2064,95-99,150,258,408
2064,100+,0,0,0
2065,0-4,324,300,624
2065,5-9,366,342,708
2065,10-14,417,392,809
2065,15-19,485,453,938
2065,20-24,541,506,1047
2065,25-29,608,569,1177
2065,30-34,728,679,1407
2065,35-39,833,778,1611
2065,40-44,919,857,1776
2065,45-49,1113,1099,2212
2065,50-54,1111,1154,2265
2065,55-59,1132,1090,2222
2065,60-64,1402,1392,2794
2065,65-69,1628,1765,3393
2065,70-74,1280,1547,2827
2065,75-79,1007,1406,2413
2065,80-84,1040,1693,2733
2065,85-89,807,1346,2153
2065,90-94,382,673,1055
2065,95-99,149,272,421
2065,100+,0,0,0
