year,age_range,male,female,total
2019,0-4,849,770,1619
2019,5-9,958,894,1852
2019,10-14,1071,915,1986
2019,15-19,1415,1323,2738
2019,20-24,2023,1843,3866
2019,25-29,1984,1681,3665
2019,30-34,1864,1510,3374
2019,35-39,2101,1841,3942
2019,40-44,2172,1837,4009
2019,45-49,1843,1781,3624
2019,50-54,2087,1836,3923
2019,55-59,2055,2012,4067
2019,60-64,1862,1808,3670
2019,65-69,1489,1444,2933
2019,70-74,847,930,1777
2019,75-79,763,776,1539
2019,80-84,474,594,1068
2019,85-89,236,330,566
2019,90-94,79,120,199
2019,95-99,6,25,31
2019,100+,0,2,2
2020,0-4,861,786,1647
2020,5-9,964,887,1851
2020,10-14,1002,905,1907
2020,15-19,1285,1173,2458
2020,20-24,1971,1811,3782
2020,25-29,2039,1727,3766
2020,30-34,1848,1520,3368
2020,35-39,2073,1747,3820
2020,40-44,2214,1873,4087
2020,45-49,1767,1760,3527
2020,50-54,2082,1845,3927
2020,55-59,2071,1979,4050
2020,60-64,1869,1821,3690
2020,65-69,1578,1549,3127
2020,70-74,941,1037,1978
2020,75-79,701,752,1453
2020,80-84,519,608,1127
2020,85-89,251,346,597
2020,90-94,90,137,227
2020,95-99,6,29,35
2020,100+,0,0,0
2021,0-4,861,827,1688
2021,5-9,1005,870,1875
2021,10-14,938,883,1821
2021,15-19,1227,1058,2285
2021,20-24,1832,1699,3531
2021,25-29,2077,1828,3905
2021,30-34,1893,1570,3463
2021,35-39,1971,1621,3592
2021,40-44,2216,1885,4101
2021,45-49,1804,1775,3579
2021,50-54,2019,1836,3855
2021,55-59,2090,1928,4018
2021,60-64,1902,1843,3745
2021,65-69,1569,1637,3206
2021,70-74,1090,1136,2226
2021,75-79,671,757,1428
2021,80-84,550,616,1166
2021,85-89,267,364,631
2021,90-94,92,155,247
2021,95-99,16,32,48
2021,100+,0,0,0
2022,0-4,914,882,1796
2022,5-9,946,825,1771
2022,10-14,932,895,1827
2022,15-19,1200,984,2184
2022,20-24,1645,1544,3189
2022,25-29,2161,1908,4069
2022,30-34,1890,1614,3504
2022,35-39,1876,1532,3408
2022,40-44,2211,1894,4105
2022,45-49,1913,1784,3697
2022,50-54,1943,1832,3775
2022,55-59,2053,1878,3931
2022,60-64,1903,1889,3792
2022,65-69,1637,1673,3310
2022,70-74,1207,1247,2454
2022,75-79,661,741,1402
2022,80-84,542,640,1182
2022,85-89,296,387,683
2022,90-94,95,166,261
2022,95-99,22,35,57
2022,100+,0,0,0
2023,0-4,982,929,1911
2023,5-9,893,800,1693
2023,10-14,938,881,1819
2023,15-19,1138,946,2084
2023,20-24,1532,1432,2964
2023,25-29,2091,1877,3968
2023,30-34,1942,1646,3588
2023,35-39,1877,1554,3431
2023,40-44,2130,1846,3976
2023,45-49,2029,1799,3828
2023,50-54,1856,1815,3671
2023,55-59,2035,1846,3881
2023,60-64,1944,1934,3878
2023,65-69,1665,1737,3402
2023,70-74,1274,1266,2540
2023,75-79,693,803,1496
2023,80-84,553,635,1188
2023,85-89,302,409,711
2023,90-94,106,180,286
2023,95-99,25,39,64
2023,100+,0,0,0
2024,0-4,1059,985,2044
2024,5-9,849,770,1619
2024,10-14,958,894,1852
2024,15-19,1071,915,1986
2024,20-24,1415,1323,2738
2024,25-29,2023,1843,3866
2024,30-34,1984,1681,3665
2024,35-39,1849,1510,3359
2024,40-44,2076,1841,3917
2024,45-49,2128,1827,3955
2024,50-54,1790,1757,3547
2024,55-59,2008,1811,3819
2024,60-64,1952,1969,3921
2024,65-69,1734,1749,3483
2024,70-74,1331,1364,2695
2024,75-79,710,842,1552
2024,80-84,572,648,1220
2024,85-89,301,431,732
2024,90-94,120,189,309
2024,95-99,27,46,73
2024,100+,0,0,0
2025,0-4,1088,1011,2099
2025,5-9,861,786,1647
2025,10-14,964,887,1851
2025,15-19,1002,905,1907
2025,20-24,1285,1173,2458
2025,25-29,1971,1811,3782
2025,30-34,2039,1727,3766
2025,35-39,1834,1520,3354
2025,40-44,2047,1747,3794
2025,45-49,2170,1864,4034
2025,50-54,1716,1735,3451
2025,55-59,2004,1820,3824
2025,60-64,1969,1938,3907
2025,65-69,1743,1765,3508
2025,70-74,1414,1465,2879
2025,75-79,789,941,1730
2025,80-84,526,629,1155
2025,85-89,333,445,778
2025,90-94,130,199,329
2025,95-99,31,53,84
2025,100+,0,0,0
2026,0-4,1107,1029,2136
2026,5-9,861,827,1688
2026,10-14,1005,870,1875
2026,15-19,938,883,1821
2026,20-24,1227,1058,2285
2026,25-29,1832,1699,3531
2026,30-34,2077,1828,3905
2026,35-39,1878,1570,3448
2026,40-44,1945,1621,3566
2026,45-49,2173,1876,4049
2026,50-54,1754,1750,3504
2026,55-59,1947,1811,3758
2026,60-64,1989,1890,3879
2026,65-69,1773,1788,3561
2026,70-74,1410,1550,2960
2026,75-79,919,1033,1952
2026,80-84,507,634,1141
2026,85-89,355,453,808
2026,90-94,138,211,349
2026,95-99,33,60,93
2026,100+,0,0,0
2027,0-4,1117,1039,2156
2027,5-9,914,882,1796
2027,10-14,946,825,1771
2027,15-19,932,895,1827
2027,20-24,1200,984,2184
2027,25-29,1645,1544,3189
2027,30-34,2160,1908,4068
2027,35-39,1877,1614,3491
2027,40-44,1851,1532,3383
2027,45-49,2168,1885,4053
2027,50-54,1863,1759,3622
2027,55-59,1874,1807,3681
2027,60-64,1956,1842,3798
2027,65-69,1777,1833,3610
2027,70-74,1473,1586,3059
2027,75-79,1019,1135,2154
2027,80-84,500,623,1123
2027,85-89,352,473,825
2027,90-94,153,226,379
2027,95-99,35,63,98
2027,100+,0,0,0
2028,0-4,1119,1042,2161
2028,5-9,982,929,1911
2028,10-14,893,800,1693
2028,15-19,938,881,1819
2028,20-24,1138,946,2084
2028,25-29,1532,1432,2964
2028,30-34,2091,1877,3968
2028,35-39,1928,1646,3574
2028,40-44,1852,1554,3406
2028,45-49,2089,1837,3926
2028,50-54,1979,1774,3753
2028,55-59,1792,1790,3582
2028,60-64,1940,1813,3753
2028,65-69,1818,1877,3695
2028,70-74,1500,1646,3146
2028,75-79,1077,1154,2231
2028,80-84,525,678,1203
2028,85-89,360,471,831
2028,90-94,156,242,398
2028,95-99,39,69,108
2028,100+,0,0,0
2029,0-4,1116,1041,2157
2029,5-9,1059,985,2044
2029,10-14,849,770,1619
2029,15-19,958,894,1852
2029,20-24,1071,915,1986
2029,25-29,1415,1323,2738
2029,30-34,2023,1843,3866
2029,35-39,1970,1681,3651
2029,40-44,1824,1510,3334
2029,45-49,2036,1832,3868
2029,50-54,2075,1803,3878
2029,55-59,1728,1732,3460
2029,60-64,1915,1781,3696
2029,65-69,1828,1912,3740
2029,70-74,1565,1660,3225
2029,75-79,1124,1244,2368
2029,80-84,540,716,1256
2029,85-89,371,482,853
2029,90-94,156,255,411
2029,95-99,45,74,119
2029,100+,0,0,0
2030,0-4,1110,1036,2146
2030,5-9,1088,1011,2099
2030,10-14,861,786,1647
2030,15-19,964,887,1851
2030,20-24,1002,905,1907
2030,25-29,1285,1173,2458
2030,30-34,1971,1811,3782
2030,35-39,2024,1727,3751
2030,40-44,1809,1520,3329
2030,45-49,2009,1740,3749
2030,50-54,2114,1839,3953
2030,55-59,1658,1710,3368
2030,60-64,1911,1790,3701
2030,65-69,1844,1881,3725
2030,70-74,1572,1675,3247
2030,75-79,1192,1338,2530
2030,80-84,602,800,1402
2030,85-89,339,466,805
2030,90-94,173,261,434
2030,95-99,48,79,127
2030,100+,0,0,0
2031,0-4,1095,1022,2117
2031,5-9,1107,1029,2136
2031,10-14,861,827,1688
2031,15-19,1005,870,1875
2031,20-24,938,883,1821
2031,25-29,1227,1058,2285
2031,30-34,1831,1699,3530
2031,35-39,2062,1828,3890
2031,40-44,1853,1570,3423
2031,45-49,1909,1615,3524
2031,50-54,2116,1851,3967
2031,55-59,1694,1725,3419
2031,60-64,1856,1780,3636
2031,65-69,1863,1834,3697
2031,70-74,1600,1700,3300
2031,75-79,1190,1415,2605
2031,80-84,703,878,1581
2031,85-89,327,469,796
2031,90-94,184,264,448
2031,95-99,50,84,134
2031,100+,0,0,0
2032,0-4,1071,999,2070
2032,5-9,1117,1039,2156
2032,10-14,914,882,1796
2032,15-19,946,825,1771
2032,20-24,932,895,1827
2032,25-29,1200,984,2184
2032,30-34,1645,1544,3189
2032,35-39,2144,1908,4052
2032,40-44,1852,1614,3466
2032,45-49,1817,1528,3345
2032,50-54,2112,1860,3972
2032,55-59,1798,1734,3532
2032,60-64,1786,1775,3561
2032,65-69,1831,1787,3618
2032,70-74,1603,1743,3346
2032,75-79,1244,1447,2691
2032,80-84,778,963,1741
2032,85-89,322,462,784
2032,90-94,183,276,459
2032,95-99,56,89,145
2032,100+,0,0,0
2033,0-4,1045,975,2020
2033,5-9,1119,1042,2161
2033,10-14,982,929,1911
2033,15-19,893,800,1693
2033,20-24,938,881,1819
2033,25-29,1138,946,2084
2033,30-34,1532,1432,2964
2033,35-39,2076,1877,3953
2033,40-44,1903,1646,3549
2033,45-49,1820,1551,3371
2033,50-54,2036,1814,3850
2033,55-59,1908,1749,3657
2033,60-64,1707,1758,3465
2033,65-69,1815,1759,3574
2033,70-74,1640,1784,3424
2033,75-79,1265,1501,2766
2033,80-84,821,977,1798
2033,85-89,340,505,845
2033,90-94,186,275,461
2033,95-99,57,95,152
2033,100+,0,0,0
2034,0-4,1016,947,1963
2034,5-9,1116,1041,2157
2034,10-14,1059,985,2044
2034,15-19,849,770,1619
2034,20-24,958,894,1852
2034,25-29,1071,915,1986
2034,30-34,1415,1323,2738
2034,35-39,2009,1843,3852
2034,40-44,1945,1681,3626
2034,45-49,1792,1509,3301
2034,50-54,1983,1809,3792
2034,55-59,2002,1778,3780
2034,60-64,1646,1701,3347
2034,65-69,1792,1728,3520
2034,70-74,1648,1815,3463
2034,75-79,1319,1513,2832
2034,80-84,854,1055,1909
2034,85-89,353,535,888
2034,90-94,191,282,473
2034,95-99,56,100,156
2034,100+,0,0,0
2035,0-4,983,916,1899
2035,5-9,1110,1036,2146
2035,10-14,1088,1011,2099
2035,15-19,861,786,1647
2035,20-24,964,887,1851
2035,25-29,1002,905,1907
2035,30-34,1285,1173,2458
2035,35-39,1959,1811,3770
2035,40-44,1999,1727,3726
2035,45-49,1778,1520,3298
2035,50-54,1956,1718,3674
2035,55-59,2043,1814,3857
2035,60-64,1580,1682,3262
2035,65-69,1793,1738,3531
2035,70-74,1665,1789,3454
2035,75-79,1331,1532,2863
2035,80-84,911,1140,2051
2035,85-89,398,600,998
2035,90-94,174,275,449
2035,95-99,64,105,169
2035,100+,0,0,0
2036,0-4,947,883,1830
2036,5-9,1095,1022,2117
2036,10-14,1107,1029,2136
2036,15-19,861,827,1688
2036,20-24,1005,870,1875
2036,25-29,938,883,1821
2036,30-34,1227,1058,2285
2036,35-39,1822,1699,3521
2036,40-44,2037,1828,3865
2036,45-49,1821,1569,3390
2036,50-54,1859,1597,3456
2036,55-59,2046,1826,3872
2036,60-64,1619,1700,3319
2036,65-69,1742,1731,3473
2036,70-74,1687,1747,3434
2036,75-79,1358,1560,2918
2036,80-84,914,1212,2126
2036,85-89,471,664,1135
2036,90-94,170,281,451
2036,95-99,69,108,177
2036,100+,0,0,0
2037,0-4,910,850,1760
2037,5-9,1071,999,2070
2037,10-14,1117,1039,2156
2037,15-19,914,882,1796
2037,20-24,946,825,1771
2037,25-29,932,895,1827
2037,30-34,1200,984,2184
2037,35-39,1638,1544,3182
2037,40-44,2119,1908,4027
2037,45-49,1820,1612,3432
2037,50-54,1769,1514,3283
2037,55-59,2042,1835,3877
2037,60-64,1723,1709,3432
2037,65-69,1679,1728,3407
2037,70-74,1661,1706,3367
2037,75-79,1366,1604,2970
2037,80-84,962,1243,2205
2037,85-89,523,732,1255
2037,90-94,169,282,451
2037,95-99,68,115,183
2037,100+,0,0,0
2038,0-4,875,818,1693
2038,5-9,1045,975,2020
2038,10-14,1119,1042,2161
2038,15-19,982,929,1911
2038,20-24,893,800,1693
2038,25-29,938,881,1819
2038,30-34,1138,946,2084
2038,35-39,1527,1432,2959
2038,40-44,2051,1877,3928
2038,45-49,1871,1646,3517
2038,50-54,1770,1536,3306
2038,55-59,1968,1789,3757
2038,60-64,1832,1724,3556
2038,65-69,1607,1714,3321
2038,70-74,1650,1681,3331
2038,75-79,1400,1644,3044
2038,80-84,981,1290,2271
2038,85-89,553,747,1300
2038,90-94,184,315,499
2038,95-99,68,116,184
2038,100+,0,0,0
2039,0-4,843,788,1631
2039,5-9,1016,947,1963
2039,10-14,1116,1041,2157
2039,15-19,1059,985,2044
2039,20-24,849,770,1619
2039,25-29,958,894,1852
2039,30-34,1071,915,1986
2039,35-39,1412,1323,2735
2039,40-44,1985,1843,3828
2039,45-49,1913,1680,3593
2039,50-54,1743,1495,3238
2039,55-59,1920,1784,3704
2039,60-64,1923,1752,3675
2039,65-69,1552,1660,3212
2039,70-74,1632,1654,3286
2039,75-79,1411,1676,3087
2039,80-84,1026,1304,2330
2039,85-89,574,812,1386
2039,90-94,194,339,533
2039,95-99,71,121,192
2039,100+,0,0,0
2040,0-4,811,760,1571
2040,5-9,983,916,1899
2040,10-14,1110,1036,2146
2040,15-19,1088,1011,2099
2040,20-24,861,786,1647
2040,25-29,964,887,1851
2040,30-34,1002,905,1907
2040,35-39,1284,1173,2457
2040,40-44,1935,1811,3746
2040,45-49,1966,1725,3691
2040,50-54,1729,1505,3234
2040,55-59,1894,1693,3587
2040,60-64,1960,1788,3748
2040,65-69,1491,1641,3132
2040,70-74,1633,1665,3298
2040,75-79,1425,1651,3076
2040,80-84,1036,1323,2359
2040,85-89,612,878,1490
2040,90-94,216,381,597
2040,95-99,65,116,181
2040,100+,0,0,0
2041,0-4,783,734,1517
2041,5-9,947,883,1830
2041,10-14,1095,1022,2117
2041,15-19,1107,1029,2136
2041,20-24,861,827,1688
2041,25-29,1005,870,1875
2041,30-34,938,883,1821
2041,35-39,1227,1058,2285
2041,40-44,1800,1699,3499
2041,45-49,2003,1825,3828
2041,50-54,1772,1552,3324
2041,55-59,1800,1573,3373
2041,60-64,1963,1800,3763
2041,65-69,1528,1659,3187
2041,70-74,1588,1657,3245
2041,75-79,1445,1612,3057
2041,80-84,1056,1349,2405
2041,85-89,614,933,1547
2041,90-94,256,420,676
2041,95-99,64,120,184
2041,100+,0,0,0
2042,0-4,760,712,1472
2042,5-9,910,850,1760
2042,10-14,1071,999,2070
2042,15-19,1117,1039,2156
2042,20-24,914,882,1796
2042,25-29,946,825,1771
2042,30-34,932,895,1827
2042,35-39,1200,984,2184
2042,40-44,1619,1544,3163
2042,45-49,2082,1904,3986
2042,50-54,1772,1594,3366
2042,55-59,1712,1489,3201
2042,60-64,1960,1809,3769
2042,65-69,1627,1667,3294
2042,70-74,1528,1654,3182
2042,75-79,1421,1573,2994
2042,80-84,1063,1387,2450
2042,85-89,648,954,1602
2042,90-94,282,461,743
2042,95-99,64,122,186
2042,100+,0,0,0
2043,0-4,740,692,1432
2043,5-9,875,818,1693
2043,10-14,1045,975,2020
2043,15-19,1119,1042,2161
2043,20-24,982,929,1911
2043,25-29,893,800,1693
2043,30-34,938,881,1819
2043,35-39,1138,946,2084
2043,40-44,1510,1432,2942
2043,45-49,2015,1873,3888
2043,50-54,1822,1625,3447
2043,55-59,1714,1511,3225
2043,60-64,1888,1763,3651
2043,65-69,1729,1681,3410
2043,70-74,1462,1640,3102
2043,75-79,1412,1551,2963
2043,80-84,1090,1420,2510
2043,85-89,661,986,1647
2043,90-94,296,469,765
2043,95-99,71,138,209
2043,100+,0,0,0
2044,0-4,721,675,1396
2044,5-9,843,788,1631
2044,10-14,1016,947,1963
2044,15-19,1116,1041,2157
2044,20-24,1059,985,2044
2044,25-29,849,770,1619
2044,30-34,958,894,1852
2044,35-39,1071,915,1986
2044,40-44,1397,1323,2720
2044,45-49,1950,1837,3787
2044,50-54,1863,1659,3522
2044,55-59,1690,1470,3160
2044,60-64,1840,1756,3596
2044,65-69,1815,1708,3523
2044,70-74,1413,1588,3001
2044,75-79,1397,1526,2923
2044,80-84,1098,1447,2545
2044,85-89,690,996,1686
2044,90-94,306,510,816
2044,95-99,75,149,224
2044,100+,0,0,0
2045,0-4,708,661,1369
2045,5-9,811,760,1571
2045,10-14,983,916,1899
2045,15-19,1110,1036,2146
2045,20-24,1088,1011,2099
2045,25-29,861,786,1647
2045,30-34,964,887,1851
2045,35-39,1002,905,1907
2045,40-44,1271,1173,2444
2045,45-49,1902,1805,3707
2045,50-54,1916,1704,3620
2045,55-59,1679,1480,3159
2045,60-64,1815,1667,3482
2045,65-69,1852,1744,3596
2045,70-74,1362,1572,2934
2045,75-79,1402,1539,2941
2045,80-84,1113,1428,2541
2045,85-89,699,1017,1716
2045,90-94,329,556,885
2045,95-99,83,170,253
2045,100+,0,0,0
2046,0-4,701,654,1355
2046,5-9,783,734,1517
2046,10-14,947,883,1830
2046,15-19,1095,1022,2117
2046,20-24,1107,1029,2136
2046,25-29,861,827,1688
2046,30-34,1005,870,1875
2046,35-39,938,883,1821
2046,40-44,1215,1058,2273
2046,45-49,1769,1696,3465
2046,50-54,1953,1802,3755
2046,55-59,1722,1527,3249
2046,60-64,1727,1548,3275
2046,65-69,1855,1756,3611
2046,70-74,1400,1592,2992
2046,75-79,1366,1534,2900
2046,80-84,1131,1396,2527
2046,85-89,715,1044,1759
2046,90-94,333,596,929
2046,95-99,100,189,289
2046,100+,0,0,0
2047,0-4,696,649,1345
2047,5-9,760,712,1472
2047,10-14,910,850,1760
2047,15-19,1071,999,2070
2047,20-24,1117,1039,2156
2047,25-29,914,882,1796
2047,30-34,946,825,1771
2047,35-39,932,895,1827
2047,40-44,1189,984,2173
2047,45-49,1592,1543,3135
2047,50-54,2032,1880,3912
2047,55-59,1721,1569,3290
2047,60-64,1647,1464,3111
2047,65-69,1853,1766,3619
2047,70-74,1494,1600,3094
2047,75-79,1317,1534,2851
2047,80-84,1116,1367,2483
2047,85-89,725,1077,1802
2047,90-94,355,612,967
2047,95-99,110,208,318
2047,100+,0,0,0
2048,0-4,693,647,1340
2048,5-9,740,692,1432
2048,10-14,875,818,1693
2048,15-19,1045,975,2020
2048,20-24,1119,1042,2161
2048,25-29,982,929,1911
2048,30-34,893,800,1693
2048,35-39,938,881,1819
2048,40-44,1128,946,2074
2048,45-49,1483,1432,2915
2048,50-54,1967,1851,3818
2048,55-59,1771,1600,3371
2048,60-64,1650,1486,3136
2048,65-69,1787,1722,3509
2048,70-74,1588,1613,3201
2048,75-79,1263,1526,2789
2048,80-84,1112,1351,2463
2048,85-89,745,1104,1849
2048,90-94,364,633,997
2048,95-99,115,212,327
2048,100+,0,0,0
2049,0-4,694,647,1341
2049,5-9,721,675,1396
2049,10-14,843,788,1631
2049,15-19,1016,947,1963
2049,20-24,1116,1041,2157
2049,25-29,1059,985,2044
2049,30-34,849,770,1619
2049,35-39,958,894,1852
2049,40-44,1062,915,1977
2049,45-49,1370,1323,2693
2049,50-54,1904,1819,3723
2049,55-59,1811,1634,3445
2049,60-64,1627,1445,3072
2049,65-69,1743,1719,3462
2049,70-74,1668,1641,3309
2049,75-79,1221,1478,2699
2049,80-84,1103,1334,2437
2049,85-89,753,1131,1884
2049,90-94,380,643,1023
2049,95-99,119,234,353
2049,100+,0,0,0
2050,0-4,697,650,1347
2050,5-9,708,661,1369
2050,10-14,811,760,1571
2050,15-19,983,916,1899
2050,20-24,1110,1036,2146
2050,25-29,1088,1011,2099
2050,30-34,861,786,1647
2050,35-39,964,887,1851
2050,40-44,995,905,1900
2050,45-49,1246,1173,2419
2050,50-54,1856,1789,3645
2050,55-59,1861,1679,3540
2050,60-64,1616,1455,3071
2050,65-69,1721,1631,3352
2050,70-74,1699,1677,3376
2050,75-79,1180,1464,2644
2050,80-84,1107,1346,2453
2050,85-89,762,1115,1877
2050,90-94,385,658,1043
2050,95-99,130,257,387
2050,100+,0,0,0
2051,0-4,701,654,1355
2051,5-9,701,654,1355
2051,10-14,783,734,1517
2051,15-19,947,883,1830
2051,20-24,1095,1022,2117
2051,25-29,1107,1029,2136
2051,30-34,861,827,1688
2051,35-39,1005,870,1875
2051,40-44,933,883,1816
2051,45-49,1190,1058,2248
2051,50-54,1726,1682,3408
2051,55-59,1896,1777,3673
2051,60-64,1656,1502,3158
2051,65-69,1637,1514,3151
2051,70-74,1702,1689,3391
2051,75-79,1215,1482,2697
2051,80-84,1079,1340,2419
2051,85-89,774,1089,1863
2051,90-94,393,679,1072
2051,95-99,133,278,411
2051,100+,0,0,0
2052,0-4,708,661,1369
2052,5-9,696,649,1345
2052,10-14,760,712,1472
2052,15-19,910,850,1760
2052,20-24,1071,999,2070
2052,25-29,1117,1039,2156
2052,30-34,914,882,1796
2052,35-39,946,825,1771
2052,40-44,930,895,1825
2052,45-49,1164,984,2148
2052,50-54,1552,1531,3083
2052,55-59,1970,1855,3825
2052,60-64,1656,1544,3200
2052,65-69,1560,1432,2992
2052,70-74,1700,1699,3399
2052,75-79,1295,1489,2784
2052,80-84,1038,1340,2378
2052,85-89,763,1066,1829
2052,90-94,399,699,1098
2052,95-99,141,283,424
2052,100+,0,0,0
2053,0-4,716,669,1385
2053,5-9,693,647,1340
2053,10-14,740,692,1432
2053,15-19,875,818,1693
2053,20-24,1045,975,2020
2053,25-29,1119,1042,2161
2053,30-34,982,929,1911
2053,35-39,893,800,1693
2053,40-44,937,881,1818
2053,45-49,1105,946,2051
2053,50-54,1448,1422,2870
2053,55-59,1906,1826,3732
2053,60-64,1702,1575,3277
2053,65-69,1564,1455,3019
2053,70-74,1639,1657,3296
2053,75-79,1379,1501,2880
2053,80-84,993,1332,2325
2053,85-89,762,1053,1815
2053,90-94,409,715,1124
2053,95-99,144,289,433
2053,100+,0,0,0
2054,0-4,724,677,1401
2054,5-9,694,647,1341
2054,10-14,721,675,1396
2054,15-19,843,788,1631
2054,20-24,1016,947,1963
2054,25-29,1116,1041,2157
2054,30-34,1059,985,2044
2054,35-39,849,770,1619
2054,40-44,956,894,1850
2054,45-49,1041,915,1956
2054,50-54,1339,1315,2654
2054,55-59,1844,1794,3638
2054,60-64,1739,1609,3348
2054,65-69,1543,1416,2959
2054,70-74,1599,1652,3251
2054,75-79,1447,1526,2973
2054,80-84,962,1290,2252
2054,85-89,756,1041,1797
2054,90-94,414,732,1146
2054,95-99,150,294,444
2054,100+,0,0,0
2055,0-4,731,684,1415
2055,5-9,697,650,1347
2055,10-14,708,661,1369
2055,15-19,811,760,1571
2055,20-24,983,916,1899
2055,25-29,1110,1036,2146
2055,30-34,1088,1011,2099
2055,35-39,861,786,1647
2055,40-44,962,887,1849
2055,45-49,975,905,1880
2055,50-54,1219,1169,2388
2055,55-59,1798,1764,3562
2055,60-64,1788,1654,3442
2055,65-69,1534,1428,2962
2055,70-74,1581,1569,3150
2055,75-79,1474,1564,3038
2055,80-84,933,1282,2215
2055,85-89,762,1057,1819
2055,90-94,419,725,1144
2055,95-99,153,305,458
2055,100+,0,0,0
2056,0-4,738,690,1428
2056,5-9,701,654,1355
2056,10-14,701,654,1355
2056,15-19,783,734,1517
2056,20-24,947,883,1830
2056,25-29,1095,1022,2117
2056,30-34,1107,1029,2136
2056,35-39,861,827,1688
2056,40-44,1001,870,1871
2056,45-49,915,883,1798
2056,50-54,1165,1058,2223
2056,55-59,1673,1657,3330
2056,60-64,1822,1752,3574
2056,65-69,1574,1473,3047
2056,70-74,1506,1458,2964
2056,75-79,1481,1578,3059
2056,80-84,968,1304,2272
2056,85-89,747,1057,1804
2056,90-94,428,712,1140
2056,95-99,156,320,476
2056,100+,0,0,0
2057,0-4,743,695,1438
2057,5-9,708,661,1369
2057,10-14,696,649,1345
2057,15-19,760,712,1472
2057,20-24,910,850,1760
2057,25-29,1071,999,2070
2057,30-34,1117,1039,2156
2057,35-39,914,882,1796
2057,40-44,944,825,1769
2057,45-49,910,895,1805
2057,50-54,1139,984,2123
2057,55-59,1508,1510,3018
2057,60-64,1895,1830,3725
2057,65-69,1574,1514,3088
2057,70-74,1437,1382,2819
2057,75-79,1482,1590,3072
2057,80-84,1037,1313,2350
2057,85-89,719,1059,1778
2057,90-94,424,701,1125
2057,95-99,159,331,490
2057,100+,0,0,0
2058,0-4,747,699,1446
2058,5-9,716,669,1385
2058,10-14,693,647,1340
2058,15-19,740,692,1432
2058,20-24,875,818,1693
2058,25-29,1045,975,2020
2058,30-34,1119,1042,2161
2058,35-39,982,929,1911
2058,40-44,892,800,1692
2058,45-49,916,881,1797
2058,50-54,1080,946,2026
2058,55-59,1408,1405,2813
2058,60-64,1836,1801,3637
2058,65-69,1620,1547,3167
2058,70-74,1443,1405,2848
2058,75-79,1431,1551,2982
2058,80-84,1106,1326,2432
2058,85-89,690,1055,1745
2058,90-94,426,697,1123
2058,95-99,162,340,502
2058,100+,0,0,0
2059,0-4,749,701,1450
2059,5-9,724,677,1401
2059,10-14,694,647,1341
2059,15-19,721,675,1396
2059,20-24,843,788,1631
2059,25-29,1016,947,1963
2059,30-34,1116,1041,2157
2059,35-39,1059,985,2044
2059,40-44,847,770,1617
2059,45-49,936,894,1830
2059,50-54,1016,915,1931
2059,55-59,1304,1302,2606
2059,60-64,1779,1769,3548
2059,65-69,1657,1580,3237
2059,70-74,1426,1368,2794
2059,75-79,1398,1547,2945
2059,80-84,1164,1350,2514
2059,85-89,672,1023,1695
2059,90-94,425,695,1120
2059,95-99,166,350,516
2059,100+,0,0,0
2060,0-4,748,701,1449
2060,5-9,731,684,1415
2060,10-14,697,650,1347
2060,15-19,708,661,1369
2060,20-24,811,760,1571
2060,25-29,983,916,1899
2060,30-34,1110,1036,2146
2060,35-39,1088,1011,2099
2060,40-44,859,786,1645
2060,45-49,942,887,1829
2060,50-54,950,905,1855
2060,55-59,1187,1159,2346
2060,60-64,1737,1739,3476
2060,65-69,1705,1624,3329
2060,70-74,1418,1379,2797
2060,75-79,1381,1469,2850
2060,80-84,1182,1382,2564
2060,85-89,654,1018,1672
2060,90-94,430,705,1135
2060,95-99,170,347,517
2060,100+,0,0,0
2061,0-4,745,698,1443
2061,5-9,738,690,1428
2061,10-14,701,654,1355
2061,15-19,701,654,1355
2061,20-24,783,734,1517
2061,25-29,947,883,1830
2061,30-34,1095,1022,2117
2061,35-39,1107,1029,2136
2061,40-44,861,827,1688
2061,45-49,981,870,1851
2061,50-54,890,883,1773
2061,55-59,1136,1051,2187
2061,60-64,1616,1632,3248
2061,65-69,1737,1720,3457
2061,70-74,1456,1423,2879
2061,75-79,1314,1365,2679
2061,80-84,1186,1396,2582
2061,85-89,681,1036,1717
2061,90-94,420,704,1124
2061,95-99,175,341,516
2061,100+,0,0,0
2062,0-4,739,691,1430
2062,5-9,743,695,1438
2062,10-14,708,661,1369
2062,15-19,696,649,1345
2062,20-24,760,712,1472
2062,25-29,910,850,1760
2062,30-34,1071,999,2070
2062,35-39,1117,1039,2156
2062,40-44,914,882,1796
2062,45-49,925,825,1750
2062,50-54,885,895,1780
2062,55-59,1111,981,2092
2062,60-64,1455,1485,2940
2062,65-69,1806,1796,3602
2062,70-74,1455,1462,2917
2062,75-79,1255,1295,2550
2062,80-84,1189,1407,2596
2062,85-89,729,1044,1773
2062,90-94,403,705,1108
2062,95-99,172,334,506
2062,100+,0,0,0
2063,0-4,729,681,1410
2063,5-9,747,699,1446
2063,10-14,716,669,1385
2063,15-19,693,647,1340
2063,20-24,740,692,1432
2063,25-29,875,818,1693
2063,30-34,1045,975,2020
2063,35-39,1119,1042,2161
2063,40-44,981,929,1910
2063,45-49,875,800,1675
2063,50-54,891,881,1772
2063,55-59,1055,946,2001
2063,60-64,1356,1381,2737
2063,65-69,1750,1767,3517
2063,70-74,1497,1494,2991
2063,75-79,1261,1318,2579
2063,80-84,1147,1370,2517
2063,85-89,778,1056,1834
2063,90-94,387,702,1089
2063,95-99,173,331,504
2063,100+,0,0,0
2064,0-4,716,669,1385
2064,5-9,749,701,1450
2064,10-14,724,677,1401
2064,15-19,694,647,1341
2064,20-24,721,675,1396
2064,25-29,843,788,1631
2064,30-34,1016,947,1963
2064,35-39,1116,1041,2157
2064,40-44,1055,985,2040
2064,45-49,833,770,1603
2064,50-54,911,894,1805
2064,55-59,990,915,1905
2064,60-64,1255,1281,2536
2064,65-69,1695,1735,3430
2064,70-74,1532,1525,3057
2064,75-79,1247,1284,2531
2064,80-84,1121,1366,2487
2064,85-89,818,1074,1892
2064,90-94,376,680,1056
2064,95-99,171,333,504
2064,100+,0,0,0
2065,0-4,701,655,1356
2065,5-9,748,701,1449
2065,10-14,731,684,1415
2065,15-19,697,650,1347
2065,20-24,708,661,1369
2065,25-29,811,760,1571
2065,30-34,983,916,1899
2065,35-39,1110,1036,2146
2065,40-44,1084,1011,2095
2065,45-49,844,786,1630
2065,50-54,917,887,1804
2065,55-59,925,905,1830
2065,60-64,1145,1142,2287
2065,65-69,1655,1706,3361
2065,70-74,1579,1569,3148
2065,75-79,1242,1295,2537
2065,80-84,1108,1300,2408
2065,85-89,830,1105,1935
2065,90-94,370,682,1052
2065,95-99,175,342,517
2065,100+,0,0,0
