year,0m,1m,2m,3m,4m,5m,6m,7m,8m,9m,10m,11m,12m,13m,14m,15m,16m,17m,18m,19m,20m,21m,22m,23m,24m,25m,26m,27m,28m,29m,30m,31m,32m,33m,34m,35m,36m,37m,38m,39m,40m,41m,42m,43m,44m,45m,46m,47m,48m,49m,50m,51m,52m,53m,54m,55m,56m,57m,58m,59m,60m,61m,62m,63m,64m,65m,66m,67m,68m,69m,70m,71m,72m,73m,74m,75m,76m,77m,78m,79m,80m,81m,82m,83m,84m,85m,86m,87m,88m,89m,90m,91m,92m,93m,94m,95m,96m,97m,98m,99m,100m,0f,1f,2f,3f,4f,5f,6f,7f,8f,9f,10f,11f,12f,13f,14f,15f,16f,17f,18f,19f,20f,21f,22f,23f,24f,25f,26f,27f,28f,29f,30f,31f,32f,33f,34f,35f,36f,37f,38f,39f,40f,41f,42f,43f,44f,45f,46f,47f,48f,49f,50f,51f,52f,53f,54f,55f,56f,57f,58f,59f,60f,61f,62f,63f,64f,65f,66f,67f,68f,69f,70f,71f,72f,73f,74f,75f,76f,77f,78f,79f,80f,81f,82f,83f,84f,85f,86f,87f,88f,89f,90f,91f,92f,93f,94f,95f,96f,97f,98f,99f,100f
2019,13668,15157,16030,16872,17352,17585,18170,19955,16976,14929,16730,16992,17018,17468,17261,18929,19780,20843,23022,25774,23843,23895,27774,27756,27913,28234,29096,28727,28719,29807,28149,28783,26531,26463,29376,31116,32282,34231,35409,34649,35785,34685,33832,35069,30448,30697,30306,29564,30623,30919,30445,30032,29161,29506,30436,30426,31099,30365,29595,29350,29222,27666,26170,27728,27005,24593,23925,23264,22544,18249,17218,13963,12136,9134,8311,9398,8655,7814,7493,6723,5541,4881,4416,3766,3546,2948,2911,2826,2539,2472,2083,1718,1362,1153,854,593,486,400,269,166,361,12984,14200,15026,15748,16088,16591,16795,18779,15916,13621,15492,15442,15646,15901,16195,17020,17867,19161,21220,23556,22211,22309,25617,26055,26163,26218,26734,26516,26164,27691,26362,27491,26049,26344,29422,31368,33151,35610,36704,35988,37328,36332,35785,36478,32451,32429,31941,31797,32561,33548,33407,33261,32651,33933,34734,34510,36019,34781,33885,33779,34243,32551,30799,32270,31449,28909,28017,27339,25890,21203,19947,16224,14145,10743,9766,11135,10514,10035,9571,9046,8042,7074,6460,5669,5196,4357,3754,3447,2993,2548,2113,1890,1560,1250,887,703,501,381,283,198,324
2020,15792,13664,15154,16027,16870,17350,17583,18168,19953,16974,14928,16728,16990,17015,17464,17256,18923,19772,20834,23011,25761,23831,23882,27758,27740,27896,28216,29077,28707,28697,29781,28122,28753,26500,26429,29334,31067,32225,34164,35331,34564,35688,34582,33722,34943,30330,30569,30169,29422,30464,30749,30266,29847,28970,29300,30211,30186,30837,30094,29315,29055,28917,27355,25857,27369,26627,24220,23530,22845,22098,17852,16806,13597,11785,8843,8020,9034,8284,7449,7112,6347,5201,4556,4096,3471,3239,2669,2612,2511,2231,2148,1789,1458,1138,946,686,466,372,298,194,0,14676,12980,14198,15024,15746,16086,16589,16793,18777,15915,13620,15491,15441,15644,15899,16193,17017,17864,19158,21216,23551,22206,22304,25611,26048,26156,26211,26726,26508,26155,27680,26351,27478,26036,26329,29404,31348,33128,35584,36675,35957,37293,36295,35745,36434,32409,32383,31891,31743,32500,33481,33335,33184,32570,33843,34634,34404,35900,34659,33756,33642,34091,32394,30637,32085,31249,28703,27795,27100,25633,20968,19699,15996,13925,10554,9573,10889,10254,9759,9277,8729,7726,6765,6142,5358,4876,4058,3463,3149,2705,2274,1860,1637,1327,1042,722,557,385,283,202,0
2021,15551,15787,13661,15151,16025,16868,17348,17581,18166,19951,16972,14927,16726,16987,17011,17459,17250,18916,19763,20824,22999,25748,23818,23868,27742,27723,27878,28198,29057,28685,28672,29753,28092,28719,26466,26391,29288,31012,32162,34089,35245,34470,35582,34469,33601,34808,30204,30431,30024,29269,30297,30569,30079,29652,28767,29083,29973,29932,30561,29809,29020,28751,28592,27028,25522,26986,26223,23820,23106,22393,21617,17425,16365,13204,11410,8533,7709,8647,7897,7070,6714,5958,4854,4226,3775,3171,2932,2395,2321,2206,1938,1845,1519,1218,933,760,539,357,277,215,0,14453,14672,12978,14196,15022,15744,16084,16587,16791,18775,15914,13619,15490,15439,15642,15897,16190,17014,17861,19154,21212,23546,22201,22299,25605,26041,26149,26203,26717,26498,26145,27668,26338,27464,26021,26313,29385,31326,33103,35556,36643,35924,37255,36255,35702,36387,32363,32332,31837,31684,32435,33409,33258,33101,32483,33745,34528,34290,35774,34527,33619,33493,33927,32224,30462,31881,31026,28476,27552,26831,25348,20707,19422,15747,13680,10345,9361,10619,9972,9459,8952,8386,7388,6431,5805,5028,4541,3744,3164,2846,2414,2001,1611,1393,1106,849,573,428,286,202,0
2022,15336,15546,15783,13658,15149,16023,16866,17346,17579,18164,19949,16970,14925,16723,16983,17006,17453,17243,18908,19754,20814,22987,25734,23804,23854,27725,27706,27860,28178,29035,28660,28645,29722,28059,28682,26428,26349,29236,30952,32092,34006,35149,34368,35466,34346,33471,34663,30067,30284,29868,29108,30119,30380,29882,29445,28554,28854,29720,29664,30272,29509,28717,28428,28250,26678,25165,26576,25790,23391,22649,21906,21100,16968,15892,12784,11010,8203,7379,8243,7495,6675,6302,5561,4503,3895,3448,2871,2631,2128,2039,1917,1665,1566,1269,999,750,597,413,266,200,0,14267,14449,14670,12976,14194,15020,15742,16082,16586,16790,18773,15913,13618,15488,15437,15640,15894,16187,17011,17857,19150,21207,23541,22196,22293,25598,26034,26141,26195,26707,26487,26134,27655,26325,27449,26005,26296,29365,31303,33077,35525,36609,35888,37214,36211,35656,36336,32313,32277,31778,31621,32365,33331,33175,33013,32389,33641,34414,34169,35638,34386,33470,33332,33749,32040,30268,31654,30780,28227,27279,26533,25032,20416,19120,15470,13409,10116,9129,10327,9665,9127,8600,8019,7024,6078,5447,4683,4190,3421,2859,2540,2125,1733,1371,1161,901,673,441,318,204,0
2023,15088,15331,15542,15780,13656,15147,16021,16864,17344,17577,18162,19947,16968,14923,16719,16978,17000,17446,17235,18899,19744,20803,22975,25719,23790,23839,27708,27688,27840,28156,29010,28633,28615,29687,28023,28641,26386,26303,29179,30884,32014,33914,35045,34256,35339,34213,33331,34506,29922,30127,29704,28937,29933,30181,29673,29227,28329,28611,29454,29383,29967,29201,28394,28088,27884,26305,24783,26137,25325,22929,22156,21382,20546,16477,15386,12336,10584,7852,7034,7824,7076,6266,5882,5158,4150,3558,3122,2576,2338,1870,1772,1647,1413,1308,1041,803,589,457,308,192,0,14036,14263,14447,14668,12974,14192,15018,15740,16081,16585,16789,18771,15912,13617,15486,15435,15637,15891,16184,17008,17853,19146,21202,23535,22190,22287,25591,26026,26133,26186,26696,26476,26121,27641,26310,27432,25988,26278,29343,31278,33048,35492,36572,35848,37169,36164,35606,36279,32258,32217,31714,31553,32290,33248,33087,32918,32290,33530,34293,34039,35493,34233,33309,33157,33556,31836,30052,31403,30510,27947,26976,26203,24680,20098,18783,15164,13112,9866,8878,10009,9326,8768,8224,7624,6639,5703,5073,4321,3828,3092,2552,2236,1841,1475,1143,946,714,518,327,227,0
2024,14899,15083,15327,15539,15778,13654,15145,16019,16862,17342,17575,18160,19944,16965,14920,16714,16972,16993,17438,17227,18890,19734,20792,22962,25704,23775,23824,27690,27669,27819,28132,28982,28603,28581,29648,27983,28596,26340,26252,29115,30809,31927,33813,34931,34133,35202,34070,33180,34340,29766,29962,29530,28758,29737,29970,29454,28996,28090,28355,29175,29087,29654,28872,28054,27725,27494,25906,24374,25666,24824,22430,21626,20821,19952,15952,14846,11858,10131,7485,6676,7387,6642,5848,5456,4754,3791,3221,2801,2289,2054,1625,1522,1398,1180,1073,837,631,451,340,222,0,13860,14032,14261,14445,14666,12973,14191,15016,15739,16080,16584,16788,18769,15910,13616,15484,15433,15634,15888,16181,17004,17849,19142,21197,23529,22184,22281,25583,26018,26124,26176,26685,26463,26108,27626,26294,27414,25970,26259,29320,31251,33017,35456,36531,35805,37121,36113,35550,36217,32198,32153,31645,31480,32210,33160,32991,32817,32183,33412,34163,33900,35335,34068,33134,32967,33343,31609,29814,31128,30207,27637,26640,25835,24296,19744,18411,14828,12787,9595,8605,9658,8959,8384,7819,7206,6230,5311,4680,3948,3459,2760,2246,1937,1566,1230,931,750,549,385,233,0
2025,14757,14895,15080,15325,15537,15776,13653,15144,16018,16861,17341,17574,18158,19941,16962,14917,16709,16967,16987,17431,17220,18881,19725,20782,22951,25691,23762,23811,27674,27651,27798,28109,28955,28573,28548,29609,27942,28550,26292,26198,29048,30730,31837,33708,34811,34005,35059,33920,33025,34167,29608,29792,29355,28578,29539,29759,29234,28765,27855,28105,28902,28805,29345,28553,27718,27366,27108,25510,23967,25195,24321,21929,21094,20256,19354,15425,14303,11378,9683,7124,6322,6957,6221,5445,5048,4361,3448,2904,2501,2021,1794,1403,1298,1175,975,869,663,488,339,248,0,13728,13857,14030,14259,14444,14665,12972,14190,15015,15738,16079,16583,16787,18767,15908,13614,15482,15431,15631,15885,16178,17001,17845,19138,21192,23523,22178,22275,25575,26009,26114,26166,26673,26450,26094,27610,26278,27396,25952,26239,29296,31224,32986,35419,36490,35761,37071,36060,35493,36154,32137,32088,31576,31407,32130,33071,32898,32718,32080,33296,34037,33763,35181,33907,32963,32778,33129,31384,29579,30850,29905,27326,26301,25470,23907,19388,18038,14491,12463,9323,8326,9306,8595,7999,7419,6790,5828,4928,4303,3593,3111,2450,1964,1666,1321,1015,749,587,415,280,0
2026,14620,14753,14892,15078,15323,15535,15774,13652,15143,16017,16860,17340,17572,18155,19937,16958,14913,16704,16961,16980,17424,17212,18872,19715,20772,22939,25677,23749,23797,27656,27631,27775,28083,28925,28540,28511,29566,27897,28498,26238,26138,28974,30643,31738,33592,34681,33867,34905,33761,32858,33985,29440,29615,29171,28387,29331,29536,29002,28524,27609,27842,28622,28505,29020,28212,27359,26982,26694,25084,23527,24685,23777,21390,20521,19649,18714,14861,13724,10875,9216,6746,5954,6516,5792,5038,4631,3966,3108,2593,2209,1765,1549,1197,1091,971,790,688,512,367,247,0,13612,13725,13855,14028,14258,14443,14664,12971,14189,15014,15737,16078,16582,16785,18765,15906,13612,15480,15429,15628,15882,16175,16998,17841,19134,21187,23517,22172,22268,25567,25999,26104,26154,26660,26436,26079,27593,26261,27377,25933,26218,29271,31194,32951,35379,36445,35713,37017,36002,35431,36086,32072,32018,31503,31329,32044,32977,32798,32613,31969,33173,33900,33616,35014,33732,32774,32568,32893,31136,29315,30541,29569,26979,25930,25062,23475,18995,17628,14124,12109,9021,8022,8928,8200,7589,6991,6352,5408,4531,3916,3232,2762,2143,1689,1405,1090,817,586,444,302,0
2027,14421,14616,14750,14890,15076,15321,15533,15773,13651,15142,16016,16859,17338,17570,18152,19932,16953,14908,16698,16954,16973,17416,17204,18863,19705,20761,22927,25663,23735,23782,27636,27608,27749,28054,28891,28503,28470,29518,27846,28440,26178,26071,28892,30547,31629,33466,34541,33718,34742,33591,32683,33793,29265,29429,28976,28187,29112,29301,28759,28272,27351,27572,28324,28190,28673,27847,26975,26570,26248,24623,23050,24133,23192,20809,19906,19000,18030,14259,13117,10350,8727,6353,5577,6067,5359,4622,4212,3575,2775,2290,1929,1524,1321,1006,901,786,626,532,385,267,0,13428,13609,13723,13853,14027,14257,14442,14663,12970,14188,15013,15736,16077,16581,16783,18763,15904,13610,15478,15426,15625,15879,16172,16994,17837,19129,21182,23510,22165,22261,25558,25989,26093,26141,26646,26421,26063,27575,26243,27356,25912,26195,29243,31161,32914,35336,36396,35661,36958,35939,35364,36013,32002,31944,31425,31245,31953,32877,32693,32500,31851,33039,33752,33457,34834,33539,32564,32336,32633,30858,29022,30198,29193,26598,25515,24610,22999,18563,17182,13723,11716,8692,7696,8518,7780,7151,6540,5894,4972,4123,3523,2869,2416,1843,1425,1160,877,639,443,323,0
2028,14090,14417,14613,14748,14888,15074,15319,15532,15772,13650,15141,16015,16857,17336,17567,18148,19926,16948,14902,16691,16947,16965,17408,17196,18854,19695,20750,22915,25648,23720,23764,27613,27582,27720,28021,28853,28462,28424,29464,27789,28375,26111,25997,28802,30442,31511,33330,34389,33560,34567,33412,32498,33593,29082,29233,28772,27976,28881,29055,28505,28008,27086,27285,28011,27853,28302,27456,26563,26126,25766,24124,22535,23540,22562,20186,19248,18306,17300,13628,12484,9801,8219,5950,5193,5614,4916,4204,3797,3192,2451,2000,1665,1300,1111,831,730,623,484,400,280,0,13132,13425,13607,13721,13852,14026,14256,14441,14662,12969,14187,15012,15735,16076,16579,16781,18761,15902,13608,15475,15423,15622,15876,16169,16990,17833,19124,21176,23503,22158,22253,25548,25978,26080,26127,26631,26405,26046,27556,26223,27334,25889,26170,29212,31126,32874,35289,36342,35604,36893,35871,35292,35935,31928,31865,31341,31157,31856,32771,32580,32380,31723,32895,33592,33285,34634,33324,32332,32081,32342,30549,28696,29814,28781,26172,25054,24111,22476,18093,16694,13278,11289,8339,7343,8082,7331,6690,6069,5419,4525,3709,3128,2509,2078,1555,1176,934,686,483,323,0
2029,13766,14086,14414,14611,14746,14887,15072,15318,15531,15771,13649,15140,16013,16855,17333,17563,18143,19920,16942,14896,16684,16939,16957,17399,17187,18844,19685,20739,22901,25631,23702,23744,27587,27553,27688,27985,28811,28416,28372,29404,27725,28302,26037,25916,28703,30328,31383,33183,34228,33391,34383,33223,32305,33382,28888,29027,28557,27754,28639,28799,28238,27737,26804,26983,27676,27493,27905,27037,26119,25646,25244,23585,21981,22901,21886,19519,18544,17565,16535,12970,11821,9230,7698,5540,4805,5150,4471,3790,3390,2819,2140,1727,1420,1093,918,673,578,481,364,291,0,12829,13129,13423,13605,13720,13851,14025,14255,14440,14661,12968,14186,15011,15734,16074,16577,16779,18758,15899,13606,15472,15420,15619,15873,16165,16986,17829,19119,21170,23495,22150,22244,25537,25966,26066,26112,26615,26388,26028,27535,26202,27310,25864,26143,29179,31088,32830,35237,36284,35542,36824,35798,35215,35852,31849,31780,31252,31063,31754,32658,32459,32250,31585,32739,33419,33094,34412,33086,32077,31795,32018,30206,28331,29393,28320,25700,24546,23563,21907,17579,16152,12794,10830,7956,6967,7616,6858,6208,5580,4932,4070,3293,2736,2158,1753,1283,947,730,519,352,0
2030,13388,13762,14083,14412,14609,14745,14886,15071,15317,15530,15770,13648,15138,16011,16852,17329,17558,18137,19913,16935,14890,16676,16931,16949,17390,17178,18834,19674,20727,22886,25612,23682,23722,27558,27521,27652,27944,28764,28364,28314,29336,27654,28222,25956,25827,28596,30205,31245,33028,34055,33213,34188,33026,32102,33159,28685,28810,28330,27521,28386,28530,27965,27448,26508,26660,27318,27107,27479,26585,25639,25126,24680,23005,21384,22215,21163,18806,17793,16788,15737,12282,11133,8645,7168,5126,4408,4684,4031,3384,2994,2462,1847,1473,1194,903,743,533,447,362,265,0,12488,12826,13127,13421,13604,13719,13850,14024,14254,14439,14660,12967,14185,15010,15732,16072,16575,16776,18755,15896,13603,15469,15417,15616,15870,16161,16982,17824,19113,21163,23486,22141,22234,25525,25952,26051,26096,26598,26370,26008,27513,26179,27284,25837,26113,29143,31046,32782,35181,36221,35475,36749,35720,35133,35763,31764,31690,31157,30963,31644,32537,32328,32109,31435,32570,33228,32882,34167,32825,31791,31477,31658,29822,27931,28922,27809,25179,23988,22967,21285,17009,15563,12274,10333,7548,6565,7125,6364,5708,5078,4436,3613,2880,2353,1821,1447,1033,741,552,378,0
2031,13040,13385,13760,14081,14410,14608,14744,14885,15070,15316,15529,15769,13646,15136,16008,16848,17324,17552,18130,19905,16928,14883,16668,16923,16941,17381,17169,18824,19662,20714,22869,25591,23660,23697,27526,27485,27612,27899,28712,28306,28249,29261,27576,28134,25867,25730,28480,30072,31099,32861,33874,33025,33985,32819,31888,32926,28470,28581,28093,27278,28121,28254,27674,27144,26191,26315,26935,26693,27020,26097,25120,24564,24073,22380,20744,21481,20389,18045,17006,15978,14902,11567,10427,8049,6632,4702,4009,4223,3599,2988,2615,2125,1576,1239,986,731,589,412,336,264,0,12165,12485,12824,13125,13420,13603,13718,13849,14023,14253,14438,14659,12966,14184,15008,15730,16070,16573,16773,18752,15893,13600,15466,15414,15613,15866,16157,16977,17819,19107,21155,23477,22131,22223,25512,25937,26035,26079,26580,26350,25987,27489,26154,27255,25808,26081,29104,31000,32730,35119,36153,35403,36669,35637,35046,35668,31674,31594,31057,30856,31527,32406,32187,31957,31273,32383,33015,32648,33897,32532,31473,31123,31256,29401,27484,28400,27246,24607,23381,22315,20595,16389,14931,11711,9804,7112,6142,6611,5852,5195,4568,3938,3160,2477,1985,1503,1165,808,561,402,0
2032,12674,13037,13383,13758,14079,14409,14607,14743,14884,15069,15315,15528,15767,13644,15133,16004,16843,17318,17546,18123,19896,16920,14876,16660,16915,16932,17372,17160,18813,19649,20699,22850,25567,23635,23669,27490,27445,27567,27848,28653,28241,28177,29178,27490,28037,25770,25626,28355,29931,30942,32686,33682,32829,33772,32600,31664,32680,28244,28341,27845,27023,27849,27960,27368,26819,25852,25946,26524,26247,26524,25568,24559,23960,23419,21710,20058,20696,19564,17247,16185,15130,14034,10834,9708,7448,6084,4276,3614,3771,3178,2609,2258,1813,1325,1023,798,579,455,310,245,0,11834,12162,12483,12822,13124,13419,13602,13717,13848,14022,14252,14437,14658,12965,14183,15006,15728,16068,16570,16770,18748,15890,13597,15463,15411,15609,15862,16152,16972,17813,19100,21147,23467,22120,22211,25497,25921,26018,26061,26560,26329,25964,27463,26127,27224,25777,26046,29061,30950,32673,35053,36080,35326,36584,35549,34952,35567,31578,31493,30950,30742,31400,32265,32034,31792,31094,32175,32780,32390,33594,32206,31119,30727,30815,28930,26988,27825,26627,23984,22717,21591,19844,15723,14246,11111,9238,6653,5699,6079,5326,4673,4055,3444,2718,2090,1638,1210,911,611,408,0
2033,12326,12671,13035,13381,13756,14078,14408,14606,14742,14883,15068,15314,15526,15765,13642,15130,16000,16838,17312,17539,18115,19887,16912,14869,16652,16906,16923,17363,17150,18801,19634,20682,22829,25540,23607,23638,27450,27401,27517,27791,28587,28169,28097,29087,27395,27932,25666,25513,28222,29780,30777,32501,33482,32623,33547,32371,31427,32420,28007,28091,27585,26761,27559,27651,27041,26472,25489,25550,26081,25765,25987,24997,23955,23309,22718,20992,19325,19858,18698,16414,15326,14249,13144,10087,8983,6833,5533,3855,3227,3330,2775,2252,1926,1524,1094,828,632,447,342,226,0,11508,11831,12160,12482,12821,13123,13418,13601,13716,13847,14021,14251,14436,14657,12964,14181,15004,15726,16065,16567,16767,18744,15887,13594,15460,15407,15605,15858,16147,16966,17806,19092,21138,23456,22108,22198,25482,25904,26000,26041,26538,26306,25939,27434,26097,27191,25742,26008,29015,30896,32612,34982,36002,35244,36494,35454,34853,35459,31477,31384,30835,30618,31263,32112,31869,31610,30895,31946,32521,32101,33258,31844,30723,30293,30322,28408,26441,27193,25953,23303,21980,20804,19038,15001,13516,10470,8642,6173,5240,5532,4791,4149,3547,2962,2293,1725,1318,946,689,445,0
2034,11973,12323,12669,13033,13380,13755,14077,14407,14605,14741,14882,15067,15312,15524,15762,13639,15126,15995,16832,17305,17531,18107,19878,16904,14862,16644,16897,16914,17353,17139,18787,19618,20663,22805,25510,23576,23604,27406,27351,27461,27727,28514,28089,28009,28987,27293,27819,25553,25394,28079,29622,30603,32308,33272,32405,33311,32129,31177,32148,27760,27828,27318,26482,27254,27320,26691,26101,25100,25123,25602,25243,25406,24382,23304,22611,21967,20225,18543,18979,17795,15543,14434,13346,12238,9333,8241,6214,4988,3442,2850,2908,2396,1921,1619,1259,886,656,488,336,249,0,11180,11505,11829,12159,12481,12820,13122,13417,13600,13715,13846,14020,14250,14435,14656,12962,14179,15002,15723,16062,16564,16764,18740,15884,13591,15456,15403,15601,15853,16142,16960,17799,19084,21128,23444,22095,22185,25465,25886,25981,26020,26515,26281,25912,27403,26065,27155,25704,25966,28964,30838,32546,34906,35918,35157,36397,35354,34747,35345,31368,31268,30711,30485,31115,31947,31686,31407,30675,31694,32231,31780,32884,31439,30289,29808,29775,27832,25840,26505,25216,22547,21179,19959,18164,14233,12736,9795,8019,5676,4769,4976,4253,3629,3050,2499,1892,1388,1031,716,502,0
2035,11533,11971,12321,12668,13032,13379,13754,14076,14406,14604,14740,14881,15066,15310,15522,15759,13636,15122,15991,16827,17299,17525,18100,19871,16898,14856,16637,16890,16906,17344,17129,18775,19603,20645,22783,25482,23547,23570,27362,27301,27404,27662,28440,28008,27919,28884,27188,27702,25439,25272,27937,29464,30433,32119,33066,32195,33083,31897,30942,31895,27530,27590,27067,26225,26968,27010,26362,25750,24730,24715,25140,24738,24845,23785,22673,21933,21237,19478,17793,18139,16929,14712,13592,12498,11393,8619,7548,5643,4488,3064,2509,2531,2060,1632,1352,1032,711,514,372,249,0,10768,11178,11504,11828,12158,12480,12819,13121,13416,13599,13714,13845,14019,14249,14434,14655,12961,14177,15000,15721,16060,16561,16761,18737,15881,13588,15453,15399,15597,15848,16137,16954,17792,19076,21118,23432,22083,22172,25449,25869,25962,25999,26492,26256,25885,27373,26033,27119,25666,25925,28914,30782,32483,34834,35839,35074,36307,35261,34650,35240,31269,31160,30597,30363,30980,31793,31515,31218,30471,31455,31958,31477,32529,31060,29873,29344,29252,27280,25267,25844,24495,21820,20415,19142,17332,13494,11994,9165,7442,5219,4339,4474,3773,3170,2619,2103,1557,1113,802,538,0
2036,11181,11531,11969,12320,12667,13031,13378,13753,14075,14405,14603,14739,14880,15064,15308,15519,15756,13633,15118,15986,16821,17293,17519,18093,19863,16892,14850,16630,16882,16897,17334,17118,18761,19586,20625,22758,25450,23514,23532,27312,27244,27340,27590,28358,27918,27820,28773,27074,27578,25317,25145,27788,29300,30255,31921,32852,31975,32844,31657,30699,31631,27295,27337,26804,25949,26662,26677,26008,25370,24328,24269,24637,24192,24237,23141,21993,21204,20453,18690,17005,17256,16024,13854,12729,11635,10521,7894,6855,5077,3995,2697,2183,2176,1750,1363,1108,828,557,392,275,0,10449,10766,11177,11503,11827,12157,12479,12818,13120,13415,13598,13713,13844,14018,14248,14433,14654,12959,14175,14998,15719,16057,16558,16758,18733,15878,13585,15449,15395,15592,15843,16131,16947,17784,19067,21107,23419,22070,22158,25432,25850,25941,25977,26467,26229,25856,27340,25998,27079,25625,25881,28861,30722,32416,34757,35755,34987,36211,35163,34547,35128,31161,31045,30474,30231,30830,31621,31326,31010,30241,31189,31653,31137,32137,30633,29408,28828,28672,26675,24637,25105,23705,21033,19580,18265,16432,12708,11223,8506,6843,4749,3901,3969,3296,2722,2204,1730,1248,866,603,0
2037,10924,11179,11530,11968,12319,12666,13030,13377,13752,14074,14404,14602,14738,14878,15062,15305,15516,15752,13629,15113,15981,16815,17287,17513,18086,19855,16885,14844,16623,16873,16887,17323,17105,18745,19567,20602,22730,25414,23476,23489,27255,27180,27269,27510,28266,27819,27713,28652,26953,27445,25189,25011,27634,29129,30068,31714,32627,31744,32597,31408,30445,31361,27045,27071,26522,25654,26333,26318,25625,24957,23889,23784,24093,23600,23581,22447,21262,20421,19625,17863,16177,16333,15090,12974,11850,10745,9636,7169,6168,4519,3517,2347,1877,1849,1462,1117,889,649,425,290,0,10210,10447,10765,11176,11502,11826,12156,12478,12817,13119,13414,13597,13712,13843,14017,14247,14432,14652,12957,14173,14996,15716,16054,16555,16755,18729,15875,13582,15445,15391,15587,15837,16125,16940,17776,19057,21096,23405,22056,22143,25413,25830,25919,25952,26440,26200,25824,27303,25960,27036,25581,25834,28805,30658,32345,34675,35666,34895,36110,35058,34437,35007,31046,30921,30341,30085,30664,31431,31118,30776,29985,30892,31311,30762,31695,30156,28891,28257,28037,26009,23932,24295,22850,20173,18683,17317,15475,11891,10416,7821,6226,4270,3460,3467,2830,2291,1813,1387,971,651,0
2038,10704,10922,11178,11529,11967,12318,12665,13029,13376,13751,14073,14403,14601,14736,14876,15059,15302,15512,15748,13625,15108,15975,16809,17281,17506,18079,19847,16878,14837,16615,16863,16876,17310,17090,18727,19545,20576,22698,25373,23433,23440,27191,27109,27190,27421,28166,27712,27597,28524,26823,27307,25055,24872,27473,28949,29873,31497,32392,31505,32341,31148,30185,31073,26782,26786,26221,25338,25979,25930,25208,24507,23411,23259,23503,22961,22874,21701,20477,19595,18756,16993,15312,15381,14132,12079,10943,9841,8751,6450,5490,3978,3061,2018,1595,1544,1198,896,696,495,314,0,10003,10208,10446,10764,11175,11501,11825,12155,12477,12816,13118,13413,13596,13711,13842,14016,14246,14430,14650,12955,14171,14994,15713,16051,16552,16752,18725,15871,13578,15441,15386,15582,15831,16118,16932,17767,19047,21084,23390,22041,22127,25393,25808,25894,25925,26411,26168,25789,27263,25919,26990,25534,25784,28745,30591,32269,34589,35572,34798,36002,34947,34319,34877,30922,30786,30194,29923,30480,31222,30883,30515,29699,30558,30934,30339,31202,29626,28318,27631,27337,25265,23160,23418,21915,19248,17713,16308,14480,11035,9577,7116,5598,3788,3023,2977,2382,1885,1453,1079,730,0
2039,10484,10702,10921,11177,11528,11966,12317,12664,13028,13375,13750,14072,14402,14599,14734,14873,15056,15298,15508,15743,13621,15103,15969,16803,17274,17499,18072,19839,16870,14829,16605,16852,16863,17295,17073,18706,19521,20547,22661,25327,23384,23385,27120,27030,27102,27324,28058,27596,27474,28387,26688,27161,24916,24727,27303,28761,29669,31270,32148,31257,32074,30882,29908,30771,26501,26482,25898,24997,25596,25508,24753,24017,22894,22690,22867,22273,22114,20900,19649,18728,17843,16084,14419,14404,13157,11155,10022,8937,7873,5741,4833,3462,2632,1715,1332,1265,961,702,531,366,0,9799,10001,10207,10445,10763,11174,11500,11824,12154,12476,12815,13117,13412,13595,13710,13841,14015,14244,14428,14648,12953,14169,14991,15710,16048,16549,16748,18721,15867,13574,15436,15381,15576,15824,16110,16924,17757,19036,21071,23374,22025,22110,25371,25783,25867,25896,26379,26133,25751,27220,25875,26941,25484,25731,28682,30519,32189,34498,35473,34694,35888,34827,34192,34737,30787,30637,30031,29743,30277,30987,30621,30224,29378,30190,30509,29867,30654,29039,27690,26942,26555,24450,22324,22460,20911,18249,16681,15260,13438,10146,8714,6398,4966,3309,2595,2506,1960,1511,1130,811,0
2040,10233,10482,10701,10920,11176,11527,11965,12316,12663,13027,13374,13749,14071,14400,14597,14731,14870,15052,15294,15503,15738,13616,15098,15963,16797,17267,17492,18065,19830,16861,14820,16594,16839,16848,17278,17054,18683,19493,20514,22620,25274,23329,23324,27041,26943,27006,27219,27940,27473,27342,28244,26546,27010,24770,24574,27126,28564,29455,31035,31895,30999,31800,30599,29617,30448,26200,26155,25550,24629,25180,25048,24258,23487,22334,22076,22182,21533,21298,20054,18779,17816,16889,15146,13503,13410,12150,10217,9101,8041,7008,5054,4206,2977,2236,1432,1092,1015,753,535,393,0,9563,9797,10000,10206,10444,10762,11173,11499,11823,12153,12475,12814,13116,13411,13594,13709,13840,14013,14242,14426,14646,12951,14167,14988,15707,16045,16545,16744,18716,15862,13570,15431,15375,15569,15817,16102,16915,17747,19024,21057,23357,22008,22091,25347,25756,25838,25864,26344,26095,25710,27173,25828,26889,25431,25674,28615,30443,32104,34402,35367,34584,35765,34698,34055,34586,30638,30472,29851,29545,30049,30725,30329,29897,29024,29775,30034,29342,30046,28395,26999,26171,25699,23568,21411,21431,19826,17186,15609,14162,12356,9232,7835,5676,4338,2841,2184,2062,1571,1175,849,0
2041,10048,10231,10481,10700,10919,11175,11526,11964,12315,12662,13026,13373,13748,14069,14398,14595,14728,14866,15048,15289,15498,15732,13611,15092,15957,16791,17260,17485,18057,19820,16851,14810,16582,16825,16831,17259,17033,18656,19462,20476,22573,25215,23268,23256,26954,26848,26902,27105,27815,27341,27204,28093,26399,26852,24617,24415,26940,28358,29233,30791,31631,30734,31508,30302,29306,30102,25877,25803,25173,24229,24726,24547,23723,22912,21729,21414,21445,20738,20436,19166,17865,16863,15904,14184,12571,12384,11128,9279,8188,7157,6169,4398,3616,2529,1868,1173,876,795,574,396,0,9390,9561,9796,9999,10205,10443,10761,11172,11498,11822,12152,12474,12813,13115,13410,13593,13708,13838,14011,14240,14424,14644,12949,14164,14985,15704,16041,16541,16740,18711,15857,13565,15425,15368,15562,15809,16093,16905,17736,19011,21042,23339,21989,22070,25321,25727,25806,25829,26306,26054,25666,27123,25778,26833,25375,25614,28544,30363,32015,34299,35255,34465,35633,34559,33907,34419,30473,30289,29652,29322,29794,30432,30001,29537,28625,29311,29506,28760,29380,27687,26227,25327,24772,22604,20430,20319,18671,16081,14486,13022,11242,8301,6950,4959,3724,2391,1797,1653,1222,883,0
2042,9936,10046,10230,10480,10699,10918,11174,11525,11963,12314,12661,13025,13372,13746,14067,14396,14592,14724,14862,15043,15284,15493,15726,13606,15086,15951,16784,17253,17477,18048,19809,16840,14799,16568,16809,16812,17237,17009,18626,19426,20433,22520,25149,23201,23181,26859,26745,26789,26984,27681,27203,27059,27937,26245,26686,24457,24248,26746,28144,29003,30536,31361,30452,31202,29984,28973,29731,25529,25423,24764,23792,24232,24005,23142,22292,21078,20703,20653,19899,19532,18233,16910,15880,14894,13205,11609,11342,10106,8348,7288,6300,5368,3781,3072,2112,1531,941,686,606,425,0,9286,9388,9560,9795,9998,10204,10442,10760,11171,11497,11821,12151,12473,12812,13114,13409,13592,13706,13836,14009,14238,14422,14642,12947,14161,14982,15701,16037,16537,16735,18705,15851,13560,15418,15361,15554,15800,16084,16895,17724,18997,21025,23319,21968,22047,25293,25696,25771,25791,26264,26009,25619,27070,25725,26774,25315,25550,28469,30279,31920,34190,35134,34337,35490,34409,33743,34233,30290,30088,29428,29074,29510,30103,29640,29131,28179,28796,28921,28123,28647,26895,25381,24413,23759,21568,19370,19135,17471,14924,13319,11848,10108,7364,6072,4257,3134,1967,1440,1286,918,0
2043,9823,9934,10045,10229,10479,10698,10917,11173,11524,11962,12313,12660,13024,13371,13744,14065,14393,14588,14720,14857,15038,15279,15487,15720,13601,15080,15945,16777,17245,17468,18038,19796,16827,14786,16552,16790,16791,17213,16982,18592,19386,20385,22461,25076,23126,23099,26756,26633,26669,26854,27541,27058,26909,27774,26083,26513,24290,24073,26545,27923,28763,30275,31073,30156,30874,29643,28616,29331,25153,25010,24317,23316,23697,23418,22516,21624,20378,19939,19817,19018,18581,17258,15924,14871,13866,12194,10632,10300,9092,7430,6416,5482,4615,3212,2566,1731,1228,737,523,448,0,9181,9284,9387,9559,9794,9997,10203,10441,10759,11170,11496,11820,12150,12472,12811,13113,13408,13590,13704,13834,14007,14236,14420,14639,12945,14158,14979,15697,16033,16532,16730,18698,15845,13554,15411,15353,15546,15791,16074,16884,17711,18982,21007,23297,21945,22023,25262,25662,25733,25750,26219,25961,25569,27014,25668,26711,25252,25483,28390,30189,31819,34072,35004,34199,35336,34243,33561,34027,30089,29861,29179,28797,29191,29741,29233,28677,27684,28225,28280,27421,27828,26028,24465,23414,22670,20449,18242,17905,16214,13722,12119,10653,8967,6433,5213,3583,2579,1577,1120,966,0
2044,9700,9821,9933,10044,10228,10478,10697,10916,11172,11523,11961,12312,12659,13023,13369,13742,14062,14390,14584,14715,14852,15033,15273,15481,15714,13596,15074,15938,16769,17236,17458,18026,19781,16813,14772,16534,16769,16767,17185,16951,18553,19341,20332,22396,24995,23044,23010,26644,26514,26541,26719,27394,26908,26752,27602,25914,26332,24115,23892,26336,27692,28517,29997,30771,29839,30523,29278,28231,28899,24744,24559,23831,22801,23117,22784,21841,20906,19626,19132,18940,18092,17587,16252,14913,13845,12805,11168,9655,9267,8093,6541,5583,4713,3921,2683,2103,1389,962,562,387,0,9066,9179,9283,9386,9558,9793,9996,10202,10440,10758,11169,11495,11819,12149,12471,12810,13112,13406,13588,13702,13832,14005,14234,14417,14636,12942,14155,14975,15693,16028,16527,16724,18691,15838,13548,15403,15345,15537,15781,16063,16872,17697,18966,20987,23273,21921,21996,25228,25625,25692,25706,26171,25911,25516,26955,25608,26645,25185,25412,28305,30093,31710,33946,34864,34050,35165,34058,33359,33801,29862,29608,28901,28486,28840,29332,28778,28173,27135,27600,27574,26637,26931,25089,23464,22341,21493,19258,17069,16617,14908,12485,10896,9450,7834,5523,4388,2948,2067,1227,842,0
2045,9649,9699,9820,9932,10043,10227,10477,10696,10915,11171,11522,11960,12311,12658,13022,13367,13740,14059,14387,14580,14711,14848,15028,15268,15476,15709,13592,15069,15932,16762,17228,17448,18014,19766,16799,14758,16515,16748,16742,17156,16918,18512,19293,20276,22327,24910,22959,22917,26529,26391,26412,26582,27249,26759,26596,27433,25748,26155,23947,23719,26136,27476,28279,29732,30477,29530,30180,28919,27851,28469,24334,24106,23344,22283,22535,22148,21164,20184,18882,18337,18073,17182,16622,15279,13941,12848,11789,10198,8736,8297,7167,5726,4829,4036,3302,2218,1703,1099,742,421,0,9018,9065,9178,9282,9385,9557,9792,9995,10201,10439,10757,11168,11494,11818,12148,12470,12809,13111,13405,13586,13700,13830,14003,14232,14415,14633,12939,14152,14971,15689,16023,16522,16718,18684,15831,13542,15395,15337,15528,15771,16052,16860,17683,18949,20967,23249,21896,21968,25193,25587,25651,25662,26124,25862,25464,26897,25550,26581,25122,25344,28224,30001,31605,33825,34729,33904,34997,33877,33162,33575,29637,29357,28623,28179,28485,28921,28321,27667,26588,26972,26853,25850,26038,24143,22471,21274,20337,18127,15945,15390,13674,11326,9762,8348,6810,4713,3667,2405,1640,943,0
2046,9559,9648,9698,9819,9931,10042,10226,10476,10695,10914,11170,11521,11959,12310,12657,13020,13365,13737,14056,14383,14576,14707,14844,15023,15263,15471,15704,13588,15063,15925,16754,17218,17437,18000,19749,16783,14741,16494,16723,16714,17123,16881,18466,19240,20213,22251,24818,22866,22818,26406,26263,26277,26441,27098,26602,26433,27257,25575,25973,23774,23539,25932,27246,28029,29447,30162,29198,29810,28530,27436,27997,23885,23614,22814,21722,21906,21461,20433,19418,18097,17498,17164,16239,15627,14283,12937,11829,10765,9227,7822,7348,6274,4952,4135,3399,2730,1796,1348,847,555,0,8933,9017,9064,9177,9281,9384,9556,9791,9995,10200,10438,10756,11167,11493,11817,12147,12469,12808,13110,13403,13584,13698,13828,14001,14230,14412,14630,12936,14149,14967,15684,16018,16516,16711,18676,15824,13535,15387,15328,15518,15760,16040,16847,17667,18931,20945,23222,21868,21938,25155,25546,25607,25616,26074,25810,25409,26836,25489,26514,25055,25272,28137,29902,31492,33694,34580,33742,34811,33677,32940,33323,29386,29074,28315,27832,28086,28462,27812,27109,25983,26267,26059,24993,25057,23121,21398,20130,19142,16933,14768,14116,12405,10148,8623,7256,5812,3938,2991,1908,1260,0
2047,9409,9558,9647,9697,9818,9930,10041,10225,10475,10694,10913,11169,11520,11958,12309,12655,13018,13362,13734,14052,14379,14572,14703,14839,15018,15258,15466,15699,13583,15057,15917,16745,17207,17424,17985,19730,16764,14722,16470,16695,16682,17086,16839,18415,19181,20144,22168,24717,22767,22712,26278,26129,26138,26294,26939,26439,26263,27074,25397,25785,23594,23356,25715,27005,27761,29142,29823,28840,29409,28105,26981,27481,23397,23078,22240,21115,21227,20720,19658,18611,17269,16618,16222,15267,14609,13254,11910,10801,9740,8261,6927,6433,5426,4240,3483,2810,2211,1421,1039,634,0,8794,8932,9016,9063,9176,9280,9383,9555,9791,9995,10199,10437,10755,11166,11492,11816,12146,12468,12807,13108,13401,13582,13696,13826,13999,14227,14409,14627,12933,14145,14963,15679,16012,16510,16704,18667,15816,13528,15378,15318,15507,15748,16027,16832,17650,18911,20921,23193,21838,21905,25115,25503,25561,25567,26021,25755,25352,26772,25425,26443,24984,25194,28044,29795,31370,33550,34415,33562,34606,33452,32692,33041,29103,28761,27966,27442,27640,27951,27251,26492,25304,25491,25195,24051,23996,22017,20247,18947,17881,15683,13546,12806,11114,8964,7495,6192,4857,3212,2373,1466,0
2048,9292,9408,9557,9646,9696,9817,9929,10040,10224,10474,10693,10912,11168,11519,11957,12307,12653,13016,13359,13730,14048,14375,14568,14698,14834,15013,15253,15461,15693,13577,15050,15908,16734,17194,17409,17967,19708,16743,14700,16442,16663,16645,17044,16793,18358,19116,20069,22078,24610,22661,22602,26144,25991,25993,26140,26774,26269,26087,26885,25213,25590,23410,23161,25487,26747,27474,28814,29458,28452,28971,27639,26483,26920,22866,22497,21619,20460,20494,19934,18841,17760,16401,15706,15251,14272,13557,12202,10875,9773,8721,7316,6064,5564,4646,3571,2880,2276,1750,1096,778,0,8684,8793,8931,9015,9062,9175,9279,9382,9555,9791,9995,10198,10436,10754,11165,11491,11815,12145,12467,12805,13106,13399,13580,13694,13824,13996,14224,14406,14623,12930,14141,14958,15673,16006,16503,16696,18658,15808,13520,15368,15308,15496,15735,16013,16816,17632,18889,20895,23161,21805,21870,25072,25457,25512,25515,25965,25697,25291,26705,25357,26368,24907,25111,27944,29680,31236,33390,34232,33364,34374,33200,32415,32723,28790,28407,27574,27006,27143,27388,26631,25799,24556,24646,24245,23033,22850,20833,19057,17699,16561,14385,12289,11474,9818,7792,6396,5174,3962,2548,1823,0
2049,9160,9291,9407,9556,9645,9695,9816,9928,10039,10223,10473,10692,10911,11167,11518,11955,12305,12651,13013,13356,13726,14044,14371,14563,14693,14829,15008,15248,15455,15686,13570,15042,15898,16721,17179,17392,17947,19683,16718,14675,16410,16627,16604,16997,16741,18296,19045,19988,21983,24496,22551,22487,26006,25847,25841,25980,26602,26092,25905,26691,25022,25391,23214,22956,25243,26470,27165,28461,29061,28028,28491,27129,25942,26309,22291,21869,20949,19754,19717,19105,17979,16867,15501,14766,14257,13244,12481,11142,9840,8750,7723,6405,5245,4764,3913,2953,2333,1801,1349,820,0,8560,8683,8792,8930,9014,9061,9174,9278,9382,9555,9791,9995,10197,10435,10753,11164,11490,11814,12144,12466,12803,13104,13397,13578,13692,13822,13993,14221,14403,14619,12926,14136,14953,15667,15999,16495,16688,18648,15799,13512,15358,15297,15484,15721,15998,16799,17612,18865,20866,23126,21770,21833,25027,25408,25460,25460,25906,25636,25228,26633,25285,26287,24825,25021,27836,29553,31087,33212,34030,33141,34116,32919,32103,32371,28436,28009,27136,26521,26596,26765,25935,25037,23742,23717,23218,21933,21621,19609,17802,16392,15190,13050,11010,10136,8534,6650,5345,4221,3144,1958,0
2050,9094,9159,9290,9406,9555,9644,9694,9815,9927,10038,10222,10472,10691,10910,11166,11517,11953,12303,12648,13010,13352,13722,14040,14367,14558,14688,14824,15003,15242,15449,15678,13562,15032,15886,16707,17162,17373,17924,19654,16690,14647,16374,16586,16558,16944,16684,18228,18968,19902,21881,24377,22436,22368,25862,25696,25683,25813,26423,25910,25718,26489,24827,25179,23009,22736,24982,26172,26832,28078,28628,27563,27966,26575,25353,25647,21668,21191,20226,19005,18897,18231,17075,15941,14573,13804,13230,12193,11397,10082,8810,7749,6761,5540,4491,4012,3235,2392,1846,1389,1010,0,8500,8559,8682,8791,8929,9013,9060,9173,9278,9382,9555,9791,9995,10196,10434,10752,11163,11489,11813,12143,12464,12801,13102,13395,13576,13690,13819,13990,14218,14399,14615,12922,14131,14947,15660,15991,16487,16679,18637,15789,13503,15347,15285,15470,15706,15981,16780,17590,18839,20835,23089,21733,21794,24979,25357,25405,25402,25844,25572,25160,26557,25207,26200,24736,24924,27717,29412,30922,33016,33802,32892,33827,32602,31758,31973,28038,27564,26648,25986,25991,26065,25169,24207,22847,22713,22110,20753,20351,18318,16488,15035,13780,11692,9726,8811,7283,5557,4360,3349,2416,0
2051,8982,9093,9158,9289,9405,9554,9643,9693,9814,9927,10037,10221,10471,10690,10909,11165,11515,11951,12300,12645,13006,13348,13718,14036,14363,14553,14683,14819,14997,15236,15441,15669,13553,15021,15872,16691,17143,17351,17898,19621,16658,14615,16334,16540,16507,16887,16622,18154,18886,19810,21775,24252,22317,22244,25711,25539,25518,25640,26239,25723,25523,26283,24619,24956,22789,22501,24701,25851,26471,27660,28153,27055,27395,25972,24715,24931,20996,20459,19459,18215,18032,17314,16138,14987,13623,12810,12180,11134,10312,9027,7802,6784,5848,4744,3782,3317,2620,1893,1423,1040,0,8394,8499,8558,8681,8790,8928,9012,9059,9173,9278,9382,9555,9791,9994,10195,10433,10751,11162,11488,11812,12141,12462,12799,13100,13393,13574,13687,13816,13987,14214,14395,14610,12917,14125,14941,15653,15983,16478,16669,18625,15778,13493,15335,15271,15455,15690,15963,16759,17566,18811,20802,23050,21694,21752,24929,25302,25348,25341,25779,25503,25088,26475,25124,26106,24641,24817,27585,29256,30740,32795,33548,32613,33501,32251,31367,31525,27593,27069,26111,25395,25312,25295,24335,23295,21880,21629,20921,19534,19011,16965,15123,13640,12346,10328,8454,7519,6086,4533,3459,2573,0
2052,8816,8981,9092,9157,9288,9404,9553,9642,9692,9814,9927,10036,10220,10470,10689,10908,11163,11513,11948,12297,12641,13002,13344,13714,14032,14359,14548,14678,14814,14991,15229,15432,15659,13543,15008,15856,16672,17121,17325,17868,19583,16622,14579,16289,16489,16451,16824,16555,18076,18798,19714,21664,24124,22193,22114,25554,25375,25347,25461,26049,25528,25324,26063,24401,24717,22553,22248,24398,25503,26077,27201,27634,26503,26773,25319,24025,24158,20271,19683,18650,17382,17125,16364,15172,14010,12642,11794,11122,10074,9233,7994,6830,5867,5007,3996,3127,2687,2073,1459,1065,0,8240,8393,8498,8557,8680,8789,8927,9011,9059,9173,9278,9382,9555,9790,9993,10194,10432,10750,11161,11487,11810,12139,12460,12797,13098,13391,13571,13684,13813,13983,14210,14390,14605,12912,14119,14934,15645,15975,16468,16659,18612,15766,13482,15321,15256,15439,15672,15943,16736,17540,18781,20767,23009,21653,21708,24875,25245,25287,25277,25710,25430,25011,26388,25034,26005,24536,24698,27438,29083,30534,32548,33264,32299,33141,31854,30928,31025,27097,26523,25517,24731,24564,24456,23418,22309,20835,20466,19692,18247,17607,15561,13720,12221,10906,8978,7215,6283,4965,3597,2658,0
2053,8693,8815,8980,9091,9156,9287,9403,9552,9641,9692,9814,9926,10035,10219,10469,10688,10906,11161,11510,11945,12294,12637,12998,13340,13710,14028,14354,14543,14673,14808,14984,15220,15422,15647,13531,14993,15838,16651,17096,17296,17834,19540,16581,14539,16239,16433,16390,16756,16483,17992,18707,19613,21549,23990,22063,21979,25390,25204,25170,25277,25852,25329,25112,25832,24167,24461,22300,21975,24070,25123,25645,26699,27070,25901,26099,24612,23280,23324,19502,18865,17797,16508,16185,15384,14183,13001,11639,10769,10064,9020,8177,6998,5907,5024,4217,3304,2533,2126,1598,1092,0,8125,8239,8392,8497,8556,8679,8788,8926,9011,9059,9173,9278,9382,9554,9789,9992,10193,10431,10749,11160,11486,11808,12137,12458,12795,13096,13388,13568,13681,13809,13979,14205,14385,14599,12906,14112,14927,15637,15966,16458,16648,18598,15753,13470,15306,15240,15421,15652,15921,16711,17512,18749,20730,22965,21609,21661,24819,25185,25224,25209,25637,25352,24928,26294,24937,25894,24419,24567,27276,28888,30304,32272,32944,31951,32733,31408,30437,30467,26551,25920,24850,24000,23750,23534,22426,21244,19714,19264,18395,16900,16149,14117,12293,10796,9480,7662,6029,5125,3939,2764,0
2054,8590,8692,8814,8979,9090,9155,9286,9402,9551,9641,9692,9813,9925,10034,10218,10468,10686,10904,11158,11507,11942,12290,12633,12994,13336,13706,14023,14349,14538,14667,14801,14976,15210,15410,15634,13518,14976,15818,16627,17067,17263,17795,19492,16535,14494,16184,16372,16323,16684,16407,17905,18611,19509,21429,23850,21928,21838,25219,25028,24988,25085,25651,25117,24890,25585,23917,24186,22027,21679,23712,24706,25172,26154,26456,25249,25370,23849,22476,22439,18691,18002,16902,15602,15216,14381,13162,11969,10628,9744,9011,7988,7159,6053,5058,4231,3487,2676,2005,1639,1196,0,8028,8124,8238,8391,8496,8555,8678,8787,8926,9011,9059,9173,9278,9381,9553,9788,9991,10192,10430,10748,11159,11484,11806,12135,12456,12793,13093,13385,13565,13677,13805,13975,14200,14379,14593,12900,14105,14919,15628,15956,16447,16636,18583,15739,13457,15290,15222,15402,15631,15897,16684,17482,18715,20690,22919,21563,21612,24760,25122,25156,25137,25558,25268,24839,26193,24830,25770,24289,24422,27094,28671,30047,31961,32590,31558,32274,30910,29890,29853,25947,25242,24116,23204,22855,22538,21355,20101,18556,17995,17037,15501,14650,12648,10859,9384,8090,6403,4918,4066,3027,0
2055,8458,8589,8691,8813,8979,9090,9155,9286,9402,9551,9641,9692,9812,9924,10033,10217,10467,10684,10902,11156,11504,11939,12287,12630,12991,13333,13702,14019,14345,14533,14661,14794,14968,15200,15398,15620,13504,14958,15797,16601,17036,17228,17754,19441,16486,14447,16126,16308,16255,16609,16330,17817,18517,19406,21310,23712,21796,21701,25056,24861,24814,24906,25455,24914,24672,25343,23671,23915,21755,21382,23350,24285,24695,25602,25836,24591,24635,23077,21675,21561,17886,17149,16027,14720,14278,13394,12165,10974,9658,8763,8017,7025,6220,5214,4287,3522,2845,2134,1559,1238,0,7904,8027,8123,8238,8391,8496,8555,8678,8787,8926,9011,9059,9173,9278,9381,9552,9787,9990,10191,10429,10747,11158,11483,11804,12133,12454,12791,13090,13382,13562,13673,13801,13970,14195,14373,14587,12894,14098,14911,15619,15946,16436,16624,18568,15725,13444,15273,15204,15382,15609,15873,16657,17453,18682,20652,22874,21519,21565,24704,25061,25092,25068,25483,25188,24754,26093,24724,25648,24162,24277,26913,28455,29789,31653,32230,31159,31810,30405,29341,29232,25326,24557,23380,22397,21960,21532,20277,19002,17418,16756,15720,14156,13223,11265,9526,8091,6839,5291,3959,3176,0
2056,8316,8457,8588,8690,8813,8979,9090,9155,9286,9402,9551,9641,9691,9811,9923,10032,10216,10465,10682,10900,11153,11501,11936,12284,12627,12988,13329,13698,14015,14340,14527,14654,14786,14958,15188,15384,15604,13488,14938,15772,16571,17001,17188,17707,19384,16432,14395,16063,16240,16182,16531,16250,17727,18419,19298,21187,23569,21659,21561,24889,24688,24637,24716,25249,24696,24439,25083,23406,23620,21457,21055,22952,23825,24174,25002,25162,23878,23838,22255,20827,20633,17039,16262,15121,13813,13299,12380,11154,9972,8686,7796,7051,6103,5358,4419,3569,2873,2269,1659,1178,0,7772,7903,8026,8123,8238,8391,8496,8555,8678,8787,8926,9011,9059,9173,9278,9380,9551,9786,9989,10190,10428,10746,11157,11481,11802,12131,12452,12788,13087,13379,13558,13669,13796,13965,14189,14367,14580,12888,14091,14902,15609,15935,16424,16610,18551,15710,13429,15255,15184,15360,15586,15848,16629,17422,18647,20611,22827,21472,21516,24644,24997,25023,24994,25402,25101,24660,25982,24607,25514,24018,24115,26710,28210,29502,31303,31823,30711,31291,29846,28731,28532,24639,23808,22567,21519,20979,20445,19169,17836,16218,15461,14356,12777,11777,9882,8213,6839,5651,4260,3093,0
2057,8166,8315,8456,8587,8690,8813,8979,9090,9155,9286,9402,9551,9640,9690,9810,9922,10031,10214,10463,10680,10897,11150,11498,11933,12281,12624,12984,13325,13694,14010,14334,14520,14646,14776,14947,15175,15368,15586,13470,14915,15744,16537,16961,17143,17655,19321,16373,14338,15996,16167,16106,16450,16168,17633,18317,19187,21059,23421,21519,21417,24716,24512,24449,24516,25028,24463,24188,24802,23117,23297,21129,20696,22518,23322,23607,24350,24433,23105,22989,21385,19930,19656,16157,15343,14189,12865,12292,11351,10136,8968,7727,6857,6126,5257,4541,3679,2912,2291,1764,1253,0,7632,7771,7902,8026,8123,8238,8391,8496,8555,8678,8787,8926,9011,9059,9173,9277,9379,9550,9785,9988,10189,10427,10745,11155,11479,11800,12129,12450,12785,13084,13375,13554,13664,13791,13959,14183,14360,14573,12881,14083,14893,15598,15923,16410,16595,18533,15693,13413,15235,15163,15337,15561,15822,16600,17390,18610,20569,22777,21423,21464,24581,24928,24949,24915,25315,25006,24555,25859,24478,25362,23857,23933,26480,27938,29176,30907,31366,30209,30716,29226,28043,27758,23887,22980,21683,20558,19920,19327,17993,16608,14964,14119,12957,11380,10331,8520,6943,5651,4550,3328,0
2058,8037,8165,8314,8455,8587,8690,8813,8979,9090,9155,9286,9402,9550,9639,9689,9809,9921,10029,10212,10461,10677,10894,11147,11495,11930,12278,12621,12980,13321,13689,14004,14327,14512,14636,14765,14934,15160,15350,15565,13449,14888,15712,16498,16917,17092,17597,19252,16309,14278,15924,16092,16027,16367,16083,17535,18211,19071,20927,23269,21375,21268,24540,24325,24251,24302,24791,24212,23917,24496,22801,22941,20769,20304,22043,22775,22992,23644,23642,22282,22090,20464,18986,18639,15244,14397,13216,11891,11270,10315,9116,7978,6796,5957,5277,4456,3780,3002,2323,1781,1333,0,7512,7631,7770,7902,8026,8123,8238,8391,8496,8555,8678,8787,8926,9011,9059,9172,9276,9378,9549,9784,9987,10188,10426,10743,11153,11477,11798,12127,12447,12782,13080,13371,13550,13659,13785,13953,14176,14353,14565,12874,14074,14883,15586,15910,16395,16579,18513,15674,13396,15214,15140,15313,15535,15794,16569,17356,18572,20524,22725,21371,21409,24513,24854,24870,24829,25219,24900,24439,25723,24333,25192,23677,23727,26225,27629,28807,30463,30854,29654,30077,28526,27282,26911,23056,22080,20715,19521,18831,18141,16754,15324,13665,12744,11540,9983,8907,7202,5737,4550,3554,0
2059,7924,8036,8164,8314,8455,8587,8690,8813,8979,9090,9155,9286,9401,9549,9638,9688,9808,9919,10027,10210,10458,10674,10891,11144,11492,11927,12275,12617,12976,13316,13683,13997,14319,14502,14625,14752,14919,15142,15329,15541,13425,14857,15675,16455,16867,17036,17534,19176,16241,14214,15850,16013,15946,16281,15994,17434,18101,18951,20792,23114,21226,21116,24353,24128,24039,24072,24536,23941,23622,24161,22453,22550,20376,19876,21526,22181,22325,22879,22800,21411,21139,19495,18003,17586,14305,13409,12215,10903,10241,9277,8110,7017,5904,5131,4473,3710,3084,2394,1806,1345,0,7405,7511,7630,7770,7902,8026,8123,8238,8391,8496,8555,8678,8787,8926,9011,9058,9171,9275,9377,9548,9783,9986,10187,10425,10741,11151,11475,11796,12124,12444,12779,13076,13367,13545,13654,13779,13947,14169,14345,14557,12866,14064,14872,15573,15896,16379,16561,18491,15654,13377,15191,15116,15287,15508,15765,16536,17320,18532,20477,22670,21316,21350,24441,24775,24784,24735,25112,24782,24311,25570,24170,25002,23473,23499,25935,27280,28393,29966,30287,29037,29357,27752,26450,25975,22153,21094,19670,18454,17676,16892,15459,13994,12334,11350,10123,8607,7529,5951,4619,3554,0
2060,7764,7923,8035,8164,8314,8455,8587,8690,8813,8979,9090,9155,9285,9400,9548,9637,9687,9806,9917,10025,10208,10455,10671,10888,11141,11489,11924,12272,12613,12971,13311,13676,13989,14310,14491,14612,14737,14902,15122,15305,15513,13397,14822,15634,16406,16812,16975,17465,19096,16168,14148,15772,15932,15862,16191,15902,17329,17988,18828,20653,22953,21075,20955,24156,23917,23812,23825,24261,23646,23299,23792,22070,22123,19946,19410,20965,21538,21603,22064,21908,20489,20138,18486,16985,16502,13324,12393,11200,9908,9210,8253,7133,6096,5085,4349,3724,3027,2460,1861,1364,0,7257,7404,7510,7630,7770,7902,8026,8123,8238,8391,8496,8555,8678,8787,8926,9010,9057,9170,9274,9376,9547,9782,9985,10186,10423,10739,11149,11473,11794,12121,12441,12775,13072,13362,13540,13648,13773,13940,14161,14337,14548,12857,14053,14860,15559,15880,16361,16541,18467,15632,13357,15167,15091,15260,15479,15734,16502,17282,18490,20428,22612,21257,21287,24363,24690,24690,24630,24993,24652,24167,25399,23988,24787,23247,23239,25607,26888,27929,29415,29657,28342,28561,26905,25530,24957,21164,20030,18595,17322,16459,15586,14117,12631,10985,9957,8728,7276,6222,4791,3608,0
2061,7602,7763,7922,8035,8164,8314,8455,8587,8690,8813,8979,9090,9154,9284,9399,9547,9636,9685,9804,9915,10023,10205,10452,10668,10885,11138,11486,11921,12268,12609,12966,13305,13668,13980,14299,14478,14597,14720,14882,15098,15277,15481,13366,14783,15588,16353,16752,16908,17392,19010,16092,14079,15692,15848,15774,16098,15806,17220,17872,18702,20509,22789,20914,20785,23945,23691,23567,23558,23962,23323,22943,23386,21652,21656,19478,18904,20357,20841,20834,21201,20965,19518,19096,17441,15938,15370,12315,11363,10178,8911,8194,7258,6197,5251,4310,3620,3038,2414,1913,1406,0,7104,7256,7403,7510,7630,7770,7902,8026,8123,8238,8391,8496,8555,8678,8787,8925,9009,9056,9169,9273,9375,9546,9781,9984,10184,10421,10737,11147,11471,11791,12118,12437,12771,13067,13357,13534,13642,13766,13933,14153,14328,14538,12847,14041,14847,15544,15863,16342,16520,18441,15609,13336,15142,15064,15232,15449,15702,16466,17243,18445,20376,22550,21194,21219,24279,24596,24585,24514,24862,24506,24005,25207,23782,24548,22990,22945,25239,26449,27416,28803,28947,27573,27690,25970,24530,23843,20096,18935,17454,16129,15187,14233,12742,11250,9636,8585,7378,6013,5009,3743,0
2062,7437,7601,7762,7922,8035,8164,8314,8455,8587,8690,8813,8979,9089,9153,9283,9398,9546,9634,9683,9802,9913,10020,10202,10449,10665,10882,11135,11483,11917,12264,12604,12960,13298,13659,13969,14286,14463,14580,14700,14859,15071,15246,15445,13331,14739,15537,16294,16686,16837,17314,18921,16013,14008,15609,15760,15683,16001,15707,17109,17753,18572,20363,22615,20745,20603,23719,23448,23303,23268,23634,22967,22552,22943,21195,21148,18970,18356,19698,20099,20019,20288,19972,18508,18017,16366,14845,14206,11291,10326,9154,7928,7207,6306,5338,4451,3588,2953,2423,1877,1445,0,6951,7103,7255,7403,7510,7630,7770,7902,8026,8123,8238,8391,8496,8555,8678,8786,8924,9008,9055,9168,9272,9374,9545,9780,9983,10182,10419,10735,11145,11468,11788,12114,12433,12766,13062,13351,13528,13635,13759,13925,14144,14318,14527,12836,14028,14832,15527,15844,16321,16497,18414,15584,13314,15115,15036,15202,15417,15668,16429,17201,18398,20320,22483,21127,21146,24187,24491,24469,24386,24714,24342,23824,24990,23553,24276,22699,22615,24827,25963,26846,28113,28162,26732,26727,24952,23435,22640,18998,17773,16252,14882,13869,12846,11349,9869,8308,7257,6097,4841,3913,0
2063,7279,7436,7600,7762,7922,8035,8164,8314,8455,8587,8690,8813,8978,9088,9152,9282,9397,9544,9632,9681,9800,9911,10017,10199,10446,10662,10879,11132,11479,11913,12259,12598,12953,13289,13649,13957,14272,14446,14560,14677,14832,15040,15210,15405,13292,14691,15481,16230,16616,16762,17233,18828,15932,13934,15522,15669,15588,15901,15605,16995,17630,18440,20207,22432,20564,20408,23475,23185,23016,22950,23273,22575,22125,22459,20698,20597,18420,17762,18996,19313,19157,19327,18938,17462,16907,15243,13721,13025,10260,9287,8144,6973,6262,5432,4524,3705,2927,2355,1884,1418,0,6803,6950,7103,7255,7403,7510,7630,7770,7902,8026,8123,8238,8391,8496,8555,8677,8785,8923,9007,9054,9167,9271,9373,9544,9779,9981,10180,10417,10733,11142,11465,11784,12110,12429,12761,13056,13345,13521,13628,13751,13916,14134,14307,14515,12824,14014,14816,15509,15824,16298,16472,18385,15558,13290,15087,15006,15171,15384,15632,16389,17157,18347,20260,22412,21054,21066,24084,24375,24341,24241,24549,24158,23619,24749,23293,23969,22373,22246,24371,25423,26203,27351,27303,25803,25680,23838,22252,21402,17832,16549,14996,13590,12518,11441,9956,8509,7023,5997,4909,3782,0
2064,7125,7278,7435,7600,7762,7922,8035,8164,8314,8455,8587,8690,8812,8977,9087,9151,9281,9395,9542,9630,9679,9798,9909,10014,10196,10443,10659,10876,11129,11475,11908,12253,12591,12944,13279,13637,13943,14255,14426,14537,14651,14802,15005,15170,15360,13249,14638,15420,16162,16542,16684,17149,18733,15848,13857,15432,15575,15490,15798,15501,16877,17504,18299,20044,22236,20370,20198,23212,22899,22701,22599,22876,22148,21658,21933,20158,20000,17824,17129,18253,18481,18250,18327,17868,16386,15747,14088,12581,11836,9227,8262,7163,6058,5394,4604,3766,3023,2335,1831,1423,0,6659,6802,6950,7103,7255,7403,7510,7630,7770,7902,8026,8123,8238,8391,8496,8554,8676,8784,8922,9006,9053,9166,9270,9372,9543,9777,9979,10178,10415,10730,11139,11462,11780,12106,12424,12756,13050,13338,13514,13620,13742,13906,14123,14295,14502,12811,13999,14799,15489,15802,16274,16446,18354,15530,13265,15057,14975,15138,15349,15594,16347,17110,18293,20196,22335,20974,20976,23970,24247,24196,24079,24364,23950,23392,24475,22999,23625,22008,21837,23864,24814,25492,26517,26354,24792,24533,22635,21036,20089,16604,15270,13694,12266,11149,10037,8584,7193,5804,4828,3835,0
2065,6961,7124,7278,7435,7600,7762,7922,8035,8164,8314,8455,8587,8690,8811,8976,9086,9150,9280,9393,9540,9628,9677,9796,9907,10012,10194,10441,10656,10873,11126,11471,11903,12247,12583,12935,13268,13624,13928,14237,14405,14512,14622,14769,14967,15127,15311,13203,14582,15357,16091,16467,16605,17065,18637,15763,13780,15343,15482,15395,15698,15399,16764,17378,18160,19880,22039,20174,19986,22943,22604,22373,22234,22465,21704,21175,21388,19600,19382,17216,16487,17500,17642,17344,17332,16809,15304,14597,12957,11470,10680,8237,7292,6245,5241,4594,3852,3089,2425,1827,1393,0,6506,6658,6802,6950,7103,7255,7403,7510,7630,7770,7902,8026,8123,8238,8391,8495,8553,8675,8783,8921,9005,9052,9165,9269,9371,9542,9775,9977,10176,10413,10727,11136,11458,11776,12101,12419,12751,13044,13331,13507,13612,13733,13896,14112,14283,14488,12798,13983,14781,15468,15780,16249,16420,18323,15503,13240,15028,14945,15106,15315,15557,16305,17063,18239,20132,22257,20892,20885,23855,24115,24047,23912,24171,23737,23152,24188,22691,23265,21630,21412,23328,24181,24760,25647,25378,23743,23357,21467,19817,18781,15389,14014,12429,10992,9848,8721,7319,6002,4724,3819,0
