year,age_range,male,female,total
2019,0-4,1542,1479,3021
2019,5-9,1556,1474,3030
2019,10-14,1492,1416,2908
2019,15-19,1840,1802,3642
2019,20-24,2129,1981,4110
2019,25-29,2221,2118,4339
2019,30-34,2241,2241,4482
2019,35-39,2889,2812,5701
2019,40-44,2585,2585,5170
2019,45-49,2085,2014,4099
2019,50-54,1967,1893,3860
2019,55-59,1948,1955,3903
2019,60-64,1793,1932,3725
2019,65-69,1399,1476,2875
2019,70-74,772,805,1577
2019,75-79,513,617,1130
2019,80-84,337,434,771
2019,85-89,157,213,370
2019,90-94,54,105,159
2019,95-99,11,17,28
2019,100+,2,5,7
2020,0-4,1455,1389,2844
2020,5-9,1606,1580,3186
2020,10-14,1439,1340,2779
2020,15-19,1769,1703,3472
2020,20-24,2087,1946,4033
2020,25-29,2226,2108,4334
2020,30-34,2165,2158,4323
2020,35-39,2794,2758,5552
2020,40-44,2712,2690,5402
2020,45-49,2108,2075,4183
2020,50-54,2014,1872,3886
2020,55-59,1977,1997,3974
2020,60-64,1762,1904,3666
2020,65-69,1503,1596,3099
2020,70-74,864,916,1780
2020,75-79,490,609,1099
2020,80-84,353,457,810
2020,85-89,177,243,420
2020,90-94,55,106,161
2020,95-99,11,20,31
2020,100+,0,0,0
2021,0-4,1356,1279,2635
2021,5-9,1664,1609,3273
2021,10-14,1407,1347,2754
2021,15-19,1697,1624,3321
2021,20-24,2011,1894,3905
2021,25-29,2233,2125,4358
2021,30-34,2212,2120,4332
2021,35-39,2606,2573,5179
2021,40-44,2797,2788,5585
2021,45-49,2206,2209,4415
2021,50-54,1995,1892,3887
2021,55-59,1936,1964,3900
2021,60-64,1807,1925,3732
2021,65-69,1539,1653,3192
2021,70-74,987,1063,2050
2021,75-79,518,618,1136
2021,80-84,355,465,820
2021,85-89,186,258,444
2021,90-94,63,110,173
2021,95-99,14,26,40
2021,100+,0,0,0
2022,0-4,1250,1186,2436
2022,5-9,1645,1588,3233
2022,10-14,1459,1375,2834
2022,15-19,1629,1547,3176
2022,20-24,1949,1850,3799
2022,25-29,2174,2097,4271
2022,30-34,2269,2153,4422
2022,35-39,2468,2421,4889
2022,40-44,2840,2831,5671
2022,45-49,2318,2326,4644
2022,50-54,1997,1897,3894
2022,55-59,1895,1928,3823
2022,60-64,1850,1950,3800
2022,65-69,1584,1732,3316
2022,70-74,1071,1154,2225
2022,75-79,551,671,1222
2022,80-84,370,480,850
2022,85-89,192,274,466
2022,90-94,69,115,184
2022,95-99,17,31,48
2022,100+,0,0,0
2023,0-4,1186,1099,2285
2023,5-9,1623,1574,3197
2023,10-14,1492,1419,2911
2023,15-19,1566,1470,3036
2023,20-24,1918,1828,3746
2023,25-29,2108,2046,4154
2023,30-34,2267,2126,4393
2023,35-39,2326,2325,4651
2023,40-44,2848,2837,5685
2023,45-49,2447,2443,4890
2023,50-54,1993,1924,3917
2023,55-59,1912,1897,3809
2023,60-64,1835,1952,3787
2023,65-69,1630,1802,3432
2023,70-74,1191,1283,2474
2023,75-79,562,697,1259
2023,80-84,396,493,889
2023,85-89,199,294,493
2023,90-94,75,115,190
2023,95-99,19,33,52
2023,100+,0,0,0
2024,0-4,1147,1068,2215
2024,5-9,1542,1479,3021
2024,10-14,1556,1474,3030
2024,15-19,1492,1416,2908
2024,20-24,1840,1802,3642
2024,25-29,2129,1981,4110
2024,30-34,2217,2118,4335
2024,35-39,2219,2241,4460
2024,40-44,2854,2801,5655
2024,45-49,2536,2560,5096
2024,50-54,2031,1989,4020
2024,55-59,1895,1867,3762
2024,60-64,1852,1914,3766
2024,65-69,1668,1870,3538
2024,70-74,1253,1394,2647
2024,75-79,648,730,1378
2024,80-84,383,515,898
2024,85-89,213,316,529
2024,90-94,79,120,199
2024,95-99,20,40,60
2024,100+,0,0,0
2025,0-4,1110,1034,2144
2025,5-9,1455,1389,2844
2025,10-14,1606,1580,3186
2025,15-19,1439,1340,2779
2025,20-24,1769,1703,3472
2025,25-29,2087,1946,4033
2025,30-34,2222,2108,4330
2025,35-39,2143,2158,4301
2025,40-44,2760,2749,5509
2025,45-49,2662,2665,5327
2025,50-54,2058,2050,4108
2025,55-59,1940,1847,3787
2025,60-64,1881,1956,3837
2025,65-69,1642,1843,3485
2025,70-74,1348,1508,2856
2025,75-79,726,833,1559
2025,80-84,369,509,878
2025,85-89,227,334,561
2025,90-94,89,141,230
2025,95-99,21,40,61
2025,100+,0,0,0
2026,0-4,1079,1004,2083
2026,5-9,1356,1279,2635
2026,10-14,1664,1609,3273
2026,15-19,1407,1347,2754
2026,20-24,1697,1624,3321
2026,25-29,2011,1894,3905
2026,30-34,2230,2125,4355
2026,35-39,2190,2120,4310
2026,40-44,2573,2567,5140
2026,45-49,2745,2763,5508
2026,50-54,2151,2184,4335
2026,55-59,1924,1867,3791
2026,60-64,1844,1925,3769
2026,65-69,1686,1865,3551
2026,70-74,1383,1565,2948
2026,75-79,831,967,1798
2026,80-84,394,517,911
2026,85-89,230,341,571
2026,90-94,95,151,246
2026,95-99,25,42,67
2026,100+,0,0,0
2027,0-4,1050,977,2027
2027,5-9,1250,1186,2436
2027,10-14,1645,1588,3233
2027,15-19,1459,1375,2834
2027,20-24,1629,1547,3176
2027,25-29,1949,1850,3799
2027,30-34,2173,2097,4270
2027,35-39,2246,2153,4399
2027,40-44,2437,2417,4854
2027,45-49,2787,2806,5593
2027,50-54,2258,2301,4559
2027,55-59,1928,1872,3800
2027,60-64,1807,1892,3699
2027,65-69,1728,1892,3620
2027,70-74,1427,1641,3068
2027,75-79,902,1053,1955
2027,80-84,421,566,987
2027,85-89,241,353,594
2027,90-94,98,161,259
2027,95-99,26,45,71
2027,100+,0,0,0
2028,0-4,1022,950,1972
2028,5-9,1186,1099,2285
2028,10-14,1623,1574,3197
2028,15-19,1492,1419,2911
2028,20-24,1566,1470,3036
2028,25-29,1918,1828,3746
2028,30-34,2108,2046,4154
2028,35-39,2245,2126,4371
2028,40-44,2297,2322,4619
2028,45-49,2794,2813,5607
2028,50-54,2382,2418,4800
2028,55-59,1924,1899,3823
2028,60-64,1826,1862,3688
2028,65-69,1716,1894,3610
2028,70-74,1470,1709,3179
2028,75-79,1004,1170,2174
2028,80-84,430,588,1018
2028,85-89,258,364,622
2028,90-94,103,173,276
2028,95-99,27,46,73
2028,100+,0,0,0
2029,0-4,994,924,1918
2029,5-9,1147,1068,2215
2029,10-14,1542,1479,3021
2029,15-19,1556,1474,3030
2029,20-24,1492,1416,2908
2029,25-29,1840,1802,3642
2029,30-34,2128,1981,4109
2029,35-39,2198,2118,4316
2029,40-44,2192,2239,4431
2029,45-49,2800,2778,5578
2029,50-54,2468,2535,5003
2029,55-59,1959,1964,3923
2029,60-64,1810,1834,3644
2029,65-69,1734,1859,3593
2029,70-74,1505,1775,3280
2029,75-79,1059,1272,2331
2029,80-84,496,619,1115
2029,85-89,248,383,631
2029,90-94,111,188,299
2029,95-99,28,48,76
2029,100+,0,0,0
2030,0-4,968,900,1868
2030,5-9,1110,1034,2144
2030,10-14,1455,1389,2844
2030,15-19,1606,1580,3186
2030,20-24,1439,1340,2779
2030,25-29,1769,1703,3472
2030,30-34,2086,1946,4032
2030,35-39,2204,2108,4312
2030,40-44,2118,2157,4275
2030,45-49,2708,2727,5435
2030,50-54,2590,2640,5230
2030,55-59,1983,2025,4008
2030,60-64,1853,1815,3668
2030,65-69,1760,1899,3659
2030,70-74,1480,1752,3232
2030,75-79,1139,1377,2516
2030,80-84,554,706,1260
2030,85-89,238,377,615
2030,90-94,117,200,317
2030,95-99,32,57,89
2030,100+,0,0,0
2031,0-4,940,875,1815
2031,5-9,1079,1004,2083
2031,10-14,1356,1279,2635
2031,15-19,1664,1609,3273
2031,20-24,1407,1347,2754
2031,25-29,1697,1624,3321
2031,30-34,2010,1894,3904
2031,35-39,2212,2125,4337
2031,40-44,2165,2120,4285
2031,45-49,2526,2546,5072
2031,50-54,2672,2738,5410
2031,55-59,2076,2159,4235
2031,60-64,1837,1835,3672
2031,65-69,1724,1867,3591
2031,70-74,1521,1771,3292
2031,75-79,1167,1427,2594
2031,80-84,636,822,1458
2031,85-89,254,382,636
2031,90-94,118,203,321
2031,95-99,34,61,95
2031,100+,0,0,0
2032,0-4,911,848,1759
2032,5-9,1050,977,2027
2032,10-14,1250,1186,2436
2032,15-19,1645,1588,3233
2032,20-24,1459,1375,2834
2032,25-29,1629,1547,3176
2032,30-34,1949,1850,3799
2032,35-39,2155,2097,4252
2032,40-44,2221,2153,4374
2032,45-49,2392,2398,4790
2032,50-54,2713,2781,5494
2032,55-59,2182,2276,4458
2032,60-64,1840,1840,3680
2032,65-69,1691,1835,3526
2032,70-74,1558,1796,3354
2032,75-79,1203,1497,2700
2032,80-84,689,896,1585
2032,85-89,273,420,693
2032,90-94,123,209,332
2032,95-99,36,64,100
2032,100+,0,0,0
2033,0-4,884,823,1707
2033,5-9,1022,950,1972
2033,10-14,1186,1099,2285
2033,15-19,1623,1574,3197
2033,20-24,1492,1419,2911
2033,25-29,1566,1470,3036
2033,30-34,1918,1828,3746
2033,35-39,2091,2046,4137
2033,40-44,2219,2126,4345
2033,45-49,2255,2305,4560
2033,50-54,2721,2788,5509
2033,55-59,2300,2392,4692
2033,60-64,1837,1866,3703
2033,65-69,1708,1807,3515
2033,70-74,1547,1799,3346
2033,75-79,1241,1558,2799
2033,80-84,765,995,1760
2033,85-89,280,437,717
2033,90-94,133,213,346
2033,95-99,38,70,108
2033,100+,0,0,0
2034,0-4,859,800,1659
2034,5-9,994,924,1918
2034,10-14,1147,1068,2215
2034,15-19,1542,1479,3021
2034,20-24,1556,1474,3030
2034,25-29,1492,1416,2908
2034,30-34,1840,1802,3642
2034,35-39,2112,1981,4093
2034,40-44,2173,2118,4291
2034,45-49,2151,2223,4374
2034,50-54,2726,2753,5479
2034,55-59,2382,2506,4888
2034,60-64,1870,1928,3798
2034,65-69,1693,1780,3473
2034,70-74,1564,1765,3329
2034,75-79,1269,1618,2887
2034,80-84,806,1078,1884
2034,85-89,324,462,786
2034,90-94,127,226,353
2034,95-99,41,76,117
2034,100+,0,0,0
2035,0-4,834,777,1611
2035,5-9,968,900,1868
2035,10-14,1110,1034,2144
2035,15-19,1455,1389,2844
2035,20-24,1606,1580,3186
2035,25-29,1439,1340,2779
2035,30-34,1769,1703,3472
2035,35-39,2072,1946,4018
2035,40-44,2179,2108,4287
2035,45-49,2078,2143,4221
2035,50-54,2638,2702,5340
2035,55-59,2501,2611,5112
2035,60-64,1895,1990,3885
2035,65-69,1738,1763,3501
2035,70-74,1588,1805,3393
2035,75-79,1253,1601,2854
2035,80-84,870,1173,2043
2035,85-89,365,533,898
2035,90-94,123,226,349
2035,95-99,43,82,125
2035,100+,0,0,0
2036,0-4,809,755,1564
2036,5-9,940,875,1815
2036,10-14,1079,1004,2083
2036,15-19,1356,1279,2635
2036,20-24,1664,1609,3273
2036,25-29,1407,1347,2754
2036,30-34,1697,1624,3321
2036,35-39,1998,1894,3892
2036,40-44,2186,2125,4311
2036,45-49,2124,2107,4231
2036,50-54,2459,2521,4980
2036,55-59,2581,2711,5292
2036,60-64,1983,2120,4103
2036,65-69,1725,1783,3508
2036,70-74,1560,1779,3339
2036,75-79,1294,1622,2916
2036,80-84,897,1222,2119
2036,85-89,423,624,1047
2036,90-94,131,231,362
2036,95-99,44,84,128
2036,100+,0,0,0
2037,0-4,786,734,1520
2037,5-9,911,848,1759
2037,10-14,1050,977,2027
2037,15-19,1250,1186,2436
2037,20-24,1645,1588,3233
2037,25-29,1459,1375,2834
2037,30-34,1629,1547,3176
2037,35-39,1939,1850,3789
2037,40-44,2130,2097,4227
2037,45-49,2179,2142,4321
2037,50-54,2329,2373,4702
2037,55-59,2623,2754,5377
2037,60-64,2084,2234,4318
2037,65-69,1729,1789,3518
2037,70-74,1534,1752,3286
2037,75-79,1330,1649,2979
2037,80-84,929,1285,2214
2037,85-89,462,685,1147
2037,90-94,144,257,401
2037,95-99,45,88,133
2037,100+,0,0,0
2038,0-4,764,715,1479
2038,5-9,884,823,1707
2038,10-14,1022,950,1972
2038,15-19,1186,1099,2285
2038,20-24,1623,1574,3197
2038,25-29,1492,1419,2911
2038,30-34,1566,1470,3036
2038,35-39,1909,1828,3737
2038,40-44,2066,2046,4112
2038,45-49,2178,2116,4294
2038,50-54,2196,2280,4476
2038,55-59,2633,2759,5392
2038,60-64,2201,2348,4549
2038,65-69,1730,1817,3547
2038,70-74,1555,1727,3282
2038,75-79,1324,1656,2980
2038,80-84,964,1341,2305
2038,85-89,515,763,1278
2038,90-94,151,269,420
2038,95-99,49,91,140
2038,100+,0,0,0
2039,0-4,745,697,1442
2039,5-9,859,800,1659
2039,10-14,994,924,1918
2039,15-19,1147,1068,2215
2039,20-24,1542,1479,3021
2039,25-29,1556,1474,3030
2039,30-34,1492,1416,2908
2039,35-39,1833,1802,3635
2039,40-44,2087,1981,4068
2039,45-49,2133,2109,4242
2039,50-54,2097,2198,4295
2039,55-59,2639,2723,5362
2039,60-64,2283,2463,4746
2039,65-69,1764,1879,3643
2039,70-74,1544,1704,3248
2039,75-79,1341,1629,2970
2039,80-84,989,1398,2387
2039,85-89,545,830,1375
2039,90-94,176,291,467
2039,95-99,46,97,143
2039,100+,0,0,0
2040,0-4,729,681,1410
2040,5-9,834,777,1611
2040,10-14,968,900,1868
2040,15-19,1110,1034,2144
2040,20-24,1455,1389,2844
2040,25-29,1606,1580,3186
2040,30-34,1439,1340,2779
2040,35-39,1764,1703,3467
2040,40-44,2047,1946,3993
2040,45-49,2139,2099,4238
2040,50-54,2028,2118,4146
2040,55-59,2552,2672,5224
2040,60-64,2398,2566,4964
2040,65-69,1787,1939,3726
2040,70-74,1585,1689,3274
2040,75-79,1360,1665,3025
2040,80-84,976,1382,2358
2040,85-89,587,903,1490
2040,90-94,198,336,534
2040,95-99,45,96,141
2040,100+,0,0,0
2041,0-4,717,669,1386
2041,5-9,809,755,1564
2041,10-14,940,875,1815
2041,15-19,1079,1004,2083
2041,20-24,1356,1279,2635
2041,25-29,1664,1609,3273
2041,30-34,1407,1347,2754
2041,35-39,1693,1624,3317
2041,40-44,1974,1894,3868
2041,45-49,2147,2115,4262
2041,50-54,2074,2083,4157
2041,55-59,2380,2494,4874
2041,60-64,2476,2663,5139
2041,65-69,1871,2068,3939
2041,70-74,1573,1709,3282
2041,75-79,1336,1641,2977
2041,80-84,1010,1400,2410
2041,85-89,604,939,1543
2041,90-94,232,395,627
2041,95-99,49,98,147
2041,100+,0,0,0
2042,0-4,706,659,1365
2042,5-9,786,734,1520
2042,10-14,911,848,1759
2042,15-19,1050,977,2027
2042,20-24,1250,1186,2436
2042,25-29,1645,1588,3233
2042,30-34,1459,1375,2834
2042,35-39,1626,1547,3173
2042,40-44,1915,1850,3765
2042,45-49,2092,2087,4179
2042,50-54,2128,2117,4245
2042,55-59,2255,2347,4602
2042,60-64,2516,2706,5222
2042,65-69,1967,2179,4146
2042,70-74,1575,1715,3290
2042,75-79,1314,1617,2931
2042,80-84,1036,1423,2459
2042,85-89,624,987,1611
2042,90-94,251,433,684
2042,95-99,54,112,166
2042,100+,0,0,0
2043,0-4,697,650,1347
2043,5-9,764,715,1479
2043,10-14,884,823,1707
2043,15-19,1022,950,1972
2043,20-24,1186,1099,2285
2043,25-29,1623,1574,3197
2043,30-34,1492,1419,2911
2043,35-39,1563,1470,3033
2043,40-44,1886,1828,3714
2043,45-49,2029,2036,4065
2043,50-54,2127,2091,4218
2043,55-59,2125,2255,4380
2043,60-64,2526,2713,5239
2043,65-69,2078,2291,4369
2043,70-74,1576,1742,3318
2043,75-79,1332,1593,2925
2043,80-84,1031,1430,2461
2043,85-89,648,1029,1677
2043,90-94,277,479,756
2043,95-99,57,117,174
2043,100+,0,0,0
2044,0-4,687,642,1329
2044,5-9,745,697,1442
2044,10-14,859,800,1659
2044,15-19,994,924,1918
2044,20-24,1147,1068,2215
2044,25-29,1542,1479,3021
2044,30-34,1556,1474,3030
2044,35-39,1490,1416,2906
2044,40-44,1811,1802,3613
2044,45-49,2051,1972,4023
2044,50-54,2081,2084,4165
2044,55-59,2029,2173,4202
2044,60-64,2530,2679,5209
2044,65-69,2155,2404,4559
2044,70-74,1607,1800,3407
2044,75-79,1324,1571,2895
2044,80-84,1045,1405,2450
2044,85-89,665,1073,1738
2044,90-94,292,517,809
2044,95-99,67,127,194
2044,100+,0,0,0
2045,0-4,680,636,1316
2045,5-9,729,681,1410
2045,10-14,834,777,1611
2045,15-19,968,900,1868
2045,20-24,1110,1034,2144
2045,25-29,1455,1389,2844
2045,30-34,1606,1580,3186
2045,35-39,1438,1340,2778
2045,40-44,1742,1703,3445
2045,45-49,2013,1939,3952
2045,50-54,2087,2074,4161
2045,55-59,1961,2093,4054
2045,60-64,2450,2631,5081
2045,65-69,2266,2507,4773
2045,70-74,1633,1859,3492
2045,75-79,1361,1560,2921
2045,80-84,1061,1442,2503
2045,85-89,660,1065,1725
2045,90-94,315,568,883
2045,95-99,76,149,225
2045,100+,0,0,0
2046,0-4,673,630,1303
2046,5-9,717,669,1386
2046,10-14,809,755,1564
2046,15-19,940,875,1815
2046,20-24,1079,1004,2083
2046,25-29,1356,1279,2635
2046,30-34,1664,1609,3273
2046,35-39,1406,1347,2753
2046,40-44,1672,1624,3296
2046,45-49,1942,1890,3832
2046,50-54,2094,2090,4184
2046,55-59,2006,2058,4064
2046,60-64,2284,2455,4739
2046,65-69,2343,2603,4946
2046,70-74,1712,1984,3696
2046,75-79,1353,1583,2936
2046,80-84,1047,1423,2470
2046,85-89,687,1084,1771
2046,90-94,328,598,926
2046,95-99,91,177,268
2046,100+,0,0,0
2047,0-4,666,623,1289
2047,5-9,706,659,1365
2047,10-14,786,734,1520
2047,15-19,911,848,1759
2047,20-24,1050,977,2027
2047,25-29,1250,1186,2436
2047,30-34,1645,1588,3233
2047,35-39,1459,1375,2834
2047,40-44,1606,1547,3153
2047,45-49,1884,1849,3733
2047,50-54,2042,2062,4104
2047,55-59,2058,2092,4150
2047,60-64,2164,2311,4475
2047,65-69,2382,2646,5028
2047,70-74,1802,2093,3895
2047,75-79,1359,1593,2952
2047,80-84,1031,1406,2437
2047,85-89,709,1109,1818
2047,90-94,340,634,974
2047,95-99,99,198,297
2047,100+,0,0,0
2048,0-4,657,615,1272
2048,5-9,697,650,1347
2048,10-14,764,715,1479
2048,15-19,884,823,1707
2048,20-24,1022,950,1972
2048,25-29,1186,1099,2285
2048,30-34,1623,1574,3197
2048,35-39,1492,1419,2911
2048,40-44,1545,1470,3015
2048,45-49,1854,1826,3680
2048,50-54,1981,2014,3995
2048,55-59,2059,2066,4125
2048,60-64,2039,2222,4261
2048,65-69,2394,2653,5047
2048,70-74,1906,2202,4108
2048,75-79,1362,1619,2981
2048,80-84,1049,1389,2438
2048,85-89,707,1118,1825
2048,90-94,357,665,1022
2048,95-99,110,219,329
2048,100+,0,0,0
2049,0-4,646,604,1250
2049,5-9,687,642,1329
2049,10-14,745,697,1442
2049,15-19,859,800,1659
2049,20-24,994,924,1918
2049,25-29,1147,1068,2215
2049,30-34,1542,1479,3021
2049,35-39,1556,1474,3030
2049,40-44,1473,1416,2889
2049,45-49,1781,1799,3580
2049,50-54,2002,1952,3954
2049,55-59,2016,2059,4075
2049,60-64,1949,2143,4092
2049,65-69,2399,2618,5017
2049,70-74,1979,2312,4291
2049,75-79,1393,1675,3068
2049,80-84,1047,1372,2419
2049,85-89,718,1102,1820
2049,90-94,367,697,1064
2049,95-99,116,239,355
2049,100+,0,0,0
2050,0-4,633,592,1225
2050,5-9,680,636,1316
2050,10-14,729,681,1410
2050,15-19,834,777,1611
2050,20-24,968,900,1868
2050,25-29,1110,1034,2144
2050,30-34,1455,1389,2844
2050,35-39,1605,1580,3185
2050,40-44,1422,1340,2762
2050,45-49,1713,1700,3413
2050,50-54,1964,1919,3883
2050,55-59,2024,2049,4073
2050,60-64,1886,2066,3952
2050,65-69,2322,2571,4893
2050,70-74,2082,2409,4491
2050,75-79,1417,1730,3147
2050,80-84,1077,1364,2441
2050,85-89,729,1130,1859
2050,90-94,363,691,1054
2050,95-99,124,263,387
2050,100+,0,0,0
2051,0-4,617,577,1194
2051,5-9,673,630,1303
2051,10-14,717,669,1386
2051,15-19,809,755,1564
2051,20-24,940,875,1815
2051,25-29,1079,1004,2083
2051,30-34,1356,1279,2635
2051,35-39,1662,1609,3271
2051,40-44,1391,1347,2738
2051,45-49,1645,1622,3267
2051,50-54,1893,1869,3762
2051,55-59,2033,2065,4098
2051,60-64,1930,2031,3961
2051,65-69,2164,2399,4563
2051,70-74,2151,2504,4655
2051,75-79,1484,1849,3333
2051,80-84,1071,1383,2454
2051,85-89,720,1112,1832
2051,90-94,379,702,1081
2051,95-99,130,276,406
2051,100+,0,0,0
2052,0-4,598,559,1157
2052,5-9,666,623,1289
2052,10-14,706,659,1365
2052,15-19,786,734,1520
2052,20-24,911,848,1759
2052,25-29,1050,977,2027
2052,30-34,1250,1186,2436
2052,35-39,1644,1588,3232
2052,40-44,1442,1375,2817
2052,45-49,1580,1546,3126
2052,50-54,1836,1827,3663
2052,55-59,1982,2037,4019
2052,60-64,1982,2065,4047
2052,65-69,2050,2259,4309
2052,70-74,2186,2545,4731
2052,75-79,1562,1949,3511
2052,80-84,1073,1394,2467
2052,85-89,711,1098,1809
2052,90-94,390,720,1110
2052,95-99,135,291,426
2052,100+,0,0,0
2053,0-4,577,539,1116
2053,5-9,657,615,1272
2053,10-14,697,650,1347
2053,15-19,764,715,1479
2053,20-24,884,823,1707
2053,25-29,1022,950,1972
2053,30-34,1186,1099,2285
2053,35-39,1622,1574,3196
2053,40-44,1474,1419,2893
2053,45-49,1519,1470,2989
2053,50-54,1808,1805,3613
2053,55-59,1921,1989,3910
2053,60-64,1983,2040,4023
2053,65-69,1932,2171,4103
2053,70-74,2198,2553,4751
2053,75-79,1652,2051,3703
2053,80-84,1076,1416,2492
2053,85-89,722,1086,1808
2053,90-94,390,725,1115
2053,95-99,141,306,447
2053,100+,0,0,0
2054,0-4,556,520,1076
2054,5-9,646,604,1250
2054,10-14,687,642,1329
2054,15-19,745,697,1442
2054,20-24,859,800,1659
2054,25-29,994,924,1918
2054,30-34,1147,1068,2215
2054,35-39,1541,1479,3020
2054,40-44,1537,1474,3011
2054,45-49,1447,1416,2863
2054,50-54,1736,1780,3516
2054,55-59,1941,1927,3868
2054,60-64,1941,2033,3974
2054,65-69,1849,2095,3944
2054,70-74,2203,2518,4721
2054,75-79,1716,2152,3868
2054,80-84,1101,1465,2566
2054,85-89,721,1071,1792
2054,90-94,396,713,1109
2054,95-99,144,320,464
2054,100+,0,0,0
2055,0-4,533,498,1031
2055,5-9,633,592,1225
2055,10-14,680,636,1316
2055,15-19,729,681,1410
2055,20-24,834,777,1611
2055,25-29,968,900,1868
2055,30-34,1110,1034,2144
2055,35-39,1454,1389,2843
2055,40-44,1586,1580,3166
2055,45-49,1397,1340,2737
2055,50-54,1669,1684,3353
2055,55-59,1906,1894,3800
2055,60-64,1949,2024,3973
2055,65-69,1792,2021,3813
2055,70-74,2135,2474,4609
2055,75-79,1810,2248,4058
2055,80-84,1126,1518,2644
2055,85-89,744,1071,1815
2055,90-94,402,735,1137
2055,95-99,143,319,462
2055,100+,0,0,0
2056,0-4,510,476,986
2056,5-9,617,577,1194
2056,10-14,673,630,1303
2056,15-19,717,669,1386
2056,20-24,809,755,1564
2056,25-29,940,875,1815
2056,30-34,1079,1004,2083
2056,35-39,1355,1279,2634
2056,40-44,1643,1609,3252
2056,45-49,1366,1347,2713
2056,50-54,1603,1609,3212
2056,55-59,1839,1844,3683
2056,60-64,1956,2040,3996
2056,65-69,1836,1989,3825
2056,70-74,1992,2310,4302
2056,75-79,1875,2341,4216
2056,80-84,1183,1628,2811
2056,85-89,742,1089,1831
2056,90-94,398,726,1124
2056,95-99,151,329,480
2056,100+,0,0,0
2057,0-4,489,457,946
2057,5-9,598,559,1157
2057,10-14,666,623,1289
2057,15-19,706,659,1365
2057,20-24,786,734,1520
2057,25-29,911,848,1759
2057,30-34,1050,977,2027
2057,35-39,1250,1186,2436
2057,40-44,1625,1588,3213
2057,45-49,1417,1375,2792
2057,50-54,1541,1537,3078
2057,55-59,1785,1802,3587
2057,60-64,1907,2012,3919
2057,65-69,1886,2024,3910
2057,70-74,1890,2178,4068
2057,75-79,1908,2382,4290
2057,80-84,1248,1719,2967
2057,85-89,745,1102,1847
2057,90-94,394,724,1118
2057,95-99,157,341,498
2057,100+,0,0,0
2058,0-4,470,439,909
2058,5-9,577,539,1116
2058,10-14,657,615,1272
2058,15-19,697,650,1347
2058,20-24,764,715,1479
2058,25-29,884,823,1707
2058,30-34,1022,950,1972
2058,35-39,1186,1099,2285
2058,40-44,1604,1574,3178
2058,45-49,1449,1419,2868
2058,50-54,1484,1464,2948
2058,55-59,1756,1780,3536
2058,60-64,1851,1964,3815
2058,65-69,1887,2000,3887
2058,70-74,1785,2096,3881
2058,75-79,1920,2389,4309
2058,80-84,1325,1811,3136
2058,85-89,751,1125,1876
2058,90-94,402,719,1121
2058,95-99,158,346,504
2058,100+,0,0,0
2059,0-4,452,421,873
2059,5-9,556,520,1076
2059,10-14,646,604,1250
2059,15-19,687,642,1329
2059,20-24,745,697,1442
2059,25-29,859,800,1659
2059,30-34,994,924,1918
2059,35-39,1147,1068,2215
2059,40-44,1525,1479,3004
2059,45-49,1512,1474,2986
2059,50-54,1416,1413,2829
2059,55-59,1686,1755,3441
2059,60-64,1873,1902,3775
2059,65-69,1847,1994,3841
2059,70-74,1711,2024,3735
2059,75-79,1924,2356,4280
2059,80-84,1377,1903,3280
2059,85-89,770,1165,1935
2059,90-94,405,710,1115
2059,95-99,161,343,504
2059,100+,0,0,0
2060,0-4,435,406,841
2060,5-9,533,498,1031
2060,10-14,633,592,1225
2060,15-19,680,636,1316
2060,20-24,729,681,1410
2060,25-29,834,777,1611
2060,30-34,968,900,1868
2060,35-39,1110,1034,2144
2060,40-44,1440,1389,2829
2060,45-49,1561,1580,3141
2060,50-54,1369,1337,2706
2060,55-59,1619,1661,3280
2060,60-64,1840,1869,3709
2060,65-69,1855,1985,3840
2060,70-74,1659,1953,3612
2060,75-79,1865,2314,4179
2060,80-84,1453,1988,3441
2060,85-89,790,1208,1998
2060,90-94,419,713,1132
2060,95-99,163,352,515
2060,100+,0,0,0
2061,0-4,421,392,813
2061,5-9,510,476,986
2061,10-14,617,577,1194
2061,15-19,673,630,1303
2061,20-24,717,669,1386
2061,25-29,809,755,1564
2061,30-34,940,875,1815
2061,35-39,1079,1004,2083
2061,40-44,1343,1279,2622
2061,45-49,1617,1609,3226
2061,50-54,1339,1345,2684
2061,55-59,1555,1587,3142
2061,60-64,1775,1819,3594
2061,65-69,1863,1999,3862
2061,70-74,1697,1921,3618
2061,75-79,1738,2164,3902
2061,80-84,1503,2071,3574
2061,85-89,830,1298,2128
2061,90-94,416,724,1140
2061,95-99,160,345,505
2061,100+,0,0,0
2062,0-4,407,379,786
2062,5-9,489,457,946
2062,10-14,598,559,1157
2062,15-19,666,623,1289
2062,20-24,706,659,1365
2062,25-29,786,734,1520
2062,30-34,911,848,1759
2062,35-39,1050,977,2027
2062,40-44,1240,1186,2426
2062,45-49,1600,1588,3188
2062,50-54,1390,1375,2765
2062,55-59,1494,1515,3009
2062,60-64,1724,1777,3501
2062,65-69,1817,1972,3789
2062,70-74,1743,1955,3698
2062,75-79,1648,2039,3687
2062,80-84,1530,2106,3636
2062,85-89,875,1372,2247
2062,90-94,418,734,1152
2062,95-99,157,345,502
2062,100+,0,0,0
2063,0-4,393,367,760
2063,5-9,470,439,909
2063,10-14,577,539,1116
2063,15-19,657,615,1272
2063,20-24,697,650,1347
2063,25-29,764,715,1479
2063,30-34,884,823,1707
2063,35-39,1022,950,1972
2063,40-44,1178,1099,2277
2063,45-49,1579,1574,3153
2063,50-54,1421,1416,2837
2063,55-59,1439,1444,2883
2063,60-64,1696,1755,3451
2063,65-69,1762,1925,3687
2063,70-74,1743,1931,3674
2063,75-79,1559,1963,3522
2063,80-84,1539,2110,3649
2063,85-89,930,1445,2375
2063,90-94,423,751,1174
2063,95-99,161,344,505
2063,100+,0,0,0
2064,0-4,380,356,736
2064,5-9,452,421,873
2064,10-14,556,520,1076
2064,15-19,646,604,1250
2064,20-24,687,642,1329
2064,25-29,745,697,1442
2064,30-34,859,800,1659
2064,35-39,994,924,1918
2064,40-44,1140,1068,2208
2064,45-49,1500,1479,2979
2064,50-54,1482,1470,2952
2064,55-59,1374,1394,2768
2064,60-64,1628,1730,3358
2064,65-69,1783,1865,3648
2064,70-74,1706,1924,3630
2064,75-79,1494,1895,3389
2064,80-84,1541,2080,3621
2064,85-89,966,1516,2482
2064,90-94,434,778,1212
2064,95-99,162,339,501
2064,100+,0,0,0
2065,0-4,369,345,714
2065,5-9,435,406,841
2065,10-14,533,498,1031
2065,15-19,633,592,1225
2065,20-24,680,636,1316
2065,25-29,729,681,1410
2065,30-34,834,777,1611
2065,35-39,968,900,1868
2065,40-44,1105,1034,2139
2065,45-49,1415,1389,2804
2065,50-54,1529,1574,3103
2065,55-59,1331,1321,2652
2065,60-64,1565,1636,3201
2065,65-69,1753,1835,3588
2065,70-74,1715,1916,3631
2065,75-79,1452,1831,3283
2065,80-84,1496,2047,3543
2065,85-89,1023,1586,2609
2065,90-94,448,813,1261
2065,95-99,169,346,515
2065,100+,0,0,0
