year,age_range,male,female,total
2019,0-4,1743,1660,3403
2019,5-9,1366,1408,2774
2019,10-14,1601,1462,3063
2019,15-19,2348,2158,4506
2019,20-24,2763,2538,5301
2019,25-29,2945,2635,5580
2019,30-34,2471,2333,4804
2019,35-39,2791,2713,5504
2019,40-44,2538,2620,5158
2019,45-49,2470,2292,4762
2019,50-54,2804,2522,5326
2019,55-59,2840,2273,5113
2019,60-64,2273,1741,4014
2019,65-69,1502,1302,2804
2019,70-74,894,811,1705
2019,75-79,740,834,1574
2019,80-84,555,722,1277
2019,85-89,284,467,751
2019,90-94,127,174,301
2019,95-99,21,38,59
2019,100+,1,2,3
2020,0-4,1702,1600,3302
2020,5-9,1461,1525,2986
2020,10-14,1485,1358,2843
2020,15-19,2152,1991,4143
2020,20-24,2748,2490,5238
2020,25-29,2907,2623,5530
2020,30-34,2578,2388,4966
2020,35-39,2708,2648,5356
2020,40-44,2629,2687,5316
2020,45-49,2438,2308,4746
2020,50-54,2660,2456,5116
2020,55-59,2897,2404,5301
2020,60-64,2332,1797,4129
2020,65-69,1686,1435,3121
2020,70-74,982,839,1821
2020,75-79,698,776,1474
2020,80-84,565,744,1309
2020,85-89,292,477,769
2020,90-94,143,192,335
2020,95-99,21,43,64
2020,100+,0,0,0
2021,0-4,1655,1579,3234
2021,5-9,1563,1567,3130
2021,10-14,1420,1322,2742
2021,15-19,1996,1839,3835
2021,20-24,2626,2401,5027
2021,25-29,2940,2680,5620
2021,30-34,2695,2448,5143
2021,35-39,2580,2522,5102
2021,40-44,2686,2737,5423
2021,45-49,2409,2368,4777
2021,50-54,2625,2416,5041
2021,55-59,2870,2396,5266
2021,60-64,2422,1929,4351
2021,65-69,1788,1492,3280
2021,70-74,1101,924,2025
2021,75-79,667,755,1422
2021,80-84,579,742,1321
2021,85-89,304,499,803
2021,90-94,151,202,353
2021,95-99,25,49,74
2021,100+,0,0,0
2022,0-4,1641,1530,3171
2022,5-9,1571,1577,3148
2022,10-14,1456,1378,2834
2022,15-19,1841,1658,3499
2022,20-24,2481,2310,4791
2022,25-29,2924,2693,5617
2022,30-34,2866,2552,5418
2022,35-39,2458,2391,4849
2022,40-44,2688,2768,5456
2022,45-49,2490,2435,4925
2022,50-54,2485,2358,4843
2022,55-59,2891,2482,5373
2022,60-64,2534,2007,4541
2022,65-69,1847,1528,3375
2022,70-74,1200,1051,2251
2022,75-79,688,737,1425
2022,80-84,564,710,1274
2022,85-89,314,522,836
2022,90-94,148,233,381
2022,95-99,36,48,84
2022,100+,0,0,0
2023,0-4,1607,1508,3115
2023,5-9,1677,1617,3294
2023,10-14,1382,1380,2762
2023,15-19,1732,1552,3284
2023,20-24,2432,2243,4675
2023,25-29,2837,2614,5451
2023,30-34,2888,2622,5510
2023,35-39,2444,2324,4768
2023,40-44,2763,2756,5519
2023,45-49,2460,2492,4952
2023,50-54,2445,2325,4770
2023,55-59,2799,2486,5285
2023,60-64,2645,2129,4774
2023,65-69,1968,1592,3560
2023,70-74,1289,1168,2457
2023,75-79,681,708,1389
2023,80-84,571,724,1295
2023,85-89,335,513,848
2023,90-94,145,244,389
2023,95-99,39,61,100
2023,100+,0,0,0
2024,0-4,1590,1480,3070
2024,5-9,1743,1660,3403
2024,10-14,1366,1408,2774
2024,15-19,1601,1462,3063
2024,20-24,2348,2158,4506
2024,25-29,2763,2538,5301
2024,30-34,2932,2635,5567
2024,35-39,2446,2333,4779
2024,40-44,2757,2704,5461
2024,45-49,2490,2595,5085
2024,50-54,2403,2267,4670
2024,55-59,2700,2487,5187
2024,60-64,2701,2224,4925
2024,65-69,2118,1684,3802
2024,70-74,1344,1229,2573
2024,75-79,749,734,1483
2024,80-84,554,693,1247
2024,85-89,353,525,878
2024,90-94,142,265,407
2024,95-99,44,65,109
2024,100+,0,0,0
2025,0-4,1628,1516,3144
2025,5-9,1702,1600,3302
2025,10-14,1461,1525,2986
2025,15-19,1485,1358,2843
2025,20-24,2152,1991,4143
2025,25-29,2748,2490,5238
2025,30-34,2896,2623,5519
2025,35-39,2553,2388,4941
2025,40-44,2675,2640,5315
2025,45-49,2578,2662,5240
2025,50-54,2373,2283,4656
2025,55-59,2563,2423,4986
2025,60-64,2757,2354,5111
2025,65-69,2175,1740,3915
2025,70-74,1513,1355,2868
2025,75-79,824,761,1585
2025,80-84,523,646,1169
2025,85-89,363,542,905
2025,90-94,148,272,420
2025,95-99,49,74,123
2025,100+,0,0,0
2026,0-4,1653,1539,3192
2026,5-9,1655,1579,3234
2026,10-14,1563,1567,3130
2026,15-19,1420,1322,2742
2026,20-24,1996,1839,3835
2026,25-29,2626,2401,5027
2026,30-34,2930,2680,5610
2026,35-39,2670,2448,5118
2026,40-44,2549,2516,5065
2026,45-49,2634,2712,5346
2026,50-54,2344,2343,4687
2026,55-59,2530,2384,4914
2026,60-64,2732,2347,5079
2026,65-69,2261,1871,4132
2026,70-74,1609,1412,3021
2026,75-79,926,840,1766
2026,80-84,502,633,1135
2026,85-89,374,543,917
2026,90-94,155,287,442
2026,95-99,52,77,129
2026,100+,0,0,0
2027,0-4,1663,1547,3210
2027,5-9,1641,1530,3171
2027,10-14,1571,1577,3148
2027,15-19,1456,1378,2834
2027,20-24,1841,1658,3499
2027,25-29,2481,2310,4791
2027,30-34,2916,2693,5609
2027,35-39,2841,2552,5393
2027,40-44,2428,2387,4815
2027,45-49,2639,2743,5382
2027,50-54,2423,2410,4833
2027,55-59,2396,2328,4724
2027,60-64,2752,2431,5183
2027,65-69,2367,1948,4315
2027,70-74,1664,1448,3112
2027,75-79,1011,957,1968
2027,80-84,520,618,1138
2027,85-89,363,522,885
2027,90-94,161,304,465
2027,95-99,51,90,141
2027,100+,0,0,0
2028,0-4,1668,1551,3219
2028,5-9,1607,1508,3115
2028,10-14,1677,1617,3294
2028,15-19,1382,1380,2762
2028,20-24,1732,1552,3284
2028,25-29,2432,2243,4675
2028,30-34,2830,2614,5444
2028,35-39,2863,2622,5485
2028,40-44,2416,2321,4737
2028,45-49,2711,2732,5443
2028,50-54,2395,2467,4862
2028,55-59,2359,2298,4657
2028,60-64,2667,2436,5103
2028,65-69,2473,2068,4541
2028,70-74,1773,1510,3283
2028,75-79,1087,1065,2152
2028,80-84,517,598,1115
2028,85-89,370,534,904
2028,90-94,173,299,472
2028,95-99,51,97,148
2028,100+,0,0,0
2029,0-4,1669,1552,3221
2029,5-9,1590,1480,3070
2029,10-14,1743,1660,3403
2029,15-19,1366,1408,2774
2029,20-24,1601,1462,3063
2029,25-29,2348,2158,4506
2029,30-34,2757,2538,5295
2029,35-39,2908,2635,5543
2029,40-44,2419,2331,4750
2029,45-49,2706,2681,5387
2029,50-54,2424,2570,4994
2029,55-59,2319,2241,4560
2029,60-64,2574,2438,5012
2029,65-69,2528,2160,4688
2029,70-74,1911,1599,3510
2029,75-79,1136,1123,2259
2029,80-84,572,623,1195
2029,85-89,359,513,872
2029,90-94,182,308,490
2029,95-99,51,105,156
2029,100+,0,0,0
2030,0-4,1658,1542,3200
2030,5-9,1628,1516,3144
2030,10-14,1702,1600,3302
2030,15-19,1461,1525,2986
2030,20-24,1485,1358,2843
2030,25-29,2152,1991,4143
2030,30-34,2743,2490,5233
2030,35-39,2872,2623,5495
2030,40-44,2527,2388,4915
2030,45-49,2625,2618,5243
2030,50-54,2510,2637,5147
2030,55-59,2289,2258,4547
2030,60-64,2444,2377,4821
2030,65-69,2582,2286,4868
2030,70-74,1962,1653,3615
2030,75-79,1280,1238,2518
2030,80-84,629,645,1274
2030,85-89,337,476,813
2030,90-94,188,318,506
2030,95-99,55,107,162
2030,100+,0,0,0
2031,0-4,1639,1526,3165
2031,5-9,1653,1539,3192
2031,10-14,1655,1579,3234
2031,15-19,1563,1567,3130
2031,20-24,1420,1322,2742
2031,25-29,1996,1839,3835
2031,30-34,2622,2401,5023
2031,35-39,2906,2680,5586
2031,40-44,2642,2448,5090
2031,45-49,2501,2496,4997
2031,50-54,2565,2687,5252
2031,55-59,2262,2316,4578
2031,60-64,2414,2339,4753
2031,65-69,2558,2279,4837
2031,70-74,2040,1778,3818
2031,75-79,1361,1290,2651
2031,80-84,707,714,1421
2031,85-89,325,466,791
2031,90-94,193,317,510
2031,95-99,57,112,169
2031,100+,0,0,0
2032,0-4,1612,1502,3114
2032,5-9,1663,1547,3210
2032,10-14,1641,1530,3171
2032,15-19,1571,1577,3148
2032,20-24,1456,1378,2834
2032,25-29,1841,1658,3499
2032,30-34,2477,2310,4787
2032,35-39,2892,2693,5585
2032,40-44,2810,2549,5359
2032,45-49,2383,2369,4752
2032,50-54,2568,2718,5286
2032,55-59,2338,2383,4721
2032,60-64,2285,2284,4569
2032,65-69,2575,2360,4935
2032,70-74,2135,1850,3985
2032,75-79,1407,1323,2730
2032,80-84,771,814,1585
2032,85-89,338,455,793
2032,90-94,186,305,491
2032,95-99,59,119,178
2032,100+,0,0,0
2033,0-4,1582,1475,3057
2033,5-9,1668,1551,3219
2033,10-14,1607,1508,3115
2033,15-19,1677,1617,3294
2033,20-24,1382,1380,2762
2033,25-29,1732,1552,3284
2033,30-34,2428,2243,4671
2033,35-39,2807,2614,5421
2033,40-44,2831,2618,5449
2033,45-49,2371,2304,4675
2033,50-54,2639,2707,5346
2033,55-59,2310,2441,4751
2033,60-64,2249,2254,4503
2033,65-69,2495,2364,4859
2033,70-74,2230,1965,4195
2033,75-79,1499,1380,2879
2033,80-84,826,906,1732
2033,85-89,337,443,780
2033,90-94,189,311,500
2033,95-99,63,115,178
2033,100+,0,0,0
2034,0-4,1546,1442,2988
2034,5-9,1669,1552,3221
2034,10-14,1590,1480,3070
2034,15-19,1743,1660,3403
2034,20-24,1366,1408,2774
2034,25-29,1601,1462,3063
2034,30-34,2344,2158,4502
2034,35-39,2735,2538,5273
2034,40-44,2875,2630,5505
2034,45-49,2374,2313,4687
2034,50-54,2634,2656,5290
2034,55-59,2339,2540,4879
2034,60-64,2212,2198,4410
2034,65-69,2408,2367,4775
2034,70-74,2280,2051,4331
2034,75-79,1613,1460,3073
2034,80-84,865,954,1819
2034,85-89,374,463,837
2034,90-94,185,298,483
2034,95-99,67,121,188
2034,100+,0,0,0
2035,0-4,1507,1406,2913
2035,5-9,1658,1542,3200
2035,10-14,1628,1516,3144
2035,15-19,1702,1600,3302
2035,20-24,1461,1525,2986
2035,25-29,1485,1358,2843
2035,30-34,2151,1991,4142
2035,35-39,2720,2490,5210
2035,40-44,2841,2619,5460
2035,45-49,2479,2367,4846
2035,50-54,2557,2593,5150
2035,55-59,2425,2609,5034
2035,60-64,2185,2215,4400
2035,65-69,2291,2310,4601
2035,70-74,2335,2175,4510
2035,75-79,1666,1513,3179
2035,80-84,983,1054,2037
2035,85-89,415,483,898
2035,90-94,174,281,455
2035,95-99,68,127,195
2035,100+,0,0,0
2036,0-4,1464,1367,2831
2036,5-9,1639,1526,3165
2036,10-14,1653,1539,3192
2036,15-19,1655,1579,3234
2036,20-24,1563,1567,3130
2036,25-29,1420,1322,2742
2036,30-34,1996,1839,3835
2036,35-39,2600,2401,5001
2036,40-44,2875,2676,5551
2036,45-49,2593,2425,5018
2036,50-54,2436,2471,4907
2036,55-59,2481,2659,5140
2036,60-64,2162,2274,4436
2036,65-69,2266,2274,4540
2036,70-74,2318,2173,4491
2036,75-79,1738,1632,3370
2036,80-84,1051,1102,2153
2036,85-89,470,540,1010
2036,90-94,169,280,449
2036,95-99,71,128,199
2036,100+,0,0,0
2037,0-4,1423,1329,2752
2037,5-9,1612,1502,3114
2037,10-14,1663,1547,3210
2037,15-19,1641,1530,3171
2037,20-24,1571,1577,3148
2037,25-29,1456,1378,2834
2037,30-34,1841,1658,3499
2037,35-39,2458,2310,4768
2037,40-44,2863,2691,5554
2037,45-49,2759,2526,5285
2037,50-54,2321,2344,4665
2037,55-59,2486,2691,5177
2037,60-64,2237,2340,4577
2037,65-69,2148,2223,4371
2037,70-74,2337,2254,4591
2037,75-79,1821,1701,3522
2037,80-84,1091,1135,2226
2037,85-89,515,622,1137
2037,90-94,177,276,453
2037,95-99,67,125,192
2037,100+,0,0,0
2038,0-4,1381,1289,2670
2038,5-9,1582,1475,3057
2038,10-14,1668,1551,3219
2038,15-19,1607,1508,3115
2038,20-24,1677,1617,3294
2038,25-29,1382,1380,2762
2038,30-34,1732,1552,3284
2038,35-39,2412,2243,4655
2038,40-44,2777,2612,5389
2038,45-49,2782,2595,5377
2038,50-54,2311,2279,4590
2038,55-59,2553,2680,5233
2038,60-64,2213,2397,4610
2038,65-69,2119,2197,4316
2038,70-74,2267,2259,4526
2038,75-79,1906,1812,3718
2038,80-84,1165,1187,2352
2038,85-89,552,696,1248
2038,90-94,181,272,453
2038,95-99,69,130,199
2038,100+,0,0,0
2039,0-4,1340,1252,2592
2039,5-9,1546,1442,2988
2039,10-14,1669,1552,3221
2039,15-19,1590,1480,3070
2039,20-24,1743,1660,3403
2039,25-29,1366,1408,2774
2039,30-34,1601,1462,3063
2039,35-39,2331,2158,4489
2039,40-44,2705,2535,5240
2039,45-49,2825,2609,5434
2039,50-54,2316,2288,4604
2039,55-59,2549,2629,5178
2039,60-64,2243,2498,4741
2039,65-69,2086,2144,4230
2039,70-74,2193,2265,4458
2039,75-79,1955,1894,3849
2039,80-84,1258,1261,2519
2039,85-89,582,735,1317
2039,90-94,204,290,494
2039,95-99,67,126,193
2039,100+,0,0,0
2040,0-4,1304,1219,2523
2040,5-9,1507,1406,2913
2040,10-14,1658,1542,3200
2040,15-19,1628,1516,3144
2040,20-24,1702,1600,3302
2040,25-29,1461,1525,2986
2040,30-34,1485,1358,2843
2040,35-39,2139,1991,4130
2040,40-44,2690,2487,5177
2040,45-49,2791,2598,5389
2040,50-54,2419,2342,4761
2040,55-59,2473,2566,5039
2040,60-64,2325,2564,4889
2040,65-69,2060,2160,4220
2040,70-74,2087,2210,4297
2040,75-79,2002,2009,4011
2040,80-84,1300,1306,2606
2040,85-89,664,809,1473
2040,90-94,224,300,524
2040,95-99,63,118,181
2040,100+,0,0,0
2041,0-4,1272,1189,2461
2041,5-9,1464,1367,2831
2041,10-14,1639,1526,3165
2041,15-19,1653,1539,3192
2041,20-24,1655,1579,3234
2041,25-29,1563,1567,3130
2041,30-34,1420,1322,2742
2041,35-39,1986,1839,3825
2041,40-44,2572,2399,4971
2041,45-49,2825,2655,5480
2041,50-54,2528,2400,4928
2041,55-59,2356,2444,4800
2041,60-64,2380,2614,4994
2041,65-69,2039,2219,4258
2041,70-74,2063,2176,4239
2041,75-79,1986,2007,3993
2041,80-84,1355,1409,2764
2041,85-89,711,846,1557
2041,90-94,253,338,591
2041,95-99,63,119,182
2041,100+,0,0,0
2042,0-4,1243,1163,2406
2042,5-9,1423,1329,2752
2042,10-14,1612,1502,3114
2042,15-19,1663,1547,3210
2042,20-24,1641,1530,3171
2042,25-29,1571,1577,3148
2042,30-34,1456,1378,2834
2042,35-39,1833,1658,3491
2042,40-44,2432,2310,4742
2042,45-49,2812,2669,5481
2042,50-54,2689,2501,5190
2042,55-59,2245,2318,4563
2042,60-64,2384,2645,5029
2042,65-69,2112,2284,4396
2042,70-74,1956,2128,4084
2042,75-79,2001,2081,4082
2042,80-84,1418,1468,2886
2042,85-89,736,871,1607
2042,90-94,276,393,669
2042,95-99,67,116,183
2042,100+,0,0,0
2043,0-4,1219,1141,2360
2043,5-9,1381,1289,2670
2043,10-14,1582,1475,3057
2043,15-19,1668,1551,3219
2043,20-24,1607,1508,3115
2043,25-29,1677,1617,3294
2043,30-34,1382,1380,2762
2043,35-39,1726,1552,3278
2043,40-44,2385,2243,4628
2043,45-49,2728,2592,5320
2043,50-54,2712,2570,5282
2043,55-59,2236,2254,4490
2043,60-64,2448,2635,5083
2043,65-69,2088,2340,4428
2043,70-74,1931,2103,4034
2043,75-79,1941,2086,4027
2043,80-84,1485,1566,3051
2043,85-89,785,912,1697
2043,90-94,294,438,732
2043,95-99,68,116,184
2043,100+,0,0,0
2044,0-4,1202,1124,2326
2044,5-9,1340,1252,2592
2044,10-14,1546,1442,2988
2044,15-19,1669,1552,3221
2044,20-24,1590,1480,3070
2044,25-29,1743,1660,3403
2044,30-34,1366,1408,2774
2044,35-39,1597,1462,3059
2044,40-44,2304,2157,4461
2044,45-49,2658,2518,5176
2044,50-54,2754,2584,5338
2044,55-59,2241,2263,4504
2044,60-64,2444,2585,5029
2044,65-69,2117,2439,4556
2044,70-74,1902,2052,3954
2044,75-79,1877,2089,3966
2044,80-84,1521,1636,3157
2044,85-89,848,968,1816
2044,90-94,311,461,772
2044,95-99,77,126,203
2044,100+,0,0,0
2045,0-4,1192,1114,2306
2045,5-9,1304,1219,2523
2045,10-14,1507,1406,2913
2045,15-19,1658,1542,3200
2045,20-24,1628,1516,3144
2045,25-29,1702,1600,3302
2045,30-34,1461,1525,2986
2045,35-39,1483,1358,2841
2045,40-44,2115,1991,4106
2045,45-49,2643,2471,5114
2045,50-54,2721,2573,5294
2045,55-59,2344,2317,4661
2045,60-64,2373,2526,4899
2045,65-69,2198,2505,4703
2045,70-74,1882,2072,3954
2045,75-79,1790,2041,3831
2045,80-84,1565,1738,3303
2045,85-89,883,1008,1891
2045,90-94,360,510,870
2045,95-99,85,131,216
2045,100+,0,0,0
2046,0-4,1186,1107,2293
2046,5-9,1272,1189,2461
2046,10-14,1464,1367,2831
2046,15-19,1639,1526,3165
2046,20-24,1653,1539,3192
2046,25-29,1655,1579,3234
2046,30-34,1563,1567,3130
2046,35-39,1419,1322,2741
2046,40-44,1963,1839,3802
2046,45-49,2527,2385,4912
2046,50-54,2754,2630,5384
2046,55-59,2452,2375,4827
2046,60-64,2263,2407,4670
2046,65-69,2251,2555,4806
2046,70-74,1866,2129,3995
2046,75-79,1773,2012,3785
2046,80-84,1556,1741,3297
2046,85-89,923,1094,2017
2046,90-94,388,537,925
2046,95-99,97,153,250
2046,100+,0,0,0
2047,0-4,1181,1101,2282
2047,5-9,1243,1163,2406
2047,10-14,1423,1329,2752
2047,15-19,1612,1502,3114
2047,20-24,1663,1547,3210
2047,25-29,1641,1530,3171
2047,30-34,1571,1577,3148
2047,35-39,1455,1378,2833
2047,40-44,1812,1658,3470
2047,45-49,2390,2297,4687
2047,50-54,2742,2644,5386
2047,55-59,2611,2476,5087
2047,60-64,2157,2284,4441
2047,65-69,2257,2587,4844
2047,70-74,1935,2196,4131
2047,75-79,1685,1972,3657
2047,80-84,1570,1808,3378
2047,85-89,969,1141,2110
2047,90-94,403,559,962
2047,95-99,107,181,288
2047,100+,0,0,0
2048,0-4,1179,1099,2278
2048,5-9,1219,1141,2360
2048,10-14,1381,1289,2670
2048,15-19,1582,1475,3057
2048,20-24,1668,1551,3219
2048,25-29,1607,1508,3115
2048,30-34,1677,1617,3294
2048,35-39,1381,1380,2761
2048,40-44,1706,1552,3258
2048,45-49,2346,2231,4577
2048,50-54,2660,2567,5227
2048,55-59,2632,2545,5177
2048,60-64,2151,2223,4374
2048,65-69,2320,2577,4897
2048,70-74,1918,2252,4170
2048,75-79,1667,1953,3620
2048,80-84,1526,1817,3343
2048,85-89,1018,1224,2242
2048,90-94,432,590,1022
2048,95-99,114,202,316
2048,100+,0,0,0
2049,0-4,1178,1098,2276
2049,5-9,1202,1124,2326
2049,10-14,1340,1252,2592
2049,15-19,1546,1442,2988
2049,20-24,1669,1552,3221
2049,25-29,1590,1480,3070
2049,30-34,1743,1660,3403
2049,35-39,1366,1408,2774
2049,40-44,1578,1462,3040
2049,45-49,2267,2147,4414
2049,50-54,2594,2493,5087
2049,55-59,2672,2559,5231
2049,60-64,2158,2235,4393
2049,65-69,2319,2528,4847
2049,70-74,1945,2348,4293
2049,75-79,1647,1909,3556
2049,80-84,1480,1823,3303
2049,85-89,1046,1284,2330
2049,90-94,468,628,1096
2049,95-99,122,214,336
2049,100+,0,0,0
2050,0-4,1178,1099,2277
2050,5-9,1192,1114,2306
2050,10-14,1304,1219,2523
2050,15-19,1507,1406,2913
2050,20-24,1658,1542,3200
2050,25-29,1628,1516,3144
2050,30-34,1702,1600,3302
2050,35-39,1461,1525,2986
2050,40-44,1466,1358,2824
2050,45-49,2079,1984,4063
2050,50-54,2582,2446,5028
2050,55-59,2640,2548,5188
2050,60-64,2256,2289,4545
2050,65-69,2251,2470,4721
2050,70-74,2018,2411,4429
2050,75-79,1629,1929,3558
2050,80-84,1413,1782,3195
2050,85-89,1077,1362,2439
2050,90-94,489,655,1144
2050,95-99,143,234,377
2050,100+,0,0,0
2051,0-4,1180,1101,2281
2051,5-9,1186,1107,2293
2051,10-14,1272,1189,2461
2051,15-19,1464,1367,2831
2051,20-24,1639,1526,3165
2051,25-29,1653,1539,3192
2051,30-34,1655,1579,3234
2051,35-39,1562,1567,3129
2051,40-44,1404,1322,2726
2051,45-49,1929,1834,3763
2051,50-54,2468,2360,4828
2051,55-59,2672,2605,5277
2051,60-64,2359,2344,4703
2051,65-69,2145,2353,4498
2051,70-74,2069,2459,4528
2051,75-79,1617,1982,3599
2051,80-84,1399,1756,3155
2051,85-89,1069,1361,2430
2051,90-94,511,714,1225
2051,95-99,154,246,400
2051,100+,0,0,0
2052,0-4,1183,1104,2287
2052,5-9,1181,1101,2282
2052,10-14,1243,1163,2406
2052,15-19,1423,1329,2752
2052,20-24,1612,1502,3114
2052,25-29,1663,1547,3210
2052,30-34,1641,1530,3171
2052,35-39,1571,1577,3148
2052,40-44,1440,1378,2818
2052,45-49,1780,1656,3436
2052,50-54,2333,2272,4605
2052,55-59,2660,2619,5279
2052,60-64,2511,2443,4954
2052,65-69,2045,2234,4279
2052,70-74,2076,2489,4565
2052,75-79,1677,2045,3722
2052,80-84,1330,1720,3050
2052,85-89,1076,1412,2488
2052,90-94,533,744,1277
2052,95-99,158,257,415
2052,100+,0,0,0
2053,0-4,1184,1106,2290
2053,5-9,1179,1099,2278
2053,10-14,1219,1141,2360
2053,15-19,1381,1289,2670
2053,20-24,1582,1475,3057
2053,25-29,1668,1551,3219
2053,30-34,1607,1508,3115
2053,35-39,1677,1617,3294
2053,40-44,1368,1380,2748
2053,45-49,1677,1551,3228
2053,50-54,2289,2208,4497
2053,55-59,2579,2542,5121
2053,60-64,2532,2510,5042
2053,65-69,2038,2174,4212
2053,70-74,2132,2480,4612
2053,75-79,1661,2098,3759
2053,80-84,1317,1705,3022
2053,85-89,1044,1419,2463
2053,90-94,560,797,1357
2053,95-99,169,272,441
2053,100+,0,0,0
2054,0-4,1184,1106,2290
2054,5-9,1178,1098,2276
2054,10-14,1202,1124,2326
2054,15-19,1340,1252,2592
2054,20-24,1546,1442,2988
2054,25-29,1669,1552,3221
2054,30-34,1590,1480,3070
2054,35-39,1741,1660,3401
2054,40-44,1353,1408,2761
2054,45-49,1552,1462,3014
2054,50-54,2212,2126,4338
2054,55-59,2513,2468,4981
2054,60-64,2570,2523,5093
2054,65-69,2047,2185,4232
2054,70-74,2128,2433,4561
2054,75-79,1685,2187,3872
2054,80-84,1301,1667,2968
2054,85-89,1012,1423,2435
2054,90-94,574,834,1408
2054,95-99,186,290,476
2054,100+,0,0,0
2055,0-4,1183,1104,2287
2055,5-9,1178,1099,2277
2055,10-14,1192,1114,2306
2055,15-19,1304,1219,2523
2055,20-24,1507,1406,2913
2055,25-29,1658,1542,3200
2055,30-34,1628,1516,3144
2055,35-39,1700,1600,3300
2055,40-44,1446,1525,2971
2055,45-49,1441,1358,2799
2055,50-54,2032,1966,3998
2055,55-59,2500,2421,4921
2055,60-64,2540,2514,5054
2055,65-69,2144,2239,4383
2055,70-74,2068,2380,4448
2055,75-79,1753,2248,4001
2055,80-84,1290,1692,2982
2055,85-89,972,1396,2368
2055,90-94,595,888,1483
2055,95-99,195,305,500
2055,100+,0,0,0
2056,0-4,1181,1102,2283
2056,5-9,1180,1101,2281
2056,10-14,1186,1107,2293
2056,15-19,1272,1189,2461
2056,20-24,1464,1367,2831
2056,25-29,1639,1526,3165
2056,30-34,1653,1539,3192
2056,35-39,1654,1579,3233
2056,40-44,1545,1567,3112
2056,45-49,1379,1322,2701
2056,50-54,1886,1819,3705
2056,55-59,2393,2335,4728
2056,60-64,2570,2572,5142
2056,65-69,2244,2295,4539
2056,70-74,1972,2268,4240
2056,75-79,1800,2297,4097
2056,80-84,1286,1743,3029
2056,85-89,967,1379,2346
2056,90-94,592,892,1484
2056,95-99,204,338,542
2056,100+,0,0,0
2057,0-4,1177,1098,2275
2057,5-9,1183,1104,2287
2057,10-14,1181,1101,2282
2057,15-19,1243,1163,2406
2057,20-24,1423,1329,2752
2057,25-29,1612,1502,3114
2057,30-34,1663,1547,3210
2057,35-39,1640,1530,3170
2057,40-44,1553,1577,3130
2057,45-49,1415,1378,2793
2057,50-54,1740,1644,3384
2057,55-59,2266,2247,4513
2057,60-64,2560,2588,5148
2057,65-69,2388,2392,4780
2057,70-74,1883,2156,4039
2057,75-79,1808,2328,4136
2057,80-84,1338,1806,3144
2057,85-89,920,1357,2277
2057,90-94,599,931,1530
2057,95-99,213,352,565
2057,100+,0,0,0
2058,0-4,1172,1093,2265
2058,5-9,1184,1106,2290
2058,10-14,1179,1099,2278
2058,15-19,1219,1141,2360
2058,20-24,1381,1289,2670
2058,25-29,1582,1475,3057
2058,30-34,1668,1551,3219
2058,35-39,1606,1508,3114
2058,40-44,1657,1617,3274
2058,45-49,1343,1380,2723
2058,50-54,1640,1542,3182
2058,55-59,2225,2183,4408
2058,60-64,2484,2512,4996
2058,65-69,2410,2458,4868
2058,70-74,1882,2101,3983
2058,75-79,1859,2321,4180
2058,80-84,1327,1856,3183
2058,85-89,916,1354,2270
2058,90-94,583,940,1523
2058,95-99,224,382,606
2058,100+,0,0,0
2059,0-4,1164,1087,2251
2059,5-9,1184,1106,2290
2059,10-14,1178,1098,2276
2059,15-19,1202,1124,2326
2059,20-24,1340,1252,2592
2059,25-29,1546,1442,2988
2059,30-34,1669,1552,3221
2059,35-39,1590,1480,3070
2059,40-44,1722,1660,3382
2059,45-49,1328,1408,2736
2059,50-54,1518,1456,2974
2059,55-59,2151,2101,4252
2059,60-64,2423,2437,4860
2059,65-69,2448,2473,4921
2059,70-74,1893,2113,4006
2059,75-79,1858,2277,4135
2059,80-84,1351,1933,3284
2059,85-89,909,1328,2237
2059,90-94,567,949,1516
2059,95-99,233,402,635
2059,100+,0,0,0
2060,0-4,1154,1079,2233
2060,5-9,1183,1104,2287
2060,10-14,1178,1099,2277
2060,15-19,1192,1114,2306
2060,20-24,1304,1219,2523
2060,25-29,1507,1406,2913
2060,30-34,1658,1542,3200
2060,35-39,1628,1516,3144
2060,40-44,1682,1600,3282
2060,45-49,1421,1525,2946
2060,50-54,1410,1354,2764
2060,55-59,1973,1941,3914
2060,60-64,2414,2391,4805
2060,65-69,2420,2464,4884
2060,70-74,1985,2166,4151
2060,75-79,1805,2227,4032
2060,80-84,1407,1985,3392
2060,85-89,902,1348,2250
2060,90-94,544,932,1476
2060,95-99,242,428,670
2060,100+,0,0,0
2061,0-4,1141,1068,2209
2061,5-9,1181,1102,2283
2061,10-14,1180,1101,2281
2061,15-19,1186,1107,2293
2061,20-24,1272,1189,2461
2061,25-29,1464,1367,2831
2061,30-34,1639,1526,3165
2061,35-39,1652,1539,3191
2061,40-44,1637,1579,3216
2061,45-49,1520,1567,3087
2061,50-54,1350,1319,2669
2061,55-59,1830,1795,3625
2061,60-64,2311,2307,4618
2061,65-69,2448,2520,4968
2061,70-74,2078,2219,4297
2061,75-79,1722,2123,3845
2061,80-84,1444,2027,3471
2061,85-89,900,1388,2288
2061,90-94,540,917,1457
2061,95-99,240,429,669
2061,100+,0,0,0
2062,0-4,1127,1056,2183
2062,5-9,1177,1098,2275
2062,10-14,1183,1104,2287
2062,15-19,1181,1101,2282
2062,20-24,1243,1163,2406
2062,25-29,1423,1329,2752
2062,30-34,1612,1502,3114
2062,35-39,1662,1547,3209
2062,40-44,1623,1530,3153
2062,45-49,1528,1577,3105
2062,50-54,1386,1375,2761
2062,55-59,1689,1621,3310
2062,60-64,2187,2221,4408
2062,65-69,2439,2536,4975
2062,70-74,2209,2313,4522
2062,75-79,1644,2019,3663
2062,80-84,1451,2054,3505
2062,85-89,936,1439,2375
2062,90-94,515,902,1417
2062,95-99,242,449,691
2062,100+,0,0,0
2063,0-4,1111,1041,2152
2063,5-9,1172,1093,2265
2063,10-14,1184,1106,2290
2063,15-19,1179,1099,2278
2063,20-24,1219,1141,2360
2063,25-29,1381,1289,2670
2063,30-34,1582,1475,3057
2063,35-39,1667,1551,3218
2063,40-44,1589,1508,3097
2063,45-49,1632,1617,3249
2063,50-54,1316,1378,2694
2063,55-59,1590,1520,3110
2063,60-64,2146,2158,4304
2063,65-69,2365,2462,4827
2063,70-74,2229,2377,4606
2063,75-79,1647,1966,3613
2063,80-84,1489,2050,3539
2063,85-89,927,1479,2406
2063,90-94,513,902,1415
2063,95-99,235,452,687
2063,100+,0,0,0
2064,0-4,1094,1024,2118
2064,5-9,1164,1087,2251
2064,10-14,1184,1106,2290
2064,15-19,1178,1098,2276
2064,20-24,1202,1124,2326
2064,25-29,1340,1252,2592
2064,30-34,1546,1442,2988
2064,35-39,1668,1552,3220
2064,40-44,1572,1480,3052
2064,45-49,1697,1660,3357
2064,50-54,1301,1405,2706
2064,55-59,1472,1436,2908
2064,60-64,2074,2075,4149
2064,65-69,2308,2389,4697
2064,70-74,2264,2390,4654
2064,75-79,1658,1979,3637
2064,80-84,1488,2011,3499
2064,85-89,945,1540,2485
2064,90-94,511,886,1397
2064,95-99,227,456,683
2064,100+,0,0,0
2065,0-4,1075,1005,2080
2065,5-9,1154,1079,2233
2065,10-14,1183,1104,2287
2065,15-19,1178,1099,2277
2065,20-24,1192,1114,2306
2065,25-29,1304,1219,2523
2065,30-34,1507,1406,2913
2065,35-39,1658,1542,3200
2065,40-44,1609,1516,3125
2065,45-49,1656,1600,3256
2065,50-54,1393,1521,2914
2065,55-59,1367,1337,2704
2065,60-64,1904,1916,3820
2065,65-69,2301,2344,4645
2065,70-74,2239,2384,4623
2065,75-79,1741,2034,3775
2065,80-84,1448,1969,3417
2065,85-89,988,1587,2575
2065,90-94,507,906,1413
2065,95-99,221,450,671
2065,100+,0,0,0
