year,age_range,male,female,total
2019,0-4,7750,7332,15082
2019,5-9,6929,6728,13657
2019,10-14,6509,6031,12540
2019,15-19,7135,6711,13846
2019,20-24,8651,8066,16717
2019,25-29,9394,9097,18491
2019,30-34,9842,11006,20848
2019,35-39,12263,13691,25954
2019,40-44,11112,12976,24088
2019,45-49,9500,11270,20770
2019,50-54,9763,11841,21604
2019,55-59,10309,12460,22769
2019,60-64,10060,11655,21715
2019,65-69,7771,8550,16321
2019,70-74,3877,4417,8294
2019,75-79,2223,3169,5392
2019,80-84,1359,2456,3815
2019,85-89,1037,1407,2444
2019,90-94,642,660,1302
2019,95-99,164,172,336
2019,100+,20,27,47
2020,0-4,7112,6771,13883
2020,5-9,7592,7307,14899
2020,10-14,6432,5972,12404
2020,15-19,6646,6246,12892
2020,20-24,8502,7953,16455
2020,25-29,9232,8835,18067
2020,30-34,9735,10513,20248
2020,35-39,11862,13336,25198
2020,40-44,11659,13467,25126
2020,45-49,9412,11176,20588
2020,50-54,9614,11707,21321
2020,55-59,10234,12423,22657
2020,60-64,10018,11898,21916
2020,65-69,8410,9256,17666
2020,70-74,4463,5134,9597
2020,75-79,2228,3140,5368
2020,80-84,1423,2479,3902
2020,85-89,920,1496,2416
2020,90-94,675,693,1368
2020,95-99,178,193,371
2020,100+,0,0,0
2021,0-4,6535,6209,12744
2021,5-9,8035,7677,15712
2021,10-14,6449,6023,12472
2021,15-19,6442,6051,12493
2021,20-24,8195,7647,15842
2021,25-29,9117,8714,17831
2021,30-34,9641,10140,19781
2021,35-39,11307,12634,23941
2021,40-44,11876,13689,25565
2021,45-49,9727,11524,21251
2021,50-54,9523,11656,21179
2021,55-59,10056,12302,22358
2021,60-64,9890,11902,21792
2021,65-69,8882,9901,18783
2021,70-74,5153,6035,11188
2021,75-79,2321,3068,5389
2021,80-84,1487,2557,4044
2021,85-89,860,1558,2418
2021,90-94,651,726,1377
2021,95-99,197,202,399
2021,100+,0,0,0
2022,0-4,6075,5685,11760
2022,5-9,8110,7818,15928
2022,10-14,6646,6180,12826
2022,15-19,6383,6023,12406
2022,20-24,7719,7193,14912
2022,25-29,9145,8657,17802
2022,30-34,9536,9843,19379
2022,35-39,10640,11941,22581
2022,40-44,12270,13843,26113
2022,45-49,10016,11900,21916
2022,50-54,9419,11510,20929
2022,55-59,9773,12016,21789
2022,60-64,9858,12182,22040
2022,65-69,9087,10333,19420
2022,70-74,5896,6820,12716
2022,75-79,2500,3262,5762
2022,80-84,1529,2598,4127
2022,85-89,852,1585,2437
2022,90-94,619,778,1397
2022,95-99,205,209,414
2022,100+,0,0,0
2023,0-4,5747,5398,11145
2023,5-9,8071,7686,15757
2023,10-14,6727,6426,13153
2023,15-19,6442,6009,12451
2023,20-24,7449,6936,14385
2023,25-29,8865,8299,17164
2023,30-34,9460,9448,18908
2023,35-39,10047,11413,21460
2023,40-44,12431,13960,26391
2023,45-49,10431,12290,22721
2023,50-54,9264,11328,20592
2023,55-59,9554,11803,21357
2023,60-64,9857,12246,22103
2023,65-69,9255,10842,20097
2023,70-74,6501,7546,14047
2023,75-79,2824,3528,6352
2023,80-84,1593,2624,4217
2023,85-89,842,1665,2507
2023,90-94,564,795,1359
2023,95-99,220,227,447
2023,100+,0,0,0
2024,0-4,5594,5202,10796
2024,5-9,7750,7332,15082
2024,10-14,6929,6728,13657
2024,15-19,6505,6031,12536
2024,20-24,7112,6711,13823
2024,25-29,8626,8060,16686
2024,30-34,9353,9073,18426
2024,35-39,9770,10974,20744
2024,40-44,12113,13630,25743
2024,45-49,10898,12891,23789
2024,50-54,9241,11157,20398
2024,55-59,9404,11670,21074
2024,60-64,9802,12202,22004
2024,65-69,9365,11278,20643
2024,70-74,6960,8081,15041
2024,75-79,3257,4007,7264
2024,80-84,1667,2648,4315
2024,85-89,868,1787,2655
2024,90-94,511,799,1310
2024,95-99,223,246,469
2024,100+,0,0,0
2025,0-4,5451,5069,10520
2025,5-9,7112,6771,13883
2025,10-14,7592,7307,14899
2025,15-19,6429,5972,12401
2025,20-24,6624,6246,12870
2025,25-29,8477,7948,16425
2025,30-34,9193,8811,18004
2025,35-39,9666,10485,20151
2025,40-44,11716,13276,24992
2025,45-49,11436,13380,24816
2025,50-54,9157,11066,20223
2025,55-59,9267,11541,20808
2025,60-64,9738,12171,21909
2025,65-69,9337,11522,20859
2025,70-74,7543,8760,16303
2025,75-79,3752,4667,8419
2025,80-84,1675,2628,4303
2025,85-89,912,1811,2723
2025,90-94,458,859,1317
2025,95-99,236,262,498
2025,100+,0,0,0
2026,0-4,5320,4949,10269
2026,5-9,6535,6209,12744
2026,10-14,8035,7677,15712
2026,15-19,6446,6023,12469
2026,20-24,6420,6051,12471
2026,25-29,8170,7644,15814
2026,30-34,9079,8690,17769
2026,35-39,9574,10113,19687
2026,40-44,11169,12578,23747
2026,45-49,11651,13601,25252
2026,50-54,9466,11413,20879
2026,55-59,9182,11493,20675
2026,60-64,9575,12057,21632
2026,65-69,9227,11536,20763
2026,70-74,7978,9384,17362
2026,75-79,4339,5490,9829
2026,80-84,1751,2573,4324
2026,85-89,958,1878,2836
2026,90-94,431,902,1333
2026,95-99,228,277,505
2026,100+,0,0,0
2027,0-4,5200,4839,10039
2027,5-9,6075,5685,11760
2027,10-14,8110,7818,15928
2027,15-19,6644,6180,12824
2027,20-24,6361,6023,12384
2027,25-29,7694,7193,14887
2027,30-34,9109,8633,17742
2027,35-39,9470,9816,19286
2027,40-44,10513,11889,22402
2027,45-49,12038,13755,25793
2027,50-54,9749,11787,21536
2027,55-59,9084,11353,20437
2027,60-64,9311,11781,21092
2027,65-69,9207,11816,21023
2027,70-74,8172,9802,17974
2027,75-79,4973,6212,11185
2027,80-84,1897,2750,4647
2027,85-89,989,1910,2899
2027,90-94,432,926,1358
2027,95-99,215,299,514
2027,100+,0,0,0
2028,0-4,5084,4732,9816
2028,5-9,5747,5398,11145
2028,10-14,8071,7686,15757
2028,15-19,6726,6426,13152
2028,20-24,6420,6009,12429
2028,25-29,7424,6936,14360
2028,30-34,8830,8278,17108
2028,35-39,9395,9422,18817
2028,40-44,9931,11364,21295
2028,45-49,12198,13872,26070
2028,50-54,10153,12174,22327
2028,55-59,8937,11175,20112
2028,60-64,9109,11578,20687
2028,65-69,9216,11884,21100
2028,70-74,8331,10293,18624
2028,75-79,5492,6880,12372
2028,80-84,2154,2988,5142
2028,85-89,1035,1936,2971
2028,90-94,429,980,1409
2028,95-99,197,309,506
2028,100+,0,0,0
2029,0-4,4968,4625,9593
2029,5-9,5594,5202,10796
2029,10-14,7750,7332,15082
2029,15-19,6929,6728,13657
2029,20-24,6485,6031,12516
2029,25-29,7087,6710,13797
2029,30-34,8593,8042,16635
2029,35-39,9290,9048,18338
2029,40-44,9660,10927,20587
2029,45-49,11888,13544,25432
2029,50-54,10610,12769,23379
2029,55-59,8918,11009,19927
2029,60-64,8971,11451,20422
2029,65-69,9174,11847,21021
2029,70-74,8437,10712,19149
2029,75-79,5887,7377,13264
2029,80-84,2498,3413,5911
2029,85-89,1089,1966,3055
2029,90-94,446,1056,1502
2029,95-99,177,312,489
2029,100+,0,0,0
2030,0-4,4850,4519,9369
2030,5-9,5451,5069,10520
2030,10-14,7112,6771,13883
2030,15-19,7590,7307,14897
2030,20-24,6411,5972,12383
2030,25-29,6599,6246,12845
2030,30-34,8446,7931,16377
2030,35-39,9132,8786,17918
2030,40-44,9556,10441,19997
2030,45-49,11497,13192,24689
2030,50-54,11134,13254,24388
2030,55-59,8836,10919,19755
2030,60-64,8840,11324,20164
2030,65-69,9114,11817,20931
2030,70-74,8412,10943,19355
2030,75-79,6373,7996,14369
2030,80-84,2872,3975,6847
2030,85-89,1093,1947,3040
2030,90-94,469,1070,1539
2030,95-99,160,337,497
2030,100+,0,0,0
2031,0-4,4733,4412,9145
2031,5-9,5320,4949,10269
2031,10-14,6535,6209,12744
2031,15-19,8031,7677,15708
2031,20-24,6429,6023,12452
2031,25-29,6395,6051,12446
2031,30-34,8140,7628,15768
2031,35-39,9019,8665,17684
2031,40-44,9465,10072,19537
2031,45-49,10961,12499,23460
2031,50-54,11345,13473,24818
2031,55-59,9136,11264,20400
2031,60-64,8759,11277,20036
2031,65-69,8958,11702,20660
2031,70-74,8315,10955,19270
2031,75-79,6739,8566,15305
2031,80-84,3320,4669,7989
2031,85-89,1143,1904,3047
2031,90-94,492,1109,1601
2031,95-99,152,355,507
2031,100+,0,0,0
2032,0-4,4613,4303,8916
2032,5-9,5200,4839,10039
2032,10-14,6075,5685,11760
2032,15-19,8105,7818,15923
2032,20-24,6626,6180,12806
2032,25-29,6336,6023,12359
2032,30-34,7665,7178,14843
2032,35-39,9048,8608,17656
2032,40-44,9360,9777,19137
2032,45-49,10317,11813,22130
2032,50-54,11720,13626,25346
2032,55-59,9409,11633,21042
2032,60-64,8663,11139,19802
2032,65-69,8709,11435,20144
2032,70-74,8297,11222,19519
2032,75-79,6900,8943,15843
2032,80-84,3803,5280,9083
2032,85-89,1241,2042,3283
2032,90-94,511,1124,1635
2032,95-99,155,364,519
2032,100+,0,0,0
2033,0-4,4505,4204,8709
2033,5-9,5084,4732,9816
2033,10-14,5747,5398,11145
2033,15-19,8065,7686,15751
2033,20-24,6707,6426,13133
2033,25-29,6395,6009,12404
2033,30-34,7395,6922,14317
2033,35-39,8771,8253,17024
2033,40-44,9285,9385,18670
2033,45-49,9746,11293,21039
2033,50-54,11875,13741,25616
2033,55-59,9799,12014,21813
2033,60-64,8522,10964,19486
2033,65-69,8520,11237,19757
2033,70-74,8306,11287,19593
2033,75-79,7031,9389,16420
2033,80-84,4196,5840,10036
2033,85-89,1416,2227,3643
2033,90-94,534,1138,1672
2033,95-99,154,387,541
2033,100+,0,0,0
2034,0-4,4411,4118,8529
2034,5-9,4968,4625,9593
2034,10-14,5594,5202,10796
2034,15-19,7743,7332,15075
2034,20-24,6908,6728,13636
2034,25-29,6460,6031,12491
2034,30-34,7058,6699,13757
2034,35-39,8536,8017,16553
2034,40-44,9180,9012,18192
2034,45-49,9480,10860,20340
2034,50-54,11572,13416,24988
2034,55-59,10241,12601,22842
2034,60-64,8505,10802,19307
2034,65-69,8392,11112,19504
2034,70-74,8266,11251,19517
2034,75-79,7113,9768,16881
2034,80-84,4495,6256,10751
2034,85-89,1648,2558,4206
2034,90-94,561,1159,1720
2034,95-99,159,416,575
2034,100+,0,0,0
2035,0-4,4322,4034,8356
2035,5-9,4850,4519,9369
2035,10-14,5451,5069,10520
2035,15-19,7108,6771,13879
2035,20-24,7567,7307,14874
2035,25-29,6387,5972,12359
2035,30-34,6573,6238,12811
2035,35-39,8391,7906,16297
2035,40-44,9027,8752,17779
2035,45-49,9381,10379,19760
2035,50-54,11197,13070,24267
2035,55-59,10754,13084,23838
2035,60-64,8440,10721,19161
2035,65-69,8286,11004,19290
2035,70-74,8232,11244,19476
2035,75-79,7119,10007,17126
2035,80-84,4886,6812,11698
2035,85-89,1902,3001,4903
2035,90-94,567,1157,1724
2035,95-99,171,429,600
2035,100+,0,0,0
2036,0-4,4239,3959,8198
2036,5-9,4733,4412,9145
2036,10-14,5320,4949,10269
2036,15-19,6534,6209,12743
2036,20-24,8007,7677,15684
2036,25-29,6408,6023,12431
2036,30-34,6370,6046,12416
2036,35-39,8088,7603,15691
2036,40-44,8917,8633,17550
2036,45-49,9292,10012,19304
2036,50-54,10677,12386,23063
2036,55-59,10964,13304,24268
2036,60-64,8739,11067,19806
2036,65-69,8224,10968,19192
2036,70-74,8108,11151,19259
2036,75-79,7061,10046,17107
2036,80-84,5191,7329,12520
2036,85-89,2210,3542,5752
2036,90-94,598,1146,1744
2036,95-99,182,454,636
2036,100+,0,0,0
2037,0-4,4173,3897,8070
2037,5-9,4613,4303,8916
2037,10-14,5200,4839,10039
2037,15-19,6075,5685,11760
2037,20-24,8083,7818,15901
2037,25-29,6606,6180,12786
2037,30-34,6311,6020,12331
2037,35-39,7619,7153,14772
2037,40-44,8948,8578,17526
2037,45-49,9190,9719,18909
2037,50-54,10053,11709,21762
2037,55-59,11333,13459,24792
2037,60-64,9011,11436,20447
2037,65-69,8145,10844,18989
2037,70-74,7898,10913,18811
2037,75-79,7068,10314,17382
2037,80-84,5335,7680,13015
2037,85-89,2547,4026,6573
2037,90-94,657,1251,1908
2037,95-99,192,464,656
2037,100+,0,0,0
2038,0-4,4124,3851,7975
2038,5-9,4505,4204,8709
2038,10-14,5084,4732,9816
2038,15-19,5747,5398,11145
2038,20-24,8047,7686,15733
2038,25-29,6687,6426,13113
2038,30-34,6370,6007,12377
2038,35-39,7352,6899,14251
2038,40-44,8676,8225,16901
2038,45-49,9118,9330,18448
2038,50-54,9500,11196,20696
2038,55-59,11487,13576,25063
2038,60-64,9394,11816,21210
2038,65-69,8026,10684,18710
2038,70-74,7747,10740,18487
2038,75-79,7100,10397,17497
2038,80-84,5453,8087,13540
2038,85-89,2823,4467,7290
2038,90-94,760,1388,2148
2038,95-99,201,478,679
2038,100+,0,0,0
2039,0-4,4086,3816,7902
2039,5-9,4411,4118,8529
2039,10-14,4968,4625,9593
2039,15-19,5594,5202,10796
2039,20-24,7730,7332,15062
2039,25-29,6888,6728,13616
2039,30-34,6435,6029,12464
2039,35-39,7019,6677,13696
2039,40-44,8444,7989,16433
2039,45-49,9018,8960,17978
2039,50-54,9244,10769,20013
2039,55-59,11198,13258,24456
2039,60-64,9825,12397,22222
2039,65-69,8023,10534,18557
2039,70-74,7647,10635,18282
2039,75-79,7084,10383,17467
2039,80-84,5535,8436,13971
2039,85-89,3038,4804,7842
2039,90-94,896,1625,2521
2039,95-99,214,499,713
2039,100+,0,0,0
2040,0-4,4063,3796,7859
2040,5-9,4322,4034,8356
2040,10-14,4850,4519,9369
2040,15-19,5451,5069,10520
2040,20-24,7098,6771,13869
2040,25-29,7543,7307,14850
2040,30-34,6364,5969,12333
2040,35-39,6536,6217,12753
2040,40-44,8300,7878,16178
2040,45-49,8868,8702,17570
2040,50-54,9148,10291,19439
2040,55-59,10833,12916,23749
2040,60-64,10316,12873,23189
2040,65-69,7963,10456,18419
2040,70-74,7552,10534,18086
2040,75-79,7052,10376,17428
2040,80-84,5539,8639,14178
2040,85-89,3296,5231,8527
2040,90-94,1030,1904,2934
2040,95-99,215,494,709
2040,100+,0,0,0
2041,0-4,4056,3788,7844
2041,5-9,4239,3959,8198
2041,10-14,4733,4412,9145
2041,15-19,5320,4949,10269
2041,20-24,6527,6209,12736
2041,25-29,7982,7677,15659
2041,30-34,6384,6020,12404
2041,35-39,6335,6025,12360
2041,40-44,8001,7576,15577
2041,45-49,8760,8583,17343
2041,50-54,9060,9926,18986
2041,55-59,10331,12241,22572
2041,60-64,10516,13090,23606
2041,65-69,8250,10796,19046
2041,70-74,7494,10498,17992
2041,75-79,6943,10286,17229
2041,80-84,5495,8671,14166
2041,85-89,3498,5629,9127
2041,90-94,1196,2238,3434
2041,95-99,226,489,715
2041,100+,0,0,0
2042,0-4,4056,3788,7844
2042,5-9,4173,3897,8070
2042,10-14,4613,4303,8916
2042,15-19,5200,4839,10039
2042,20-24,6072,5685,11757
2042,25-29,8058,7818,15876
2042,30-34,6581,6177,12758
2042,35-39,6276,5999,12275
2042,40-44,7538,7128,14666
2042,45-49,8789,8529,17318
2042,50-54,8959,9636,18595
2042,55-59,9728,11571,21299
2042,60-64,10870,13241,24111
2042,65-69,8505,11156,19661
2042,70-74,7419,10379,17798
2042,75-79,6759,10067,16826
2042,80-84,5501,8902,14403
2042,85-89,3592,5894,9486
2042,90-94,1376,2538,3914
2042,95-99,250,540,790
2042,100+,0,0,0
2043,0-4,4059,3791,7850
2043,5-9,4124,3851,7975
2043,10-14,4505,4204,8709
2043,15-19,5084,4732,9816
2043,20-24,5747,5398,11145
2043,25-29,8023,7686,15709
2043,30-34,6662,6424,13086
2043,35-39,6334,5985,12319
2043,40-44,7273,6873,14146
2043,45-49,8523,8179,16702
2043,50-54,8889,9251,18140
2043,55-59,9193,11064,20257
2043,60-64,11017,13356,24373
2043,65-69,8863,11526,20389
2043,70-74,7313,10226,17539
2043,75-79,6633,9910,16543
2043,80-84,5527,8973,14500
2043,85-89,3667,6203,9870
2043,90-94,1522,2804,4326
2043,95-99,293,607,900
2043,100+,0,0,0
2044,0-4,4062,3794,7856
2044,5-9,4086,3816,7902
2044,10-14,4411,4118,8529
2044,15-19,4968,4625,9593
2044,20-24,5594,5202,10796
2044,25-29,7710,7332,15042
2044,30-34,6863,6724,13587
2044,35-39,6399,6007,12406
2044,40-44,6944,6650,13594
2044,45-49,8294,7945,16239
2044,50-54,8792,8884,17676
2044,55-59,8946,10642,19588
2044,60-64,10738,13043,23781
2044,65-69,9273,12092,21365
2044,70-74,7313,10081,17394
2044,75-79,6550,9813,16363
2044,80-84,5513,8958,14471
2044,85-89,3716,6462,10178
2044,90-94,1633,3010,4643
2044,95-99,349,720,1069
2044,100+,0,0,0
2045,0-4,4071,3803,7874
2045,5-9,4063,3796,7859
2045,10-14,4322,4034,8356
2045,15-19,4850,4519,9369
2045,20-24,5451,5069,10520
2045,25-29,7084,6771,13855
2045,30-34,7518,7301,14819
2045,35-39,6329,5948,12277
2045,40-44,6468,6192,12660
2045,45-49,8155,7834,15989
2045,50-54,8650,8630,17280
2045,55-59,8858,10173,19031
2045,60-64,10397,12711,23108
2045,65-69,9747,12564,22311
2045,70-74,7271,10021,17292
2045,75-79,6489,9741,16230
2045,80-84,5506,8977,14483
2045,85-89,3740,6652,10392
2045,90-94,1780,3309,5089
2045,95-99,403,854,1257
2045,100+,0,0,0
2046,0-4,4074,3807,7881
2046,5-9,4056,3788,7844
2046,10-14,4239,3959,8198
2046,15-19,4733,4412,9145
2046,20-24,5320,4949,10269
2046,25-29,6518,6209,12727
2046,30-34,7957,7669,15626
2046,35-39,6350,5999,12349
2046,40-44,6269,6000,12269
2046,45-49,7863,7534,15397
2046,50-54,8544,8513,17057
2046,55-59,8777,9816,18593
2046,60-64,9923,12051,21974
2046,65-69,9949,12783,22732
2046,70-74,7549,10364,17913
2046,75-79,6453,9724,16177
2046,80-84,5435,8916,14351
2046,85-89,3728,6707,10435
2046,90-94,1899,3594,5493
2046,95-99,470,1012,1482
2046,100+,0,0,0
2047,0-4,4065,3800,7865
2047,5-9,4056,3788,7844
2047,10-14,4173,3897,8070
2047,15-19,4613,4303,8916
2047,20-24,5200,4839,10039
2047,25-29,6068,5685,11753
2047,30-34,8033,7809,15842
2047,35-39,6549,6155,12704
2047,40-44,6212,5974,12186
2047,45-49,7409,7088,14497
2047,50-54,8575,8459,17034
2047,55-59,8683,9530,18213
2047,60-64,9349,11396,20745
2047,65-69,10292,12939,23231
2047,70-74,7792,10721,18513
2047,75-79,6397,9628,16025
2047,80-84,5303,8749,14052
2047,85-89,3749,6915,10664
2047,90-94,1958,3785,5743
2047,95-99,544,1158,1702
2047,100+,0,0,0
2048,0-4,4044,3782,7826
2048,5-9,4059,3791,7850
2048,10-14,4124,3851,7975
2048,15-19,4505,4204,8709
2048,20-24,5084,4732,9816
2048,25-29,5746,5398,11144
2048,30-34,7999,7677,15676
2048,35-39,6631,6399,13030
2048,40-44,6271,5960,12231
2048,45-49,7149,6836,13985
2048,50-54,8315,8112,16427
2048,55-59,8618,9150,17768
2048,60-64,8842,10902,19744
2048,65-69,10439,13057,23496
2048,70-74,8134,11085,19219
2048,75-79,6317,9498,15815
2048,80-84,5222,8635,13857
2048,85-89,3783,6996,10779
2048,90-94,2007,4006,6013
2048,95-99,605,1285,1890
2048,100+,0,0,0
2049,0-4,4007,3747,7754
2049,5-9,4062,3794,7856
2049,10-14,4086,3816,7902
2049,15-19,4411,4118,8529
2049,20-24,4968,4625,9593
2049,25-29,5594,5202,10796
2049,30-34,7688,7323,15011
2049,35-39,6831,6700,13531
2049,40-44,6337,5982,12319
2049,45-49,6825,6616,13441
2049,50-54,8094,7881,15975
2049,55-59,8526,8788,17314
2049,60-64,8609,10489,19098
2049,65-69,10182,12757,22939
2049,70-74,8523,11637,20160
2049,75-79,6332,9376,15708
2049,80-84,5174,8571,13745
2049,85-89,3787,7004,10791
2049,90-94,2041,4191,6232
2049,95-99,649,1391,2040
2049,100+,0,0,0
2050,0-4,3949,3693,7642
2050,5-9,4071,3803,7874
2050,10-14,4063,3796,7859
2050,15-19,4322,4034,8356
2050,20-24,4850,4519,9369
2050,25-29,5451,5069,10520
2050,30-34,7065,6764,13829
2050,35-39,7482,7276,14758
2050,40-44,6267,5923,12190
2050,45-49,6357,6161,12518
2050,50-54,7958,7772,15730
2050,55-59,8388,8537,16925
2050,60-64,8526,10027,18553
2050,65-69,9855,12431,22286
2050,70-74,8955,12089,21044
2050,75-79,6298,9324,15622
2050,80-84,5127,8512,13639
2050,85-89,3782,7019,10801
2050,90-94,2053,4312,6365
2050,95-99,703,1530,2233
2050,100+,0,0,0
2051,0-4,3873,3621,7494
2051,5-9,4074,3807,7881
2051,10-14,4056,3788,7844
2051,15-19,4239,3959,8198
2051,20-24,4733,4412,9145
2051,25-29,5320,4949,10269
2051,30-34,6501,6204,12705
2051,35-39,7918,7644,15562
2051,40-44,6288,5974,12262
2051,45-49,6164,5970,12134
2051,50-54,7673,7474,15147
2051,55-59,8285,8421,16706
2051,60-64,8447,9673,18120
2051,65-69,9403,11786,21189
2051,70-74,9140,12301,21441
2051,75-79,6547,9649,16196
2051,80-84,5100,8495,13595
2051,85-89,3728,6961,10689
2051,90-94,2047,4344,6391
2051,95-99,749,1663,2412
2051,100+,0,0,0
2052,0-4,3781,3534,7315
2052,5-9,4065,3800,7865
2052,10-14,4056,3788,7844
2052,15-19,4173,3897,8070
2052,20-24,4613,4303,8916
2052,25-29,5200,4839,10039
2052,30-34,6052,5683,11735
2052,35-39,7994,7784,15778
2052,40-44,6483,6130,12613
2052,45-49,6107,5945,12052
2052,50-54,7230,7031,14261
2052,55-59,8316,8368,16684
2052,60-64,8356,9393,17749
2052,65-69,8858,11144,20002
2052,70-74,9452,12450,21902
2052,75-79,6757,9984,16741
2052,80-84,5050,8409,13459
2052,85-89,3634,6833,10467
2052,90-94,2058,4479,6537
2052,95-99,771,1745,2516
2052,100+,0,0,0
2053,0-4,3681,3439,7120
2053,5-9,4044,3782,7826
2053,10-14,4059,3791,7850
2053,15-19,4124,3851,7975
2053,20-24,4505,4204,8709
2053,25-29,5084,4732,9816
2053,30-34,5731,5397,11128
2053,35-39,7958,7654,15612
2053,40-44,6566,6374,12940
2053,45-49,6165,5930,12095
2053,50-54,6976,6781,13757
2053,55-59,8062,8024,16086
2053,60-64,8294,9018,17312
2053,65-69,8380,10662,19042
2053,70-74,9584,12559,22143
2053,75-79,7053,10320,17373
2053,80-84,4988,8295,13283
2053,85-89,3583,6746,10329
2053,90-94,2078,4531,6609
2053,95-99,787,1843,2630
2053,100+,0,0,0
2054,0-4,3576,3342,6918
2054,5-9,4007,3747,7754
2054,10-14,4062,3794,7856
2054,15-19,4086,3816,7902
2054,20-24,4411,4118,8529
2054,25-29,4968,4625,9593
2054,30-34,5579,5202,10781
2054,35-39,7647,7302,14949
2054,40-44,6766,6675,13441
2054,45-49,6231,5952,12183
2054,50-54,6659,6562,13221
2054,55-59,7848,7795,15643
2054,60-64,8204,8661,16865
2054,65-69,8162,10258,18420
2054,70-74,9344,12268,21612
2054,75-79,7392,10832,18224
2054,80-84,5004,8186,13190
2054,85-89,3553,6696,10249
2054,90-94,2079,4533,6612
2054,95-99,798,1920,2718
2054,100+,0,0,0
2055,0-4,3467,3239,6706
2055,5-9,3949,3693,7642
2055,10-14,4071,3803,7874
2055,15-19,4063,3796,7859
2055,20-24,4322,4034,8356
2055,25-29,4850,4519,9369
2055,30-34,5437,5069,10506
2055,35-39,7027,6746,13773
2055,40-44,7411,7251,14662
2055,45-49,6163,5893,12056
2055,50-54,6206,6111,12317
2055,55-59,7721,7688,15409
2055,60-64,8078,8418,16496
2055,65-69,8094,9813,17907
2055,70-74,9054,11967,21021
2055,75-79,7782,11268,19050
2055,80-84,4995,8168,13163
2055,85-89,3539,6684,10223
2055,90-94,2087,4577,6664
2055,95-99,809,1997,2806
2055,100+,0,0,0
2056,0-4,3358,3137,6495
2056,5-9,3873,3621,7494
2056,10-14,4074,3807,7881
2056,15-19,4056,3788,7844
2056,20-24,4239,3959,8198
2056,25-29,4733,4412,9145
2056,30-34,5308,4949,10257
2056,35-39,6468,6189,12657
2056,40-44,7843,7619,15462
2056,45-49,6184,5945,12129
2056,50-54,6019,5922,11941
2056,55-59,7446,7396,14842
2056,60-64,7985,8306,16291
2056,65-69,8027,9471,17498
2056,70-74,8648,11354,20002
2056,75-79,7960,11486,19446
2056,80-84,5215,8486,13701
2056,85-89,3531,6693,10224
2056,90-94,2065,4555,6620
2056,95-99,813,2031,2844
2056,100+,0,0,0
2057,0-4,3251,3038,6289
2057,5-9,3781,3534,7315
2057,10-14,4065,3800,7865
2057,15-19,4056,3788,7844
2057,20-24,4173,3897,8070
2057,25-29,4613,4303,8916
2057,30-34,5190,4839,10029
2057,35-39,6022,5671,11693
2057,40-44,7919,7759,15678
2057,45-49,6379,6102,12481
2057,50-54,5965,5896,11861
2057,55-59,7019,6962,13981
2057,60-64,8019,8256,16275
2057,65-69,7946,9200,17146
2057,70-74,8158,10744,18902
2057,75-79,8242,11640,19882
2057,80-84,5396,8805,14201
2057,85-89,3503,6646,10149
2057,90-94,2017,4499,6516
2057,95-99,823,2116,2939
2057,100+,0,0,0
2058,0-4,3147,2942,6089
2058,5-9,3681,3439,7120
2058,10-14,4044,3782,7826
2058,15-19,4059,3791,7850
2058,20-24,4124,3851,7975
2058,25-29,4505,4204,8709
2058,30-34,5076,4732,9808
2058,35-39,5703,5388,11091
2058,40-44,7883,7629,15512
2058,45-49,6460,6346,12806
2058,50-54,6023,5882,11905
2058,55-59,6774,6714,13488
2058,60-64,7779,7918,15697
2058,65-69,7893,8839,16732
2058,70-74,7731,10289,18020
2058,75-79,8366,11753,20119
2058,80-84,5650,9117,14767
2058,85-89,3473,6573,10046
2058,90-94,2000,4468,6468
2058,95-99,837,2160,2997
2058,100+,0,0,0
2059,0-4,3050,2851,5901
2059,5-9,3576,3342,6918
2059,10-14,4007,3747,7754
2059,15-19,4062,3794,7856
2059,20-24,4086,3816,7902
2059,25-29,4411,4118,8529
2059,30-34,4962,4625,9587
2059,35-39,5551,5195,10746
2059,40-44,7575,7277,14852
2059,45-49,6658,6646,13304
2059,50-54,6089,5905,11994
2059,55-59,6467,6498,12965
2059,60-64,7575,7692,15267
2059,65-69,7814,8492,16306
2059,70-74,7542,9906,17448
2059,75-79,8163,11489,19652
2059,80-84,5939,9585,15524
2059,85-89,3502,6505,10007
2059,90-94,1994,4456,6450
2059,95-99,843,2175,3018
2059,100+,0,0,0
2060,0-4,2962,2770,5732
2060,5-9,3467,3239,6706
2060,10-14,3949,3693,7642
2060,15-19,4071,3803,7874
2060,20-24,4063,3796,7859
2060,25-29,4322,4034,8356
2060,30-34,4844,4519,9363
2060,35-39,5410,5064,10474
2060,40-44,6962,6721,13683
2060,45-49,7293,7217,14510
2060,50-54,6021,5848,11869
2060,55-59,6027,6052,12079
2060,60-64,7454,7587,15041
2060,65-69,7695,8253,15948
2060,70-74,7481,9476,16957
2060,75-79,7905,11204,19109
2060,80-84,6246,9965,16211
2060,85-89,3498,6497,9995
2060,90-94,1988,4455,6443
2060,95-99,846,2193,3039
2060,100+,0,0,0
2061,0-4,2881,2696,5577
2061,5-9,3358,3137,6495
2061,10-14,3873,3621,7494
2061,15-19,4074,3807,7881
2061,20-24,4056,3788,7844
2061,25-29,4239,3959,8198
2061,30-34,4727,4412,9139
2061,35-39,5282,4945,10227
2061,40-44,6406,6165,12571
2061,45-49,7719,7582,15301
2061,50-54,6042,5900,11942
2061,55-59,5845,5865,11710
2061,60-64,7188,7300,14488
2061,65-69,7607,8143,15750
2061,70-74,7420,9146,16566
2061,75-79,7546,10628,18174
2061,80-84,6389,10161,16550
2061,85-89,3660,6765,10425
2061,90-94,1983,4456,6439
2061,95-99,834,2172,3006
2061,100+,0,0,0
2062,0-4,2811,2630,5441
2062,5-9,3251,3038,6289
2062,10-14,3781,3534,7315
2062,15-19,4065,3800,7865
2062,20-24,4056,3788,7844
2062,25-29,4173,3897,8070
2062,30-34,4607,4303,8910
2062,35-39,5165,4836,10001
2062,40-44,5965,5647,11612
2062,45-49,7792,7721,15513
2062,50-54,6231,6055,12286
2062,55-59,5794,5841,11635
2062,60-64,6774,6870,13644
2062,65-69,7639,8094,15733
2062,70-74,7344,8883,16227
2062,75-79,7119,10056,17175
2062,80-84,6611,10292,16903
2062,85-89,3786,7024,10810
2062,90-94,1963,4419,6382
2062,95-99,810,2147,2957
2062,100+,0,0,0
2063,0-4,2746,2568,5314
2063,5-9,3147,2942,6089
2063,10-14,3681,3439,7120
2063,15-19,4044,3782,7826
2063,20-24,4059,3791,7850
2063,25-29,4124,3851,7975
2063,30-34,4499,4204,8703
2063,35-39,5051,4729,9780
2063,40-44,5650,5365,11015
2063,45-49,7755,7591,15346
2063,50-54,6312,6297,12609
2063,55-59,5852,5826,11678
2063,60-64,6537,6625,13162
2063,65-69,7409,7763,15172
2063,70-74,7294,8536,15830
2063,75-79,6753,9633,16386
2063,80-84,6706,10383,17089
2063,85-89,3963,7268,11231
2063,90-94,1946,4369,6315
2063,95-99,806,2134,2940
2063,100+,0,0,0
2064,0-4,2687,2513,5200
2064,5-9,3050,2851,5901
2064,10-14,3576,3342,6918
2064,15-19,4007,3747,7754
2064,20-24,4062,3794,7856
2064,25-29,4086,3816,7902
2064,30-34,4406,4118,8524
2064,35-39,4937,4622,9559
2064,40-44,5500,5173,10673
2064,45-49,7450,7240,14690
2064,50-54,6506,6596,13102
2064,55-59,5916,5849,11765
2064,60-64,6241,6412,12653
2064,65-69,7215,7541,14756
2064,70-74,7219,8201,15420
2064,75-79,6591,9275,15866
2064,80-84,6534,10143,16677
2064,85-89,4171,7637,11808
2064,90-94,1967,4323,6290
2064,95-99,805,2129,2934
2064,100+,0,0,0
2065,0-4,2633,2462,5095
2065,5-9,2962,2770,5732
2065,10-14,3467,3239,6706
2065,15-19,3949,3693,7642
2065,20-24,4071,3803,7874
2065,25-29,4063,3796,7859
2065,30-34,4318,4034,8352
2065,35-39,4820,4517,9337
2065,40-44,5361,5042,10403
2065,45-49,6848,6687,13535
2065,50-54,7128,7167,14295
2065,55-59,5852,5792,11644
2065,60-64,5822,5973,11795
2065,65-69,7105,7441,14546
2065,70-74,7119,7976,15095
2065,75-79,6552,8885,15437
2065,80-84,6335,9906,16241
2065,85-89,4395,7958,12353
2065,90-94,1975,4351,6326
2065,95-99,808,2154,2962
2065,100+,0,0,0
