統計年月,區域別,村里,出生數,出生數-男,出生數-女,死亡數,死亡數-男,死亡數-女,結婚對數,離婚對數,
10312,連江縣南竿鄉,仁愛村,1,1,0,0,0,0,1,0,
10312,連江縣南竿鄉,介壽村,2,1,1,1,0,1,1,1,
10312,連江縣南竿鄉,四維村,0,0,0,0,0,0,0,0,
10312,連江縣南竿鄉,復興村,3,1,2,2,2,0,1,0,
10312,連江縣南竿鄉,津沙村,0,0,0,0,0,0,0,0,
10312,連江縣南竿鄉,清水村,2,0,2,0,0,0,0,0,
10312,連江縣南竿鄉,珠螺村,0,0,0,1,1,0,0,0,
10312,連江縣南竿鄉,福沃村,1,1,0,1,1,0,1,0,
10312,連江縣南竿鄉,馬祖村,1,0,1,0,0,0,2,0,
10312,連江縣北竿鄉,后沃村,0,0,0,0,0,0,0,0,
10312,連江縣北竿鄉,坂里村,0,0,0,0,0,0,0,0,
10312,連江縣北竿鄉,塘岐村,0,0,0,0,0,0,1,0,
10312,連江縣北竿鄉,橋仔村,0,0,0,0,0,0,0,0,
10312,連江縣北竿鄉,白沙村,0,0,0,0,0,0,0,1,
10312,連江縣北竿鄉,芹壁村,1,0,1,1,0,1,0,0,
10312,連江縣莒光鄉,大坪村,0,0,0,0,0,0,0,0,
10312,連江縣莒光鄉,田沃村,0,0,0,0,0,0,0,0,
10312,連江縣莒光鄉,福正村,0,0,0,0,0,0,0,0,
10312,連江縣莒光鄉,西坵村,0,0,0,0,0,0,0,0,
10312,連江縣莒光鄉,青帆村,0,0,0,0,0,0,0,0,
10312,連江縣東引鄉,中柳村,1,1,0,0,0,0,2,0,
10312,連江縣東引鄉,樂華村,0,0,0,0,0,0,0,1,
10312,金門縣金城鎮,北門里,3,3,0,2,2,0,4,3,
10312,金門縣金城鎮,南門里,6,3,3,4,4,0,4,2,
10312,金門縣金城鎮,古城里,3,2,1,4,3,1,2,2,
10312,金門縣金城鎮,東門里,4,2,2,0,0,0,3,1,
10312,金門縣金城鎮,珠沙里,3,3,0,2,1,1,1,2,
10312,金門縣金城鎮,西門里,9,2,7,6,1,5,4,1,
10312,金門縣金城鎮,賢庵里,5,3,2,2,1,1,3,1,
10312,金門縣金城鎮,金水里,4,2,2,1,0,1,2,1,
10312,金門縣金沙鎮,三山里,2,0,2,0,0,0,1,0,
10312,金門縣金沙鎮,何斗里,4,4,0,2,0,2,3,0,
10312,金門縣金沙鎮,光前里,3,2,1,2,0,2,2,1,
10312,金門縣金沙鎮,大洋里,1,1,0,0,0,0,1,1,
10312,金門縣金沙鎮,官嶼里,3,3,0,3,2,1,2,0,
10312,金門縣金沙鎮,汶沙里,11,5,6,3,2,1,1,0,
10312,金門縣金沙鎮,浦山里,3,1,2,0,0,0,1,0,
10312,金門縣金沙鎮,西園里,3,2,1,1,1,0,2,0,
10312,金門縣金湖鎮,山外里,6,4,2,2,1,1,2,0,
10312,金門縣金湖鎮,料羅里,2,1,1,2,1,1,0,0,
10312,金門縣金湖鎮,新市里,12,5,7,2,1,1,4,0,
10312,金門縣金湖鎮,新湖里,15,8,7,3,3,0,7,0,
10312,金門縣金湖鎮,正義里,3,2,1,1,0,1,2,0,
10312,金門縣金湖鎮,溪湖里,0,0,0,2,1,1,2,0,
10312,金門縣金湖鎮,瓊林里,3,3,0,2,1,1,1,1,
10312,金門縣金湖鎮,蓮庵里,2,2,0,0,0,0,1,0,
10312,金門縣金寧鄉,古寧村,2,1,1,5,4,1,6,0,
10312,金門縣金寧鄉,后盤村,1,0,1,0,0,0,0,0,
10312,金門縣金寧鄉,安美村,11,6,5,2,2,0,1,0,
10312,金門縣金寧鄉,榜林村,1,1,0,0,0,0,4,2,
10312,金門縣金寧鄉,湖埔村,8,4,4,1,0,1,6,1,
10312,金門縣金寧鄉,盤山村,5,2,3,0,0,0,4,1,
10312,金門縣烈嶼鄉,上岐村,1,0,1,0,0,0,2,0,
10312,金門縣烈嶼鄉,上林村,7,3,4,2,1,1,2,0,
10312,金門縣烈嶼鄉,林湖村,7,5,2,2,2,0,2,0,
10312,金門縣烈嶼鄉,西口村,3,2,1,0,0,0,0,0,
10312,金門縣烈嶼鄉,黃埔村,1,1,0,1,1,0,1,0,
10312,金門縣烏坵鄉,大坵村,0,0,0,0,0,0,0,0,
10312,金門縣烏坵鄉,小坵村,1,0,1,0,0,0,1,0,
10312,宜蘭縣宜蘭市,七張里,1,1,0,2,2,0,2,0,
10312,宜蘭縣宜蘭市,七結里,3,2,1,0,0,0,1,0,
10312,宜蘭縣宜蘭市,中山里,2,2,0,1,0,1,1,0,
10312,宜蘭縣宜蘭市,中興里,2,1,1,0,0,0,2,1,
10312,宜蘭縣宜蘭市,凱旋里,3,2,1,2,1,1,0,0,
10312,宜蘭縣宜蘭市,北津里,1,0,1,1,1,0,1,1,
10312,宜蘭縣宜蘭市,北門里,0,0,0,2,1,1,1,0,
10312,宜蘭縣宜蘭市,南橋里,2,1,1,1,0,1,0,0,
10312,宜蘭縣宜蘭市,南津里,2,2,0,1,0,1,2,1,
10312,宜蘭縣宜蘭市,南門里,2,1,1,2,0,2,0,1,
10312,宜蘭縣宜蘭市,大新里,0,0,0,0,0,0,0,1,
10312,宜蘭縣宜蘭市,孝廉里,3,2,1,0,0,0,1,0,
10312,宜蘭縣宜蘭市,小東里,0,0,0,1,0,1,5,0,
10312,宜蘭縣宜蘭市,延平里,4,1,3,1,0,1,0,0,
10312,宜蘭縣宜蘭市,建業里,1,1,0,3,2,1,2,0,
10312,宜蘭縣宜蘭市,建軍里,0,0,0,2,2,0,2,1,
10312,宜蘭縣宜蘭市,復興里,1,0,1,2,1,1,1,0,
10312,宜蘭縣宜蘭市,思源里,8,5,3,2,1,1,4,3,
10312,宜蘭縣宜蘭市,慈安里,5,3,2,2,1,1,5,0,
10312,宜蘭縣宜蘭市,成功里,6,1,5,2,1,1,1,2,
10312,宜蘭縣宜蘭市,擺厘里,1,0,1,1,0,1,3,2,
10312,宜蘭縣宜蘭市,文化里,4,1,3,5,2,3,6,0,
10312,宜蘭縣宜蘭市,新東里,3,1,2,2,0,2,3,1,
10312,宜蘭縣宜蘭市,新民里,1,1,0,1,0,1,1,2,
10312,宜蘭縣宜蘭市,新生里,5,3,2,0,0,0,2,0,
10312,宜蘭縣宜蘭市,東村里,4,1,3,0,0,0,2,2,
10312,宜蘭縣宜蘭市,東門里,0,0,0,2,0,2,0,1,
10312,宜蘭縣宜蘭市,梅洲里,6,1,5,1,0,1,4,1,
10312,宜蘭縣宜蘭市,民族里,0,0,0,1,1,0,0,0,
10312,宜蘭縣宜蘭市,民權里,1,0,1,3,1,2,0,0,
10312,宜蘭縣宜蘭市,泰山里,1,1,0,1,1,0,0,0,
10312,宜蘭縣宜蘭市,神農里,2,1,1,2,2,0,2,1,
10312,宜蘭縣宜蘭市,茭白里,2,1,1,1,1,0,2,0,
10312,宜蘭縣宜蘭市,菜園里,3,2,1,0,0,0,0,0,
10312,宜蘭縣宜蘭市,西門里,2,1,1,1,0,1,0,0,
10312,宜蘭縣宜蘭市,負郭里,1,1,0,3,1,2,0,1,
10312,宜蘭縣宜蘭市,進士里,3,0,3,1,1,0,2,2,
10312,宜蘭縣宜蘭市,黎明里,3,1,2,0,0,0,2,0,
10312,宜蘭縣羅東鎮,中山里,2,0,2,3,0,3,1,0,
10312,宜蘭縣羅東鎮,仁和里,1,0,1,1,1,0,0,0,
10312,宜蘭縣羅東鎮,仁德里,0,0,0,4,2,2,3,0,
10312,宜蘭縣羅東鎮,仁愛里,3,1,2,0,0,0,0,1,
10312,宜蘭縣羅東鎮,信義里,5,3,2,3,2,1,3,0,
10312,宜蘭縣羅東鎮,公正里,1,1,0,6,3,3,2,1,
10312,宜蘭縣羅東鎮,北成里,4,3,1,1,1,0,3,1,
10312,宜蘭縣羅東鎮,南昌里,3,0,3,1,1,0,2,3,
10312,宜蘭縣羅東鎮,南豪里,1,1,0,1,0,1,1,1,
10312,宜蘭縣羅東鎮,國華里,5,2,3,7,3,4,4,0,
10312,宜蘭縣羅東鎮,大新里,1,0,1,2,1,1,0,0,
10312,宜蘭縣羅東鎮,成功里,2,2,0,0,0,0,0,0,
10312,宜蘭縣羅東鎮,新群里,0,0,0,1,0,1,2,0,
10312,宜蘭縣羅東鎮,東安里,7,5,2,2,1,1,1,0,
10312,宜蘭縣羅東鎮,樹林里,2,1,1,2,2,0,0,0,
10312,宜蘭縣羅東鎮,漢民里,3,1,2,3,2,1,5,1,
10312,宜蘭縣羅東鎮,竹林里,3,2,1,2,1,1,4,0,
10312,宜蘭縣羅東鎮,維揚里,5,3,2,3,2,1,2,2,
10312,宜蘭縣羅東鎮,羅莊里,4,3,1,2,1,1,3,1,
10312,宜蘭縣羅東鎮,西安里,4,4,0,4,3,1,2,0,
10312,宜蘭縣羅東鎮,賢文里,5,2,3,3,1,2,5,2,
10312,宜蘭縣羅東鎮,開明里,0,0,0,2,0,2,0,1,
10312,宜蘭縣羅東鎮,集祥里,1,0,1,3,2,1,0,0,
10312,宜蘭縣蘇澳鎮,南安里,0,0,0,0,0,0,0,0,
10312,宜蘭縣蘇澳鎮,南寧里,0,0,0,1,1,0,1,0,
10312,宜蘭縣蘇澳鎮,南建里,2,1,1,2,2,0,2,0,
10312,宜蘭縣蘇澳鎮,南強里,0,0,0,1,1,0,0,0,
10312,宜蘭縣蘇澳鎮,南成里,2,2,0,1,1,0,1,0,
10312,宜蘭縣蘇澳鎮,南正里,0,0,0,2,1,1,0,1,
10312,宜蘭縣蘇澳鎮,南興里,1,0,1,2,1,1,0,1,
10312,宜蘭縣蘇澳鎮,存仁里,1,0,1,0,0,0,1,0,
10312,宜蘭縣蘇澳鎮,新城里,1,0,1,3,1,2,2,2,
10312,宜蘭縣蘇澳鎮,朝陽里,1,1,0,1,1,0,0,0,
10312,宜蘭縣蘇澳鎮,東澳里,1,1,0,2,1,1,0,0,
10312,宜蘭縣蘇澳鎮,永光里,0,0,0,0,0,0,0,0,
10312,宜蘭縣蘇澳鎮,永春里,1,1,0,0,0,0,0,1,
10312,宜蘭縣蘇澳鎮,永榮里,4,3,1,3,2,1,3,0,
10312,宜蘭縣蘇澳鎮,永樂里,0,0,0,1,0,1,0,0,
10312,宜蘭縣蘇澳鎮,港邊里,1,0,1,0,0,0,2,0,
10312,宜蘭縣蘇澳鎮,聖愛里,0,0,0,1,1,0,3,0,
10312,宜蘭縣蘇澳鎮,聖湖里,2,1,1,1,1,0,2,0,
10312,宜蘭縣蘇澳鎮,蘇北里,2,1,1,2,1,1,0,1,
10312,宜蘭縣蘇澳鎮,蘇南里,1,1,0,2,2,0,0,0,
10312,宜蘭縣蘇澳鎮,蘇東里,0,0,0,2,0,2,0,0,
10312,宜蘭縣蘇澳鎮,蘇西里,3,3,0,4,2,2,4,0,
10312,宜蘭縣蘇澳鎮,長安里,0,0,0,1,0,1,1,1,
10312,宜蘭縣蘇澳鎮,隘丁里,2,1,1,0,0,0,0,1,
10312,宜蘭縣蘇澳鎮,頂寮里,0,0,0,2,0,2,0,0,
10312,宜蘭縣蘇澳鎮,龍德里,7,4,3,2,0,2,2,0,
10312,宜蘭縣頭城鎮,下埔里,0,0,0,1,0,1,1,0,
10312,宜蘭縣頭城鎮,中崙里,0,0,0,2,1,1,0,0,
10312,宜蘭縣頭城鎮,二城里,1,1,0,0,0,0,0,0,
10312,宜蘭縣頭城鎮,合興里,0,0,0,0,0,0,1,0,
10312,宜蘭縣頭城鎮,城北里,0,0,0,1,0,1,0,1,
10312,宜蘭縣頭城鎮,城南里,0,0,0,0,0,0,0,0,
10312,宜蘭縣頭城鎮,城東里,0,0,0,0,0,0,2,0,
10312,宜蘭縣頭城鎮,城西里,1,0,1,1,1,0,1,1,
10312,宜蘭縣頭城鎮,外澳里,1,1,0,0,0,0,1,0,
10312,宜蘭縣頭城鎮,大坑里,0,0,0,1,1,0,0,1,
10312,宜蘭縣頭城鎮,大溪里,0,0,0,1,1,0,1,1,
10312,宜蘭縣頭城鎮,大里里,0,0,0,0,0,0,0,0,
10312,宜蘭縣頭城鎮,拔雅里,2,0,2,2,2,0,0,0,
10312,宜蘭縣頭城鎮,新建里,1,1,0,3,3,0,0,0,
10312,宜蘭縣頭城鎮,更新里,4,3,1,2,1,1,2,0,
10312,宜蘭縣頭城鎮,武營里,0,0,0,1,1,0,1,0,
10312,宜蘭縣頭城鎮,港口里,0,0,0,0,0,0,0,1,
10312,宜蘭縣頭城鎮,石城里,0,0,0,1,1,0,0,0,
10312,宜蘭縣頭城鎮,福成里,1,0,1,0,0,0,0,1,
10312,宜蘭縣頭城鎮,竹安里,4,1,3,1,1,0,0,1,
10312,宜蘭縣頭城鎮,金盈里,1,1,0,1,1,0,0,0,
10312,宜蘭縣頭城鎮,金面里,1,1,0,1,0,1,1,0,
10312,宜蘭縣頭城鎮,頂埔里,0,0,0,0,0,0,0,1,
10312,宜蘭縣頭城鎮,龜山里,1,0,1,2,1,1,0,0,
10312,宜蘭縣礁溪鄉,三民村,2,0,2,3,2,1,3,0,
10312,宜蘭縣礁溪鄉,二結村,0,0,0,1,1,0,0,0,
10312,宜蘭縣礁溪鄉,二龍村,2,1,1,0,0,0,0,0,
10312,宜蘭縣礁溪鄉,光武村,0,0,0,2,1,1,2,0,
10312,宜蘭縣礁溪鄉,六結村,1,0,1,2,1,1,0,1,
10312,宜蘭縣礁溪鄉,匏崙村,2,1,1,2,2,0,2,0,
10312,宜蘭縣礁溪鄉,吳沙村,4,2,2,7,4,3,2,0,
10312,宜蘭縣礁溪鄉,大忠村,0,0,0,2,1,1,2,0,
10312,宜蘭縣礁溪鄉,大義村,1,0,1,0,0,0,0,0,
10312,宜蘭縣礁溪鄉,德陽村,0,0,0,4,2,2,3,1,
10312,宜蘭縣礁溪鄉,時潮村,1,1,0,1,1,0,0,1,
10312,宜蘭縣礁溪鄉,林美村,0,0,0,2,2,0,2,0,
10312,宜蘭縣礁溪鄉,玉光村,0,0,0,2,1,1,1,0,
10312,宜蘭縣礁溪鄉,玉田村,1,0,1,3,1,2,2,0,
10312,宜蘭縣礁溪鄉,玉石村,0,0,0,2,1,1,0,1,
10312,宜蘭縣礁溪鄉,白雲村,1,1,0,2,0,2,1,0,
10312,宜蘭縣礁溪鄉,白鵝村,2,1,1,0,0,0,0,0,
10312,宜蘭縣礁溪鄉,龍潭村,7,4,3,4,2,2,4,1,
10312,宜蘭縣壯圍鄉,功勞村,1,0,1,0,0,0,0,0,
10312,宜蘭縣壯圍鄉,古亭村,3,0,3,2,1,1,2,1,
10312,宜蘭縣壯圍鄉,古結村,1,1,0,0,0,0,0,1,
10312,宜蘭縣壯圍鄉,吉祥村,3,2,1,3,3,0,1,0,
10312,宜蘭縣壯圍鄉,大福村,2,1,1,1,1,0,1,0,
10312,宜蘭縣壯圍鄉,復興村,1,1,0,0,0,0,0,0,
10312,宜蘭縣壯圍鄉,忠孝村,1,0,1,5,4,1,3,1,
10312,宜蘭縣壯圍鄉,新南村,1,1,0,4,1,3,1,0,
10312,宜蘭縣壯圍鄉,新社村,3,1,2,1,1,0,0,0,
10312,宜蘭縣壯圍鄉,東港村,0,0,0,2,1,1,0,0,
10312,宜蘭縣壯圍鄉,永鎮村,2,2,0,1,0,1,0,1,
10312,宜蘭縣壯圍鄉,美城村,2,1,1,2,2,0,3,0,
10312,宜蘭縣壯圍鄉,美福村,3,2,1,3,2,1,0,0,
10312,宜蘭縣壯圍鄉,過嶺村,2,1,1,0,0,0,1,0,
10312,宜蘭縣員山鄉,七賢村,1,1,0,1,1,0,1,0,
10312,宜蘭縣員山鄉,中華村,0,0,0,0,0,0,0,0,
10312,宜蘭縣員山鄉,內城村,0,0,0,3,2,1,5,0,
10312,宜蘭縣員山鄉,同樂村,3,1,2,2,0,2,3,0,
10312,宜蘭縣員山鄉,員山村,8,5,3,8,3,5,8,0,
10312,宜蘭縣員山鄉,尚德村,4,2,2,3,2,1,7,1,
10312,宜蘭縣員山鄉,惠好村,1,1,0,0,0,0,2,0,
10312,宜蘭縣員山鄉,枕山村,1,1,0,2,1,1,0,0,
10312,宜蘭縣員山鄉,永和村,2,2,0,2,2,0,1,0,
10312,宜蘭縣員山鄉,深溝村,3,2,1,2,2,0,2,0,
10312,宜蘭縣員山鄉,湖北村,0,0,0,0,0,0,0,0,
10312,宜蘭縣員山鄉,湖東村,0,0,0,0,0,0,0,0,
10312,宜蘭縣員山鄉,湖西村,2,2,0,1,1,0,0,0,
10312,宜蘭縣員山鄉,蓁巷村,0,0,0,2,1,1,0,0,
10312,宜蘭縣員山鄉,逸仙村,0,0,0,0,0,0,0,0,
10312,宜蘭縣員山鄉,頭分村,0,0,0,1,0,1,0,0,
10312,宜蘭縣冬山鄉,三奇村,1,1,0,3,2,1,1,1,
10312,宜蘭縣冬山鄉,中山村,1,1,0,0,0,0,0,0,
10312,宜蘭縣冬山鄉,丸山村,1,1,0,2,2,0,2,1,
10312,宜蘭縣冬山鄉,八寶村,2,1,1,0,0,0,0,0,
10312,宜蘭縣冬山鄉,冬山村,0,0,0,0,0,0,0,0,
10312,宜蘭縣冬山鄉,南興村,2,2,0,1,0,1,4,0,
10312,宜蘭縣冬山鄉,大興村,0,0,0,0,0,0,0,0,
10312,宜蘭縣冬山鄉,大進村,0,0,0,0,0,0,0,0,
10312,宜蘭縣冬山鄉,太和村,0,0,0,0,0,0,2,0,
10312,宜蘭縣冬山鄉,安平村,1,0,1,0,0,0,2,0,
10312,宜蘭縣冬山鄉,廣安村,0,0,0,0,0,0,3,0,
10312,宜蘭縣冬山鄉,廣興村,1,1,0,0,0,0,2,0,
10312,宜蘭縣冬山鄉,得安村,1,1,0,2,1,1,2,1,
10312,宜蘭縣冬山鄉,東城村,2,1,1,2,1,1,2,0,
10312,宜蘭縣冬山鄉,柯林村,1,1,0,1,1,0,0,1,
10312,宜蘭縣冬山鄉,武淵村,0,0,0,1,0,1,2,0,
10312,宜蘭縣冬山鄉,永美村,1,1,0,2,1,1,2,0,
10312,宜蘭縣冬山鄉,清溝村,2,1,1,2,0,2,1,0,
10312,宜蘭縣冬山鄉,珍珠村,1,0,1,1,0,1,1,1,
10312,宜蘭縣冬山鄉,群英村,4,1,3,9,7,2,4,0,
10312,宜蘭縣冬山鄉,補城村,2,2,0,1,0,1,0,0,
10312,宜蘭縣冬山鄉,順安村,2,2,0,5,4,1,1,2,
10312,宜蘭縣冬山鄉,香和村,3,2,1,1,1,0,4,2,
10312,宜蘭縣冬山鄉,鹿埔村,2,1,1,2,1,1,1,0,
10312,宜蘭縣五結鄉,三興村,1,0,1,3,3,0,1,1,
10312,宜蘭縣五結鄉,上四村,2,2,0,2,2,0,0,0,
10312,宜蘭縣五結鄉,中興村,1,1,0,2,2,0,0,0,
10312,宜蘭縣五結鄉,二結村,1,1,0,2,2,0,1,0,
10312,宜蘭縣五結鄉,五結村,1,1,0,1,1,0,3,1,
10312,宜蘭縣五結鄉,利澤村,2,2,0,2,1,1,1,0,
10312,宜蘭縣五結鄉,協和村,3,2,1,2,2,0,5,1,
10312,宜蘭縣五結鄉,四結村,1,0,1,2,1,1,1,1,
10312,宜蘭縣五結鄉,大吉村,2,0,2,1,1,0,3,0,
10312,宜蘭縣五結鄉,孝威村,0,0,0,1,0,1,0,1,
10312,宜蘭縣五結鄉,季新村,5,3,2,3,3,0,3,1,
10312,宜蘭縣五結鄉,成興村,1,1,0,0,0,0,0,1,
10312,宜蘭縣五結鄉,福興村,0,0,0,5,1,4,5,1,
10312,宜蘭縣五結鄉,錦眾村,0,0,0,0,0,0,1,3,
10312,宜蘭縣五結鄉,鎮安村,2,2,0,3,2,1,2,0,
10312,宜蘭縣三星鄉,人和村,0,0,0,2,2,0,1,0,
10312,宜蘭縣三星鄉,員山村,1,1,0,0,0,0,0,0,
10312,宜蘭縣三星鄉,大洲村,1,1,0,0,0,0,0,0,
10312,宜蘭縣三星鄉,大義村,1,0,1,2,0,2,0,0,
10312,宜蘭縣三星鄉,大隱村,2,2,0,2,1,1,3,2,
10312,宜蘭縣三星鄉,天山村,0,0,0,1,0,1,0,0,
10312,宜蘭縣三星鄉,天福村,1,0,1,0,0,0,0,0,
10312,宜蘭縣三星鄉,尚武村,0,0,0,0,0,0,0,0,
10312,宜蘭縣三星鄉,尾塹村,2,1,1,2,0,2,3,1,
10312,宜蘭縣三星鄉,拱照村,1,1,0,1,1,0,0,0,
10312,宜蘭縣三星鄉,月眉村,0,0,0,1,1,0,1,0,
10312,宜蘭縣三星鄉,義德村,0,0,0,1,0,1,2,0,
10312,宜蘭縣三星鄉,萬富村,2,2,0,0,0,0,2,0,
10312,宜蘭縣三星鄉,萬德村,0,0,0,0,0,0,0,1,
10312,宜蘭縣三星鄉,行健村,0,0,0,2,0,2,1,0,
10312,宜蘭縣三星鄉,貴林村,0,0,0,0,0,0,0,0,
10312,宜蘭縣三星鄉,集慶村,0,0,0,1,0,1,1,0,
10312,宜蘭縣三星鄉,雙賢村,0,0,0,0,0,0,2,0,
10312,宜蘭縣大同鄉,南山村,1,1,0,1,0,1,0,0,
10312,宜蘭縣大同鄉,四季村,2,1,1,0,0,0,1,0,
10312,宜蘭縣大同鄉,太平村,0,0,0,0,0,0,0,0,
10312,宜蘭縣大同鄉,寒溪村,1,0,1,3,3,0,1,0,
10312,宜蘭縣大同鄉,崙埤村,0,0,0,0,0,0,1,0,
10312,宜蘭縣大同鄉,復興村,1,0,1,0,0,0,1,0,
10312,宜蘭縣大同鄉,松羅村,1,1,0,0,0,0,1,0,
10312,宜蘭縣大同鄉,樂水村,0,0,0,2,1,1,0,0,
10312,宜蘭縣大同鄉,英士村,0,0,0,0,0,0,0,0,
10312,宜蘭縣大同鄉,茂安村,1,0,1,0,0,0,0,0,
10312,宜蘭縣南澳鄉,南澳村,1,1,0,1,0,1,1,0,
10312,宜蘭縣南澳鄉,東岳村,0,0,0,0,0,0,0,0,
10312,宜蘭縣南澳鄉,武塔村,1,0,1,1,0,1,2,0,
10312,宜蘭縣南澳鄉,澳花村,1,1,0,0,0,0,1,0,
10312,宜蘭縣南澳鄉,碧候村,2,0,2,0,0,0,1,0,
10312,宜蘭縣南澳鄉,金岳村,1,1,0,0,0,0,0,0,
10312,宜蘭縣南澳鄉,金洋村,1,1,0,1,1,0,0,0,
10312,新竹縣竹北市,中興里,12,7,5,1,1,0,6,1,
10312,新竹縣竹北市,北崙里,6,5,1,0,0,0,1,0,
10312,新竹縣竹北市,北興里,4,2,2,0,0,0,1,0,
10312,新竹縣竹北市,十興里,7,1,6,2,2,0,7,3,
10312,新竹縣竹北市,大眉里,2,0,2,0,0,0,2,2,
10312,新竹縣竹北市,大義里,1,1,0,0,0,0,0,4,
10312,新竹縣竹北市,尚義里,1,1,0,2,2,0,2,0,
10312,新竹縣竹北市,崇義里,1,0,1,1,1,0,1,2,
10312,新竹縣竹北市,文化里,4,2,2,0,0,0,0,0,
10312,新竹縣竹北市,斗崙里,28,10,18,0,0,0,10,3,
10312,新竹縣竹北市,新國里,9,7,2,1,1,0,4,1,
10312,新竹縣竹北市,新崙里,9,6,3,1,1,0,4,2,
10312,新竹縣竹北市,新庄里,1,0,1,0,0,0,0,0,
10312,新竹縣竹北市,新港里,3,2,1,1,0,1,0,1,
10312,新竹縣竹北市,新社里,12,7,5,4,4,0,7,1,
10312,新竹縣竹北市,東平里,29,15,14,1,1,0,8,2,
10312,新竹縣竹北市,東海里,7,4,3,2,2,0,2,0,
10312,新竹縣竹北市,東興里,10,5,5,0,0,0,5,1,
10312,新竹縣竹北市,泰和里,7,5,2,3,1,2,7,0,
10312,新竹縣竹北市,溪州里,0,0,0,2,1,1,0,1,
10312,新竹縣竹北市,白地里,2,1,1,2,2,0,0,1,
10312,新竹縣竹北市,福德里,2,1,1,1,1,0,1,0,
10312,新竹縣竹北市,竹仁里,21,8,13,5,4,1,6,2,
10312,新竹縣竹北市,竹北里,10,6,4,0,0,0,6,1,
10312,新竹縣竹北市,竹義里,4,2,2,7,6,1,5,3,
10312,新竹縣竹北市,聯興里,6,2,4,1,0,1,2,3,
10312,新竹縣竹北市,興安里,7,3,4,1,1,0,3,0,
10312,新竹縣竹北市,隘口里,10,6,4,3,2,1,3,1,
10312,新竹縣竹北市,鹿場里,24,11,13,2,1,1,7,1,
10312,新竹縣竹北市,麻園里,1,0,1,2,2,0,3,1,
10312,新竹縣竹東鎮,三重里,10,4,6,3,3,0,9,1,
10312,新竹縣竹東鎮,上坪里,1,0,1,0,0,0,0,0,
10312,新竹縣竹東鎮,上舘里,14,3,11,8,7,1,5,3,
10312,新竹縣竹東鎮,中山里,0,0,0,2,2,0,1,1,
10312,新竹縣竹東鎮,中正里,3,3,0,1,1,0,0,0,
10312,新竹縣竹東鎮,二重里,4,2,2,8,8,0,8,3,
10312,新竹縣竹東鎮,五豐里,8,2,6,3,1,2,6,5,
10312,新竹縣竹東鎮,仁愛里,4,2,2,2,0,2,2,0,
10312,新竹縣竹東鎮,南華里,1,0,1,1,0,1,1,1,
10312,新竹縣竹東鎮,員山里,3,1,2,1,1,0,1,0,
10312,新竹縣竹東鎮,員崠里,2,1,1,2,1,1,2,0,
10312,新竹縣竹東鎮,商華里,1,1,0,6,1,5,6,2,
10312,新竹縣竹東鎮,大鄉里,6,2,4,0,0,0,4,0,
10312,新竹縣竹東鎮,忠孝里,0,0,0,1,0,1,0,0,
10312,新竹縣竹東鎮,東寧里,1,0,1,5,1,4,1,0,
10312,新竹縣竹東鎮,東華里,0,0,0,1,1,0,1,0,
10312,新竹縣竹東鎮,柯湖里,2,0,2,2,1,1,0,2,
10312,新竹縣竹東鎮,榮樂里,1,1,0,0,0,0,1,0,
10312,新竹縣竹東鎮,榮華里,5,2,3,11,7,4,6,4,
10312,新竹縣竹東鎮,瑞峰里,1,0,1,1,0,1,1,0,
10312,新竹縣竹東鎮,竹東里,0,0,0,3,3,0,1,1,
10312,新竹縣竹東鎮,軟橋里,0,0,0,0,0,0,1,0,
10312,新竹縣竹東鎮,陸豐里,2,2,0,1,0,1,2,0,
10312,新竹縣竹東鎮,頭重里,6,3,3,4,1,3,3,4,
10312,新竹縣竹東鎮,鷄林里,5,4,1,2,2,0,4,0,
10312,新竹縣新埔鎮,上寮里,3,2,1,1,0,1,3,2,
10312,新竹縣新埔鎮,下寮里,5,1,4,1,1,0,4,0,
10312,新竹縣新埔鎮,五埔里,1,0,1,2,1,1,4,2,
10312,新竹縣新埔鎮,內立里,1,1,0,2,1,1,1,0,
10312,新竹縣新埔鎮,北平里,2,2,0,1,1,0,0,0,
10312,新竹縣新埔鎮,南平里,0,0,0,1,1,0,1,0,
10312,新竹縣新埔鎮,四座里,4,4,0,4,2,2,4,1,
10312,新竹縣新埔鎮,寶石里,2,2,0,3,1,2,0,0,
10312,新竹縣新埔鎮,巨埔里,0,0,0,1,1,0,1,1,
10312,新竹縣新埔鎮,文山里,8,2,6,5,2,3,1,0,
10312,新竹縣新埔鎮,新北里,2,0,2,0,0,0,0,0,
10312,新竹縣新埔鎮,新埔里,0,0,0,1,1,0,0,0,
10312,新竹縣新埔鎮,新民里,2,1,1,1,1,0,1,0,
10312,新竹縣新埔鎮,新生里,0,0,0,0,0,0,0,1,
10312,新竹縣新埔鎮,旱坑里,2,0,2,1,1,0,0,0,
10312,新竹縣新埔鎮,清水里,0,0,0,1,0,1,0,0,
10312,新竹縣新埔鎮,照門里,1,0,1,5,3,2,2,0,
10312,新竹縣新埔鎮,田新里,2,1,1,2,2,0,5,2,
10312,新竹縣新埔鎮,鹿鳴里,0,0,0,2,2,0,1,0,
10312,新竹縣關西鎮,上林里,3,2,1,0,0,0,2,0,
10312,新竹縣關西鎮,仁安里,0,0,0,0,0,0,1,0,
10312,新竹縣關西鎮,北山里,0,0,0,1,0,1,0,0,
10312,新竹縣關西鎮,北斗里,5,3,2,6,4,2,3,2,
10312,新竹縣關西鎮,南和里,0,0,0,2,1,1,0,0,
10312,新竹縣關西鎮,南山里,3,0,3,1,0,1,1,0,
10312,新竹縣關西鎮,南新里,1,0,1,1,1,0,0,0,
10312,新竹縣關西鎮,南雄里,0,0,0,0,0,0,1,0,
10312,新竹縣關西鎮,大同里,0,0,0,0,0,0,0,1,
10312,新竹縣關西鎮,新力里,0,0,0,0,0,0,0,0,
10312,新竹縣關西鎮,新富里,0,0,0,1,1,0,1,0,
10312,新竹縣關西鎮,東光里,2,1,1,1,0,1,0,0,
10312,新竹縣關西鎮,東安里,5,0,5,1,1,0,1,1,
10312,新竹縣關西鎮,東山里,0,0,0,2,1,1,0,1,
10312,新竹縣關西鎮,東平里,0,0,0,0,0,0,0,0,
10312,新竹縣關西鎮,東興里,0,0,0,0,0,0,1,0,
10312,新竹縣關西鎮,玉山里,0,0,0,0,0,0,0,0,
10312,新竹縣關西鎮,石光里,1,1,0,3,2,1,0,0,
10312,新竹縣關西鎮,西安里,0,0,0,1,1,0,0,1,
10312,新竹縣關西鎮,金山里,0,0,0,2,2,0,0,1,
10312,新竹縣關西鎮,錦山里,0,0,0,1,1,0,1,1,
10312,新竹縣湖口鄉,中勢村,4,1,3,0,0,0,1,0,
10312,新竹縣湖口鄉,中正村,1,1,0,0,0,0,3,1,
10312,新竹縣湖口鄉,中興村,10,8,2,3,3,0,11,2,
10312,新竹縣湖口鄉,仁勢村,1,0,1,1,1,0,0,0,
10312,新竹縣湖口鄉,信勢村,3,0,3,4,1,3,2,1,
10312,新竹縣湖口鄉,信義村,1,0,1,1,0,1,1,1,
10312,新竹縣湖口鄉,勝利村,6,2,4,4,3,1,5,0,
10312,新竹縣湖口鄉,和興村,3,2,1,2,1,1,3,1,
10312,新竹縣湖口鄉,孝勢村,0,0,0,0,0,0,2,1,
10312,新竹縣湖口鄉,德盛村,7,6,1,1,1,0,7,2,
10312,新竹縣湖口鄉,愛勢村,6,3,3,2,2,0,8,1,
10312,新竹縣湖口鄉,東興村,1,1,0,2,1,1,2,1,
10312,新竹縣湖口鄉,波羅村,3,3,0,0,0,0,2,1,
10312,新竹縣湖口鄉,湖南村,3,0,3,2,1,1,2,1,
10312,新竹縣湖口鄉,湖口村,0,0,0,3,2,1,2,0,
10312,新竹縣湖口鄉,湖鏡村,6,2,4,3,2,1,2,0,
10312,新竹縣湖口鄉,長安村,2,1,1,1,0,1,1,0,
10312,新竹縣湖口鄉,長嶺村,1,1,0,4,2,2,1,0,
10312,新竹縣湖口鄉,鳳凰村,4,2,2,3,1,2,4,1,
10312,新竹縣湖口鄉,鳳山村,6,2,4,2,2,0,2,1,
10312,新竹縣新豐鄉,上坑村,1,0,1,2,1,1,1,1,
10312,新竹縣新豐鄉,中崙村,6,4,2,1,0,1,3,0,
10312,新竹縣新豐鄉,員山村,5,3,2,1,0,1,1,0,
10312,新竹縣新豐鄉,坡頭村,2,1,1,0,0,0,3,0,
10312,新竹縣新豐鄉,埔和村,3,0,3,5,3,2,3,0,
10312,新竹縣新豐鄉,山崎村,1,1,0,3,2,1,2,2,
10312,新竹縣新豐鄉,崎頂村,4,3,1,1,0,1,3,2,
10312,新竹縣新豐鄉,後湖村,0,0,0,1,1,0,1,0,
10312,新竹縣新豐鄉,忠孝村,5,0,5,2,1,1,3,1,
10312,新竹縣新豐鄉,新豐村,6,3,3,4,3,1,0,1,
10312,新竹縣新豐鄉,松林村,4,3,1,4,2,2,4,1,
10312,新竹縣新豐鄉,松柏村,9,4,5,1,1,0,7,0,
10312,新竹縣新豐鄉,瑞興村,1,1,0,1,1,0,1,1,
10312,新竹縣新豐鄉,福興村,2,0,2,0,0,0,2,0,
10312,新竹縣新豐鄉,重興村,3,2,1,6,4,2,6,2,
10312,新竹縣新豐鄉,青埔村,1,1,0,2,2,0,1,0,
10312,新竹縣新豐鄉,鳳坑村,1,0,1,2,2,0,1,0,
10312,新竹縣芎林鄉,上山村,7,4,3,1,1,0,2,0,
10312,新竹縣芎林鄉,下山村,0,0,0,0,0,0,1,0,
10312,新竹縣芎林鄉,中坑村,2,1,1,1,0,1,0,0,
10312,新竹縣芎林鄉,五龍村,0,0,0,2,2,0,0,0,
10312,新竹縣芎林鄉,文林村,5,4,1,1,1,0,2,0,
10312,新竹縣芎林鄉,新鳳村,2,2,0,2,1,1,1,0,
10312,新竹縣芎林鄉,水坑村,0,0,0,0,0,0,0,0,
10312,新竹縣芎林鄉,永興村,1,1,0,1,1,0,0,0,
10312,新竹縣芎林鄉,石潭村,4,2,2,1,1,0,6,1,
10312,新竹縣芎林鄉,秀湖村,1,1,0,1,1,0,1,0,
10312,新竹縣芎林鄉,芎林村,2,0,2,1,1,0,2,2,
10312,新竹縣芎林鄉,華龍村,1,1,0,1,1,0,0,0,
10312,新竹縣橫山鄉,內灣村,1,0,1,2,0,2,0,0,
10312,新竹縣橫山鄉,力行村,0,0,0,1,0,1,0,1,
10312,新竹縣橫山鄉,南昌村,0,0,0,0,0,0,1,0,
10312,新竹縣橫山鄉,大肚村,3,1,2,2,1,1,0,0,
10312,新竹縣橫山鄉,新興村,1,1,0,3,1,2,0,1,
10312,新竹縣橫山鄉,橫山村,3,2,1,6,2,4,4,1,
10312,新竹縣橫山鄉,沙坑村,1,1,0,0,0,0,0,0,
10312,新竹縣橫山鄉,田寮村,0,0,0,1,1,0,0,0,
10312,新竹縣橫山鄉,福興村,0,0,0,0,0,0,1,0,
10312,新竹縣橫山鄉,豐田村,0,0,0,0,0,0,3,0,
10312,新竹縣橫山鄉,豐鄉村,0,0,0,0,0,0,0,0,
10312,新竹縣北埔鄉,北埔村,2,1,1,0,0,0,1,0,
10312,新竹縣北埔鄉,南坑村,1,0,1,2,0,2,0,0,
10312,新竹縣北埔鄉,南埔村,0,0,0,2,1,1,0,0,
10312,新竹縣北埔鄉,南興村,3,2,1,3,1,2,0,0,
10312,新竹縣北埔鄉,埔尾村,2,2,0,6,4,2,5,2,
10312,新竹縣北埔鄉,外坪村,0,0,0,0,0,0,0,0,
10312,新竹縣北埔鄉,大林村,0,0,0,1,1,0,2,0,
10312,新竹縣北埔鄉,大湖村,0,0,0,0,0,0,1,0,
10312,新竹縣北埔鄉,水磜村,0,0,0,1,1,0,0,0,
10312,新竹縣寶山鄉,三峰村,0,0,0,0,0,0,1,1,
10312,新竹縣寶山鄉,大崎村,3,3,0,0,0,0,3,0,
10312,新竹縣寶山鄉,寶山村,0,0,0,2,1,1,2,1,
10312,新竹縣寶山鄉,寶斗村,0,0,0,1,0,1,0,0,
10312,新竹縣寶山鄉,山湖村,0,0,0,0,0,0,0,0,
10312,新竹縣寶山鄉,新城村,2,2,0,3,2,1,0,2,
10312,新竹縣寶山鄉,油田村,1,0,1,0,0,0,0,0,
10312,新竹縣寶山鄉,深井村,1,0,1,0,0,0,2,1,
10312,新竹縣寶山鄉,雙新村,3,2,1,1,1,0,4,0,
10312,新竹縣寶山鄉,雙溪村,1,1,0,2,1,1,2,1,
10312,新竹縣峨眉鄉,七星村,0,0,0,2,1,1,0,0,
10312,新竹縣峨眉鄉,中盛村,0,0,0,0,0,0,0,0,
10312,新竹縣峨眉鄉,富興村,0,0,0,3,0,3,3,0,
10312,新竹縣峨眉鄉,峨眉村,1,1,0,1,0,1,0,0,
10312,新竹縣峨眉鄉,湖光村,0,0,0,0,0,0,0,0,
10312,新竹縣峨眉鄉,石井村,1,1,0,1,0,1,0,0,
10312,新竹縣尖石鄉,嘉樂村,3,2,1,1,1,0,0,0,
10312,新竹縣尖石鄉,新樂村,5,1,4,1,1,0,0,0,
10312,新竹縣尖石鄉,梅花村,0,0,0,0,0,0,0,1,
10312,新竹縣尖石鄉,玉峰村,3,1,2,2,2,0,0,2,
10312,新竹縣尖石鄉,秀巒村,3,1,2,2,2,0,0,1,
10312,新竹縣尖石鄉,義興村,1,1,0,0,0,0,2,0,
10312,新竹縣尖石鄉,錦屏村,0,0,0,2,2,0,0,1,
10312,新竹縣五峰鄉,大隘村,3,2,1,6,3,3,1,1,
10312,新竹縣五峰鄉,桃山村,2,2,0,2,1,1,0,0,
10312,新竹縣五峰鄉,竹林村,0,0,0,2,1,1,0,0,
10312,新竹縣五峰鄉,花園村,0,0,0,0,0,0,0,0,
10312,苗栗縣苗栗市,上苗里,2,2,0,0,0,0,0,1,
10312,苗栗縣苗栗市,中苗里,4,2,2,1,0,1,0,1,
10312,苗栗縣苗栗市,勝利里,4,3,1,6,3,3,1,1,
10312,苗栗縣苗栗市,北苗里,4,3,1,3,2,1,5,0,
10312,苗栗縣苗栗市,南勢里,1,0,1,3,3,0,1,1,
10312,苗栗縣苗栗市,嘉新里,6,3,3,3,3,0,1,0,
10312,苗栗縣苗栗市,嘉盛里,4,2,2,4,2,2,5,2,
10312,苗栗縣苗栗市,大同里,1,1,0,1,1,0,0,0,
10312,苗栗縣苗栗市,建功里,6,2,4,3,0,3,1,2,
10312,苗栗縣苗栗市,恭敬里,5,1,4,1,0,1,3,0,
10312,苗栗縣苗栗市,文山里,4,1,3,1,1,0,3,1,
10312,苗栗縣苗栗市,文聖里,1,0,1,2,2,0,3,2,
10312,苗栗縣苗栗市,新川里,2,2,0,0,0,0,1,0,
10312,苗栗縣苗栗市,新苗里,2,1,1,1,0,1,0,1,
10312,苗栗縣苗栗市,新英里,4,4,0,2,2,0,1,0,
10312,苗栗縣苗栗市,水源里,7,3,4,2,0,2,2,1,
10312,苗栗縣苗栗市,清華里,6,3,3,6,3,3,2,0,
10312,苗栗縣苗栗市,玉清里,1,0,1,1,1,0,2,0,
10312,苗栗縣苗栗市,玉苗里,1,1,0,0,0,0,0,1,
10312,苗栗縣苗栗市,玉華里,2,1,1,1,0,1,2,0,
10312,苗栗縣苗栗市,福安里,7,4,3,4,2,2,1,1,
10312,苗栗縣苗栗市,福星里,5,4,1,2,2,0,0,0,
10312,苗栗縣苗栗市,福麗里,5,4,1,2,1,1,9,1,
10312,苗栗縣苗栗市,綠苗里,1,0,1,0,0,0,1,2,
10312,苗栗縣苗栗市,維新里,5,2,3,7,4,3,3,1,
10312,苗栗縣苗栗市,維祥里,5,4,1,2,1,1,2,0,
10312,苗栗縣苗栗市,青苗里,0,0,0,1,0,1,0,1,
10312,苗栗縣苗栗市,高苗里,6,2,4,0,0,0,1,2,
10312,苗栗縣苑裡鎮,上舘里,1,1,0,3,3,0,0,0,
10312,苗栗縣苑裡鎮,中正里,2,2,0,3,1,2,1,1,
10312,苗栗縣苑裡鎮,南勢里,2,1,1,1,0,1,0,0,
10312,苗栗縣苑裡鎮,客庄里,4,1,3,5,1,4,3,2,
10312,苗栗縣苑裡鎮,山柑里,2,1,1,0,0,0,1,0,
10312,苗栗縣苑裡鎮,山脚里,0,0,0,0,0,0,1,0,
10312,苗栗縣苑裡鎮,房裡里,3,1,2,2,2,0,1,1,
10312,苗栗縣苑裡鎮,新復里,4,3,1,1,1,0,1,0,
10312,苗栗縣苑裡鎮,水坡里,0,0,0,0,0,0,2,0,
10312,苗栗縣苑裡鎮,泰田里,0,0,0,3,2,1,2,0,
10312,苗栗縣苑裡鎮,海岸里,0,0,0,3,2,1,1,0,
10312,苗栗縣苑裡鎮,玉田里,0,0,0,2,0,2,2,1,
10312,苗栗縣苑裡鎮,田心里,2,1,1,1,0,1,4,0,
10312,苗栗縣苑裡鎮,石鎮里,0,0,0,0,0,0,0,0,
10312,苗栗縣苑裡鎮,社苓里,4,1,3,4,1,3,4,1,
10312,苗栗縣苑裡鎮,福田里,3,2,1,1,1,0,1,0,
10312,苗栗縣苑裡鎮,舊社里,4,4,0,0,0,0,0,0,
10312,苗栗縣苑裡鎮,苑北里,0,0,0,1,0,1,1,0,
10312,苗栗縣苑裡鎮,苑南里,2,2,0,4,1,3,0,0,
10312,苗栗縣苑裡鎮,苑坑里,2,1,1,0,0,0,2,0,
10312,苗栗縣苑裡鎮,苑東里,0,0,0,5,5,0,4,0,
10312,苗栗縣苑裡鎮,苑港里,2,1,1,0,0,0,0,0,
10312,苗栗縣苑裡鎮,蕉埔里,0,0,0,3,2,1,1,0,
10312,苗栗縣苑裡鎮,西勢里,1,1,0,1,1,0,2,1,
10312,苗栗縣苑裡鎮,西平里,2,0,2,2,2,0,2,0,
10312,苗栗縣通霄鎮,五北里,2,0,2,2,1,1,0,0,
10312,苗栗縣通霄鎮,五南里,2,1,1,1,0,1,3,0,
10312,苗栗縣通霄鎮,內島里,2,1,1,1,0,1,1,0,
10312,苗栗縣通霄鎮,內湖里,4,3,1,0,0,0,3,2,
10312,苗栗縣通霄鎮,南和里,0,0,0,3,1,2,0,0,
10312,苗栗縣通霄鎮,圳頭里,1,0,1,0,0,0,1,0,
10312,苗栗縣通霄鎮,坪頂里,0,0,0,1,1,0,0,0,
10312,苗栗縣通霄鎮,城北里,1,1,0,1,0,1,0,0,
10312,苗栗縣通霄鎮,城南里,0,0,0,2,1,1,2,0,
10312,苗栗縣通霄鎮,平元里,1,0,1,2,2,0,4,0,
10312,苗栗縣通霄鎮,平安里,3,3,0,1,0,1,0,0,
10312,苗栗縣通霄鎮,新埔里,3,1,2,2,1,1,1,0,
10312,苗栗縣通霄鎮,梅南里,3,1,2,1,1,0,1,1,
10312,苗栗縣通霄鎮,楓樹里,0,0,0,2,2,0,1,0,
10312,苗栗縣通霄鎮,烏眉里,2,1,1,2,2,0,2,0,
10312,苗栗縣通霄鎮,白東里,2,0,2,2,1,1,0,0,
10312,苗栗縣通霄鎮,白西里,0,0,0,2,1,1,1,0,
10312,苗栗縣通霄鎮,福源里,3,1,2,0,0,0,0,0,
10312,苗栗縣通霄鎮,福興里,2,1,1,0,0,0,0,0,
10312,苗栗縣通霄鎮,福龍里,0,0,0,0,0,0,0,0,
10312,苗栗縣通霄鎮,通南里,3,2,1,0,0,0,3,0,
10312,苗栗縣通霄鎮,通東里,2,0,2,1,0,1,0,2,
10312,苗栗縣通霄鎮,通灣里,1,0,1,1,1,0,2,0,
10312,苗栗縣通霄鎮,通西里,3,2,1,2,0,2,2,0,
10312,苗栗縣竹南鎮,中港里,0,0,0,1,0,1,1,0,
10312,苗栗縣竹南鎮,中美里,4,4,0,1,0,1,6,1,
10312,苗栗縣竹南鎮,中英里,2,1,1,2,0,2,0,0,
10312,苗栗縣竹南鎮,中華里,2,1,1,2,2,0,4,0,
10312,苗栗縣竹南鎮,佳興里,8,4,4,1,1,0,3,1,
10312,苗栗縣竹南鎮,公義里,1,1,0,0,0,0,0,1,
10312,苗栗縣竹南鎮,公舘里,2,1,1,2,0,2,0,0,
10312,苗栗縣竹南鎮,大厝里,11,4,7,5,4,1,2,1,
10312,苗栗縣竹南鎮,大埔里,7,3,4,3,3,0,6,1,
10312,苗栗縣竹南鎮,天文里,5,3,2,1,1,0,1,0,
10312,苗栗縣竹南鎮,山佳里,7,3,4,0,0,0,4,1,
10312,苗栗縣竹南鎮,崎頂里,12,6,6,1,0,1,4,1,
10312,苗栗縣竹南鎮,新南里,8,3,5,8,4,4,5,3,
10312,苗栗縣竹南鎮,正南里,4,1,3,0,0,0,3,0,
10312,苗栗縣竹南鎮,海口里,5,2,3,4,1,3,1,1,
10312,苗栗縣竹南鎮,港墘里,3,1,2,3,2,1,2,0,
10312,苗栗縣竹南鎮,照南里,5,4,1,2,0,2,1,0,
10312,苗栗縣竹南鎮,營盤里,9,5,4,2,0,2,2,2,
10312,苗栗縣竹南鎮,竹南里,2,1,1,1,1,0,2,0,
10312,苗栗縣竹南鎮,竹興里,3,2,1,3,1,2,5,2,
10312,苗栗縣竹南鎮,聖福里,4,2,2,2,2,0,4,3,
10312,苗栗縣竹南鎮,開元里,5,2,3,0,0,0,1,0,
10312,苗栗縣竹南鎮,頂埔里,1,0,1,3,2,1,4,0,
10312,苗栗縣竹南鎮,龍山里,3,3,0,3,1,2,3,2,
10312,苗栗縣竹南鎮,龍鳳里,4,1,3,1,1,0,1,2,
10312,苗栗縣頭份鎮,上埔里,4,3,1,5,2,3,1,1,
10312,苗栗縣頭份鎮,上興里,5,1,4,0,0,0,1,1,
10312,苗栗縣頭份鎮,下興里,5,3,2,1,0,1,1,0,
10312,苗栗縣頭份鎮,仁愛里,4,2,2,2,1,1,2,0,
10312,苗栗縣頭份鎮,信義里,1,1,0,0,0,0,0,0,
10312,苗栗縣頭份鎮,合興里,3,0,3,0,0,0,3,1,
10312,苗栗縣頭份鎮,和平里,2,2,0,3,1,2,0,0,
10312,苗栗縣頭份鎮,土牛里,0,0,0,1,1,0,0,0,
10312,苗栗縣頭份鎮,尖下里,3,1,2,5,2,3,1,0,
10312,苗栗縣頭份鎮,尖山里,2,1,1,1,1,0,2,0,
10312,苗栗縣頭份鎮,山下里,5,2,3,2,2,0,5,1,
10312,苗栗縣頭份鎮,廣興里,0,0,0,1,1,0,1,0,
10312,苗栗縣頭份鎮,建國里,8,5,3,4,0,4,3,0,
10312,苗栗縣頭份鎮,後庄里,8,5,3,0,0,0,7,0,
10312,苗栗縣頭份鎮,忠孝里,0,0,0,1,1,0,6,0,
10312,苗栗縣頭份鎮,成功里,4,1,3,3,2,1,2,0,
10312,苗栗縣頭份鎮,文化里,4,1,3,1,1,0,4,1,
10312,苗栗縣頭份鎮,斗煥里,8,3,5,2,2,0,1,1,
10312,苗栗縣頭份鎮,新華里,4,3,1,3,1,2,2,0,
10312,苗栗縣頭份鎮,東庄里,5,3,2,2,2,0,0,0,
10312,苗栗縣頭份鎮,民族里,1,1,0,0,0,0,1,1,
10312,苗栗縣頭份鎮,民權里,5,3,2,0,0,0,3,1,
10312,苗栗縣頭份鎮,民生里,4,2,2,5,3,2,2,1,
10312,苗栗縣頭份鎮,流東里,3,3,0,4,3,1,1,1,
10312,苗栗縣頭份鎮,濫坑里,0,0,0,2,2,0,2,1,
10312,苗栗縣頭份鎮,珊湖里,1,1,0,2,2,0,0,0,
10312,苗栗縣頭份鎮,田寮里,5,1,4,3,1,2,7,1,
10312,苗栗縣頭份鎮,自強里,5,4,1,0,0,0,2,0,
10312,苗栗縣頭份鎮,興隆里,9,2,7,2,2,0,5,2,
10312,苗栗縣頭份鎮,蘆竹里,0,0,0,0,0,0,5,1,
10312,苗栗縣頭份鎮,蟠桃里,15,7,8,1,1,0,6,1,
10312,苗栗縣頭份鎮,頭份里,4,3,1,0,0,0,5,1,
10312,苗栗縣後龍鎮,中和里,1,1,0,6,3,3,0,0,
10312,苗栗縣後龍鎮,中龍里,0,0,0,2,0,2,0,0,
10312,苗栗縣後龍鎮,北龍里,2,1,1,3,2,1,0,0,
10312,苗栗縣後龍鎮,南港里,0,0,0,2,2,0,2,1,
10312,苗栗縣後龍鎮,南龍里,3,2,1,1,0,1,0,1,
10312,苗栗縣後龍鎮,埔頂里,1,1,0,1,1,0,6,1,
10312,苗栗縣後龍鎮,外埔里,1,1,0,2,2,0,0,0,
10312,苗栗縣後龍鎮,大山里,0,0,0,2,1,1,3,0,
10312,苗栗縣後龍鎮,大庄里,6,4,2,4,3,1,2,1,
10312,苗栗縣後龍鎮,復興里,1,0,1,0,0,0,1,1,
10312,苗栗縣後龍鎮,新民里,1,0,1,3,1,2,1,0,
10312,苗栗縣後龍鎮,東明里,0,0,0,1,1,0,1,0,
10312,苗栗縣後龍鎮,校椅里,0,0,0,0,0,0,1,3,
10312,苗栗縣後龍鎮,水尾里,1,0,1,1,0,1,0,0,
10312,苗栗縣後龍鎮,海埔里,3,1,2,3,2,1,0,0,
10312,苗栗縣後龍鎮,海寶里,0,0,0,3,1,2,2,0,
10312,苗栗縣後龍鎮,溪洲里,2,0,2,5,2,3,1,1,
10312,苗栗縣後龍鎮,灣寶里,1,0,1,1,0,1,1,2,
10312,苗栗縣後龍鎮,福寧里,0,0,0,1,1,0,1,0,
10312,苗栗縣後龍鎮,秀水里,0,0,0,0,0,0,0,0,
10312,苗栗縣後龍鎮,豐富里,2,0,2,2,1,1,0,0,
10312,苗栗縣後龍鎮,龍坑里,2,2,0,2,2,0,3,1,
10312,苗栗縣後龍鎮,龍津里,3,1,2,0,0,0,0,0,
10312,苗栗縣卓蘭鎮,上新里,3,1,2,4,2,2,2,1,
10312,苗栗縣卓蘭鎮,中街里,1,0,1,1,1,0,4,1,
10312,苗栗縣卓蘭鎮,內灣里,5,4,1,4,1,3,1,1,
10312,苗栗縣卓蘭鎮,坪林里,3,1,2,3,2,1,1,0,
10312,苗栗縣卓蘭鎮,新厝里,1,0,1,2,2,0,2,0,
10312,苗栗縣卓蘭鎮,新榮里,0,0,0,1,0,1,1,0,
10312,苗栗縣卓蘭鎮,景山里,3,2,1,1,0,1,0,0,
10312,苗栗縣卓蘭鎮,老庄里,2,2,0,3,1,2,2,0,
10312,苗栗縣卓蘭鎮,苗豐里,2,1,1,1,1,0,0,0,
10312,苗栗縣卓蘭鎮,西坪里,1,0,1,1,1,0,0,0,
10312,苗栗縣卓蘭鎮,豐田里,0,0,0,3,1,2,1,1,
10312,苗栗縣大湖鄉,南湖村,0,0,0,1,0,1,2,0,
10312,苗栗縣大湖鄉,大南村,0,0,0,1,1,0,0,0,
10312,苗栗縣大湖鄉,大寮村,0,0,0,2,2,0,1,0,
10312,苗栗縣大湖鄉,大湖村,6,2,4,1,1,0,3,0,
10312,苗栗縣大湖鄉,富興村,2,0,2,1,1,0,2,0,
10312,苗栗縣大湖鄉,新開村,1,1,0,1,0,1,2,0,
10312,苗栗縣大湖鄉,明湖村,1,1,0,0,0,0,0,0,
10312,苗栗縣大湖鄉,東興村,0,0,0,0,0,0,0,0,
10312,苗栗縣大湖鄉,栗林村,0,0,0,3,2,1,0,0,
10312,苗栗縣大湖鄉,武榮村,0,0,0,1,0,1,0,0,
10312,苗栗縣大湖鄉,義和村,2,1,1,0,0,0,2,0,
10312,苗栗縣大湖鄉,靜湖村,0,0,0,2,1,1,3,0,
10312,苗栗縣公館鄉,中義村,2,0,2,1,1,0,1,0,
10312,苗栗縣公館鄉,五谷村,3,2,1,1,1,0,1,0,
10312,苗栗縣公館鄉,仁安村,1,1,0,1,1,0,1,0,
10312,苗栗縣公館鄉,北河村,1,1,0,0,0,0,0,0,
10312,苗栗縣公館鄉,南河村,0,0,0,0,0,0,0,0,
10312,苗栗縣公館鄉,大坑村,0,0,0,0,0,0,0,0,
10312,苗栗縣公館鄉,尖山村,1,1,0,4,2,2,1,0,
10312,苗栗縣公館鄉,玉泉村,4,3,1,1,0,1,0,0,
10312,苗栗縣公館鄉,玉谷村,5,4,1,2,1,1,3,2,
10312,苗栗縣公館鄉,石墻村,2,0,2,4,1,3,2,0,
10312,苗栗縣公館鄉,福基村,0,0,0,5,3,2,2,0,
10312,苗栗縣公館鄉,福德村,0,0,0,0,0,0,0,0,
10312,苗栗縣公館鄉,福星村,5,4,1,1,1,0,0,1,
10312,苗栗縣公館鄉,開礦村,0,0,0,1,0,1,0,0,
10312,苗栗縣公館鄉,館中村,1,1,0,3,3,0,0,0,
10312,苗栗縣公館鄉,館南村,5,3,2,0,0,0,2,3,
10312,苗栗縣公館鄉,館東村,4,1,3,3,2,1,1,0,
10312,苗栗縣公館鄉,鶴山村,3,2,1,1,1,0,1,1,
10312,苗栗縣公館鄉,鶴岡村,2,1,1,3,1,2,0,0,
10312,苗栗縣銅鑼鄉,中平村,2,1,1,1,1,0,2,0,
10312,苗栗縣銅鑼鄉,九湖村,2,0,2,1,1,0,0,1,
10312,苗栗縣銅鑼鄉,新隆村,0,0,0,0,0,0,0,0,
10312,苗栗縣銅鑼鄉,朝陽村,3,1,2,3,2,1,0,0,
10312,苗栗縣銅鑼鄉,樟樹村,1,1,0,0,0,0,0,0,
10312,苗栗縣銅鑼鄉,盛隆村,0,0,0,0,0,0,1,0,
10312,苗栗縣銅鑼鄉,福興村,0,0,0,0,0,0,2,0,
10312,苗栗縣銅鑼鄉,竹森村,1,1,0,2,1,1,1,0,
10312,苗栗縣銅鑼鄉,興隆村,1,0,1,1,1,0,1,0,
10312,苗栗縣銅鑼鄉,銅鑼村,9,1,8,4,3,1,7,2,
10312,苗栗縣南庄鄉,南富村,1,0,1,1,1,0,0,0,
10312,苗栗縣南庄鄉,南江村,1,1,0,5,3,2,3,0,
10312,苗栗縣南庄鄉,員林村,0,0,0,3,1,2,0,0,
10312,苗栗縣南庄鄉,東村,5,1,4,3,2,1,0,0,
10312,苗栗縣南庄鄉,東河村,1,1,0,0,0,0,0,0,
10312,苗栗縣南庄鄉,獅山村,1,1,0,1,0,1,0,0,
10312,苗栗縣南庄鄉,田美村,0,0,0,1,1,0,1,0,
10312,苗栗縣南庄鄉,蓬萊村,1,1,0,0,0,0,0,0,
10312,苗栗縣南庄鄉,西村,0,0,0,0,0,0,0,0,
10312,苗栗縣頭屋鄉,北坑村,1,1,0,0,0,0,0,0,
10312,苗栗縣頭屋鄉,明德村,1,1,0,2,1,1,0,1,
10312,苗栗縣頭屋鄉,曲洞村,1,1,0,0,0,0,1,0,
10312,苗栗縣頭屋鄉,獅潭村,2,0,2,2,1,1,1,0,
10312,苗栗縣頭屋鄉,象山村,2,0,2,1,1,0,1,1,
10312,苗栗縣頭屋鄉,頭屋村,3,1,2,1,1,0,3,3,
10312,苗栗縣頭屋鄉,飛鳳村,0,0,0,0,0,0,0,0,
10312,苗栗縣頭屋鄉,鳴鳳村,0,0,0,2,2,0,0,0,
10312,苗栗縣三義鄉,勝興村,5,3,2,2,1,1,6,3,
10312,苗栗縣三義鄉,双湖村,3,2,1,1,1,0,0,0,
10312,苗栗縣三義鄉,双潭村,1,0,1,2,1,1,0,1,
10312,苗栗縣三義鄉,廣盛村,3,2,1,2,0,2,4,3,
10312,苗栗縣三義鄉,西湖村,1,0,1,1,1,0,4,0,
10312,苗栗縣三義鄉,鯉魚潭村,1,1,0,5,3,2,1,1,
10312,苗栗縣三義鄉,龍騰村,0,0,0,0,0,0,1,0,
10312,苗栗縣西湖鄉,三湖村,0,0,0,0,0,0,2,0,
10312,苗栗縣西湖鄉,下埔村,0,0,0,0,0,0,1,0,
10312,苗栗縣西湖鄉,二湖村,0,0,0,0,0,0,0,0,
10312,苗栗縣西湖鄉,五湖村,1,0,1,2,1,1,1,1,
10312,苗栗縣西湖鄉,四湖村,1,1,0,1,1,0,0,0,
10312,苗栗縣西湖鄉,湖東村,0,0,0,1,1,0,1,0,
10312,苗栗縣西湖鄉,金獅村,0,0,0,0,0,0,0,1,
10312,苗栗縣西湖鄉,高埔村,2,2,0,0,0,0,0,0,
10312,苗栗縣西湖鄉,龍洞村,0,0,0,0,0,0,1,0,
10312,苗栗縣造橋鄉,大西村,1,1,0,2,0,2,3,1,
10312,苗栗縣造橋鄉,大龍村,0,0,0,0,0,0,0,0,
10312,苗栗縣造橋鄉,平興村,0,0,0,1,1,0,0,0,
10312,苗栗縣造橋鄉,朝陽村,4,2,2,2,1,1,2,0,
10312,苗栗縣造橋鄉,談文村,2,1,1,2,0,2,2,0,
10312,苗栗縣造橋鄉,豐湖村,3,2,1,0,0,0,1,0,
10312,苗栗縣造橋鄉,造橋村,4,2,2,1,0,1,1,1,
10312,苗栗縣造橋鄉,錦水村,3,2,1,0,0,0,1,0,
10312,苗栗縣造橋鄉,龍昇村,0,0,0,1,0,1,0,0,
10312,苗栗縣三灣鄉,三灣村,1,0,1,3,3,0,4,1,
10312,苗栗縣三灣鄉,內灣村,0,0,0,1,0,1,1,0,
10312,苗栗縣三灣鄉,北埔村,0,0,0,0,0,0,0,0,
10312,苗栗縣三灣鄉,大坪村,0,0,0,0,0,0,2,0,
10312,苗栗縣三灣鄉,大河村,1,1,0,1,0,1,1,0,
10312,苗栗縣三灣鄉,永和村,1,0,1,0,0,0,0,0,
10312,苗栗縣三灣鄉,銅鏡村,2,0,2,0,0,0,3,2,
10312,苗栗縣三灣鄉,頂寮村,0,0,0,1,0,1,0,0,
10312,苗栗縣獅潭鄉,和興村,0,0,0,1,1,0,2,1,
10312,苗栗縣獅潭鄉,新店村,1,0,1,2,2,0,2,0,
10312,苗栗縣獅潭鄉,新豐村,1,0,1,0,0,0,0,0,
10312,苗栗縣獅潭鄉,永興村,0,0,0,0,0,0,2,0,
10312,苗栗縣獅潭鄉,百壽村,0,0,0,0,0,0,0,0,
10312,苗栗縣獅潭鄉,竹木村,0,0,0,3,1,2,0,0,
10312,苗栗縣獅潭鄉,豐林村,1,0,1,1,1,0,1,0,
10312,苗栗縣泰安鄉,中興村,1,1,0,1,0,1,1,0,
10312,苗栗縣泰安鄉,八卦村,0,0,0,0,0,0,0,0,
10312,苗栗縣泰安鄉,士林村,0,0,0,0,0,0,1,0,
10312,苗栗縣泰安鄉,大興村,1,0,1,3,2,1,0,0,
10312,苗栗縣泰安鄉,梅園村,0,0,0,0,0,0,1,0,
10312,苗栗縣泰安鄉,清安村,1,1,0,1,1,0,1,0,
10312,苗栗縣泰安鄉,象鼻村,0,0,0,0,0,0,0,0,
10312,苗栗縣泰安鄉,錦水村,1,0,1,1,1,0,0,0,
10312,彰化縣彰化市,三村里,1,1,0,1,1,0,0,0,
10312,彰化縣彰化市,下廍里,5,2,3,5,1,4,4,0,
10312,彰化縣彰化市,中央里,0,0,0,2,1,1,1,1,
10312,彰化縣彰化市,中山里,2,0,2,2,0,2,3,0,
10312,彰化縣彰化市,中庄里,3,1,2,0,0,0,2,0,
10312,彰化縣彰化市,中正里,1,0,1,3,0,3,0,0,
10312,彰化縣彰化市,五權里,5,3,2,1,1,0,6,0,
10312,彰化縣彰化市,介壽里,1,0,1,3,2,1,0,0,
10312,彰化縣彰化市,信義里,1,1,0,2,2,0,2,0,
10312,彰化縣彰化市,光南里,0,0,0,2,1,1,0,0,
10312,彰化縣彰化市,光復里,0,0,0,1,1,0,2,0,
10312,彰化縣彰化市,光華里,2,1,1,1,1,0,2,0,
10312,彰化縣彰化市,南安里,2,2,0,3,2,1,0,0,
10312,彰化縣彰化市,南瑶里,6,2,4,7,4,3,4,0,
10312,彰化縣彰化市,南美里,3,2,1,1,1,0,0,1,
10312,彰化縣彰化市,南興里,4,1,3,6,4,2,6,3,
10312,彰化縣彰化市,卦山里,7,2,5,2,2,0,2,1,
10312,彰化縣彰化市,古夷里,4,2,2,2,0,2,2,1,
10312,彰化縣彰化市,台鳳里,3,2,1,0,0,0,3,1,
10312,彰化縣彰化市,向陽里,11,9,2,0,0,0,6,1,
10312,彰化縣彰化市,和調里,2,2,0,0,0,0,3,1,
10312,彰化縣彰化市,國聖里,8,4,4,2,2,0,4,1,
10312,彰化縣彰化市,大同里,2,2,0,3,2,1,1,0,
10312,彰化縣彰化市,大竹里,4,2,2,0,0,0,3,0,
10312,彰化縣彰化市,安溪里,4,2,2,2,2,0,0,0,
10312,彰化縣彰化市,富貴里,0,0,0,0,0,0,1,0,
10312,彰化縣彰化市,寶廍里,2,1,1,4,2,2,1,0,
10312,彰化縣彰化市,崙平里,6,3,3,3,2,1,11,1,
10312,彰化縣彰化市,平和里,5,3,2,2,1,1,2,0,
10312,彰化縣彰化市,延和里,6,4,2,5,2,3,7,0,
10312,彰化縣彰化市,延平里,11,4,7,3,3,0,9,2,
10312,彰化縣彰化市,建寶里,3,2,1,1,1,0,2,0,
10312,彰化縣彰化市,彰安里,1,1,0,1,0,1,1,0,
10312,彰化縣彰化市,復興里,4,1,3,1,1,0,5,0,
10312,彰化縣彰化市,忠孝里,0,0,0,1,0,1,2,0,
10312,彰化縣彰化市,忠權里,3,0,3,3,1,2,6,0,
10312,彰化縣彰化市,快官里,0,0,0,2,1,1,1,0,
10312,彰化縣彰化市,成功里,1,0,1,0,0,0,3,0,
10312,彰化縣彰化市,文化里,0,0,0,2,1,1,2,0,
10312,彰化縣彰化市,新興里,3,0,3,1,1,0,3,1,
10312,彰化縣彰化市,新華里,2,2,0,2,1,1,2,0,
10312,彰化縣彰化市,東興里,0,0,0,1,0,1,1,0,
10312,彰化縣彰化市,東芳里,3,1,2,2,0,2,2,2,
10312,彰化縣彰化市,桃源里,3,1,2,2,2,0,0,1,
10312,彰化縣彰化市,民權里,2,1,1,0,0,0,1,0,
10312,彰化縣彰化市,民生里,1,0,1,0,0,0,3,1,
10312,彰化縣彰化市,永生里,0,0,0,3,1,2,1,0,
10312,彰化縣彰化市,永福里,0,0,0,1,1,0,3,0,
10312,彰化縣彰化市,牛埔里,3,2,1,2,1,1,2,0,
10312,彰化縣彰化市,田中里,1,0,1,1,1,0,1,0,
10312,彰化縣彰化市,石牌里,3,1,2,1,0,1,1,0,
10312,彰化縣彰化市,磚󿾨里,2,0,2,0,0,0,3,1,
10312,彰化縣彰化市,福安里,1,1,0,0,0,0,1,0,
10312,彰化縣彰化市,福山里,12,8,4,6,4,2,7,2,
10312,彰化縣彰化市,福田里,2,1,1,1,1,0,2,1,
10312,彰化縣彰化市,竹中里,1,1,0,0,0,0,0,0,
10312,彰化縣彰化市,竹巷里,0,0,0,0,0,0,0,0,
10312,彰化縣彰化市,興北里,1,0,1,0,0,0,2,0,
10312,彰化縣彰化市,茄南里,8,3,5,2,1,1,2,1,
10312,彰化縣彰化市,茄苳里,0,0,0,1,1,0,1,0,
10312,彰化縣彰化市,莿桐里,0,0,0,0,0,0,2,0,
10312,彰化縣彰化市,華北里,1,1,0,1,1,0,2,0,
10312,彰化縣彰化市,華陽里,3,0,3,0,0,0,2,2,
10312,彰化縣彰化市,萬壽里,1,0,1,0,0,0,1,0,
10312,彰化縣彰化市,萬安里,2,0,2,1,1,0,2,1,
10312,彰化縣彰化市,西勢里,4,3,1,0,0,0,1,0,
10312,彰化縣彰化市,西安里,5,2,3,3,1,2,1,1,
10312,彰化縣彰化市,西興里,2,1,1,1,1,0,2,0,
10312,彰化縣彰化市,長樂里,1,1,0,0,0,0,0,0,
10312,彰化縣彰化市,阿夷里,10,8,2,7,1,6,10,1,
10312,彰化縣彰化市,陽明里,2,2,0,1,1,0,0,0,
10312,彰化縣彰化市,香山里,5,2,3,3,0,3,3,1,
10312,彰化縣彰化市,龍山里,2,0,2,2,2,0,3,0,
10312,彰化縣鹿港鎮,中興里,0,0,0,1,0,1,0,0,
10312,彰化縣鹿港鎮,埔崙里,6,3,3,1,1,0,4,0,
10312,彰化縣鹿港鎮,大有里,3,3,0,1,1,0,0,0,
10312,彰化縣鹿港鎮,山崙里,4,2,2,2,2,0,4,0,
10312,彰化縣鹿港鎮,廖厝里,2,1,1,5,3,2,5,1,
10312,彰化縣鹿港鎮,新宮里,1,0,1,0,0,0,1,0,
10312,彰化縣鹿港鎮,景福里,0,0,0,0,0,0,0,0,
10312,彰化縣鹿港鎮,東崎里,3,1,2,2,1,1,2,0,
10312,彰化縣鹿港鎮,東石里,5,4,1,2,1,1,2,1,
10312,彰化縣鹿港鎮,永安里,7,4,3,2,0,2,4,1,
10312,彰化縣鹿港鎮,泰興里,0,0,0,0,0,0,0,0,
10312,彰化縣鹿港鎮,洋厝里,3,1,2,2,1,1,0,0,
10312,彰化縣鹿港鎮,洛津里,0,0,0,0,0,0,1,1,
10312,彰化縣鹿港鎮,海埔里,5,3,2,3,2,1,3,0,
10312,彰化縣鹿港鎮,溝墘里,4,2,2,3,2,1,5,0,
10312,彰化縣鹿港鎮,玉順里,1,0,1,1,0,1,0,0,
10312,彰化縣鹿港鎮,興化里,0,0,0,0,0,0,2,0,
10312,彰化縣鹿港鎮,草中里,2,0,2,3,1,2,3,1,
10312,彰化縣鹿港鎮,菜園里,1,0,1,0,0,0,1,0,
10312,彰化縣鹿港鎮,街尾里,1,1,0,3,2,1,4,1,
10312,彰化縣鹿港鎮,詔安里,2,1,1,3,3,0,2,0,
10312,彰化縣鹿港鎮,郭厝里,0,0,0,2,2,0,0,0,
10312,彰化縣鹿港鎮,長興里,1,0,1,1,1,0,1,0,
10312,彰化縣鹿港鎮,頂厝里,7,5,2,3,1,2,3,0,
10312,彰化縣鹿港鎮,頂番里,7,4,3,1,0,1,2,1,
10312,彰化縣鹿港鎮,順興里,1,0,1,0,0,0,2,0,
10312,彰化縣鹿港鎮,頭南里,4,3,1,3,1,2,4,0,
10312,彰化縣鹿港鎮,頭崙里,3,1,2,0,0,0,2,0,
10312,彰化縣鹿港鎮,龍山里,0,0,0,1,1,0,2,0,
10312,彰化縣和美鎮,中圍里,3,1,2,1,1,0,1,0,
10312,彰化縣和美鎮,中寮里,1,1,0,4,2,2,2,0,
10312,彰化縣和美鎮,仁愛里,6,4,2,2,1,1,1,1,
10312,彰化縣和美鎮,南佃里,4,2,2,2,1,1,3,1,
10312,彰化縣和美鎮,和北里,4,3,1,0,0,0,1,0,
10312,彰化縣和美鎮,和南里,0,0,0,0,0,0,0,1,
10312,彰化縣和美鎮,和東里,5,2,3,1,1,0,6,1,
10312,彰化縣和美鎮,和西里,3,2,1,3,1,2,3,0,
10312,彰化縣和美鎮,嘉寶里,4,1,3,1,1,0,1,0,
10312,彰化縣和美鎮,嘉犁里,4,4,0,0,0,0,1,0,
10312,彰化縣和美鎮,四張里,2,0,2,1,1,0,1,0,
10312,彰化縣和美鎮,地潭里,3,1,2,0,0,0,1,0,
10312,彰化縣和美鎮,塗厝里,3,0,3,0,0,0,1,1,
10312,彰化縣和美鎮,大霞里,2,0,2,1,1,0,1,0,
10312,彰化縣和美鎮,好修里,0,0,0,1,1,0,2,0,
10312,彰化縣和美鎮,山犁里,9,4,5,0,0,0,3,0,
10312,彰化縣和美鎮,新庄里,4,3,1,0,0,0,0,0,
10312,彰化縣和美鎮,月眉里,5,3,2,1,0,1,0,0,
10312,彰化縣和美鎮,柑井里,5,3,2,0,0,0,3,0,
10312,彰化縣和美鎮,湖內里,2,1,1,0,0,0,0,0,
10312,彰化縣和美鎮,源埤里,1,1,0,0,0,0,2,0,
10312,彰化縣和美鎮,犁盛里,4,1,3,2,1,1,2,1,
10312,彰化縣和美鎮,竹園里,2,0,2,0,0,0,1,1,
10312,彰化縣和美鎮,竹營里,10,4,6,3,2,1,7,2,
10312,彰化縣和美鎮,糖友里,4,2,2,2,2,0,4,0,
10312,彰化縣和美鎮,詔安里,1,0,1,4,3,1,4,1,
10312,彰化縣和美鎮,還社里,0,0,0,2,0,2,0,0,
10312,彰化縣和美鎮,鎮平里,3,3,0,1,0,1,0,0,
10312,彰化縣和美鎮,鐵山里,4,1,3,1,1,0,1,0,
10312,彰化縣和美鎮,雅溝里,1,0,1,1,0,1,1,0,
10312,彰化縣和美鎮,面前里,4,3,1,2,1,1,1,1,
10312,彰化縣和美鎮,頭前里,3,1,2,0,0,0,1,1,
10312,彰化縣線西鄉,下犁村,2,1,1,0,0,0,1,0,
10312,彰化縣線西鄉,塭仔村,1,0,1,0,0,0,1,0,
10312,彰化縣線西鄉,寓埔村,2,2,0,2,1,1,3,0,
10312,彰化縣線西鄉,德興村,3,2,1,2,2,0,1,1,
10312,彰化縣線西鄉,溝內村,2,2,0,1,1,0,2,2,
10312,彰化縣線西鄉,線西村,2,2,0,1,1,0,2,0,
10312,彰化縣線西鄉,頂庄村,3,0,3,2,0,2,0,0,
10312,彰化縣線西鄉,頂犁村,0,0,0,2,1,1,1,0,
10312,彰化縣伸港鄉,七嘉村,4,2,2,3,2,1,3,2,
10312,彰化縣伸港鄉,什股村,2,0,2,2,2,0,3,0,
10312,彰化縣伸港鄉,全興村,2,1,1,1,0,1,0,0,
10312,彰化縣伸港鄉,埤墘村,2,2,0,0,0,0,2,0,
10312,彰化縣伸港鄉,大同村,2,0,2,1,0,1,3,0,
10312,彰化縣伸港鄉,定興村,1,1,0,1,0,1,2,2,
10312,彰化縣伸港鄉,新港村,5,2,3,3,2,1,7,1,
10312,彰化縣伸港鄉,曾家村,2,0,2,1,0,1,1,0,
10312,彰化縣伸港鄉,汴頭村,2,1,1,1,1,0,1,0,
10312,彰化縣伸港鄉,泉厝村,1,0,1,5,4,1,0,0,
10312,彰化縣伸港鄉,泉州村,3,1,2,2,1,1,2,1,
10312,彰化縣伸港鄉,海尾村,0,0,0,2,2,0,3,0,
10312,彰化縣伸港鄉,溪底村,0,0,0,1,1,0,4,1,
10312,彰化縣伸港鄉,蚵寮村,2,2,0,1,1,0,0,0,
10312,彰化縣福興鄉,三和村,1,1,0,0,0,0,1,0,
10312,彰化縣福興鄉,三汴村,2,2,0,0,0,0,0,0,
10312,彰化縣福興鄉,二港村,1,0,1,3,2,1,1,0,
10312,彰化縣福興鄉,元中村,2,2,0,1,1,0,0,1,
10312,彰化縣福興鄉,同安村,3,2,1,0,0,0,1,0,
10312,彰化縣福興鄉,外中村,1,1,0,1,0,1,0,1,
10312,彰化縣福興鄉,外埔村,4,2,2,1,0,1,0,0,
10312,彰化縣福興鄉,大崙村,2,2,0,2,1,1,2,0,
10312,彰化縣福興鄉,廈粘村,2,1,1,2,1,1,3,1,
10312,彰化縣福興鄉,橋頭村,3,3,0,0,0,0,1,0,
10312,彰化縣福興鄉,番婆村,1,1,0,4,4,0,2,0,
10312,彰化縣福興鄉,番社村,0,0,0,2,1,1,1,0,
10312,彰化縣福興鄉,社尾村,0,0,0,1,0,1,3,0,
10312,彰化縣福興鄉,福南村,2,2,0,3,3,0,1,1,
10312,彰化縣福興鄉,福寶村,2,1,1,1,1,0,0,1,
10312,彰化縣福興鄉,福興村,3,2,1,3,3,0,1,0,
10312,彰化縣福興鄉,秀厝村,3,1,2,1,1,0,2,0,
10312,彰化縣福興鄉,萬豐村,2,1,1,0,0,0,3,0,
10312,彰化縣福興鄉,西勢村,1,1,0,1,0,1,2,1,
10312,彰化縣福興鄉,鎮平村,2,1,1,2,2,0,0,1,
10312,彰化縣福興鄉,頂粘村,2,2,0,2,2,0,2,1,
10312,彰化縣福興鄉,麥厝村,4,2,2,4,3,1,1,0,
10312,彰化縣秀水鄉,下崙村,2,1,1,3,2,1,0,0,
10312,彰化縣秀水鄉,埔崙村,2,2,0,2,2,0,1,0,
10312,彰化縣秀水鄉,安東村,2,1,1,3,2,1,3,0,
10312,彰化縣秀水鄉,安溪村,3,1,2,0,0,0,2,0,
10312,彰化縣秀水鄉,曾厝村,2,1,1,5,2,3,1,1,
10312,彰化縣秀水鄉,福安村,4,2,2,2,2,0,5,0,
10312,彰化縣秀水鄉,秀水村,2,2,0,1,0,1,3,0,
10312,彰化縣秀水鄉,義興村,0,0,0,1,1,0,0,0,
10312,彰化縣秀水鄉,莊雅村,4,2,2,1,0,1,2,1,
10312,彰化縣秀水鄉,金興村,0,0,0,2,2,0,1,0,
10312,彰化縣秀水鄉,金陵村,0,0,0,1,1,0,0,1,
10312,彰化縣秀水鄉,陝西村,0,0,0,2,1,1,1,1,
10312,彰化縣秀水鄉,馬興村,1,0,1,1,1,0,0,0,
10312,彰化縣秀水鄉,鶴鳴村,2,1,1,3,2,1,2,0,
10312,彰化縣花壇鄉,三春村,1,1,0,0,0,0,1,0,
10312,彰化縣花壇鄉,中口村,1,1,0,2,1,1,0,0,
10312,彰化縣花壇鄉,中庄村,3,1,2,2,2,0,2,2,
10312,彰化縣花壇鄉,劉厝村,0,0,0,0,0,0,1,0,
10312,彰化縣花壇鄉,北口村,1,1,0,1,1,0,1,0,
10312,彰化縣花壇鄉,南口村,1,0,1,2,1,1,1,0,
10312,彰化縣花壇鄉,岩竹村,2,0,2,1,1,0,0,0,
10312,彰化縣花壇鄉,崙雅村,0,0,0,1,0,1,0,0,
10312,彰化縣花壇鄉,文德村,1,0,1,1,0,1,1,1,
10312,彰化縣花壇鄉,橋頭村,2,1,1,0,0,0,2,0,
10312,彰化縣花壇鄉,永春村,5,2,3,1,0,1,2,0,
10312,彰化縣花壇鄉,灣東村,1,0,1,0,0,0,2,0,
10312,彰化縣花壇鄉,灣雅村,1,0,1,0,0,0,0,0,
10312,彰化縣花壇鄉,白沙村,3,2,1,2,0,2,7,1,
10312,彰化縣花壇鄉,花壇村,0,0,0,4,1,3,2,0,
10312,彰化縣花壇鄉,金墩村,2,0,2,1,1,0,3,0,
10312,彰化縣花壇鄉,長春村,6,2,4,0,0,0,2,3,
10312,彰化縣花壇鄉,長沙村,4,4,0,4,3,1,4,0,
10312,彰化縣芬園鄉,中崙村,1,1,0,1,0,1,1,0,
10312,彰化縣芬園鄉,同安村,0,0,0,1,0,1,0,0,
10312,彰化縣芬園鄉,嘉興村,2,0,2,3,0,3,2,0,
10312,彰化縣芬園鄉,圳墘村,0,0,0,0,0,0,0,1,
10312,彰化縣芬園鄉,大埔村,2,2,0,2,1,1,0,0,
10312,彰化縣芬園鄉,大竹村,1,0,1,3,3,0,0,0,
10312,彰化縣芬園鄉,楓坑村,0,0,0,0,0,0,2,0,
10312,彰化縣芬園鄉,溪頭村,1,1,0,3,2,1,0,0,
10312,彰化縣芬園鄉,社口村,3,1,2,1,0,1,1,0,
10312,彰化縣芬園鄉,竹林村,2,2,0,1,0,1,0,1,
10312,彰化縣芬園鄉,縣庄村,1,1,0,2,2,0,2,0,
10312,彰化縣芬園鄉,舊社村,6,4,2,0,0,0,0,0,
10312,彰化縣芬園鄉,芬園村,1,1,0,1,0,1,1,1,
10312,彰化縣芬園鄉,茄荖村,3,1,2,4,1,3,1,0,
10312,彰化縣芬園鄉,進芬村,1,0,1,3,3,0,0,1,
10312,彰化縣員林鎮,三信里,2,1,1,0,0,0,0,0,
10312,彰化縣員林鎮,三和里,3,2,1,4,3,1,4,1,
10312,彰化縣員林鎮,三多里,4,1,3,1,0,1,3,1,
10312,彰化縣員林鎮,三愛里,2,0,2,1,1,0,0,1,
10312,彰化縣員林鎮,三條里,3,0,3,2,1,1,2,2,
10312,彰化縣員林鎮,三橋里,6,4,2,2,1,1,2,2,
10312,彰化縣員林鎮,三義里,6,2,4,4,3,1,2,2,
10312,彰化縣員林鎮,中央里,1,0,1,0,0,0,1,1,
10312,彰化縣員林鎮,中山里,3,1,2,1,1,0,0,1,
10312,彰化縣員林鎮,中東里,4,2,2,2,1,1,1,0,
10312,彰化縣員林鎮,中正里,2,1,1,2,1,1,2,0,
10312,彰化縣員林鎮,仁愛里,2,0,2,2,1,1,1,0,
10312,彰化縣員林鎮,仁美里,3,2,1,3,2,1,6,0,
10312,彰化縣員林鎮,光明里,0,0,0,1,1,0,1,1,
10312,彰化縣員林鎮,出水里,1,1,0,4,2,2,1,2,
10312,彰化縣員林鎮,南平里,7,4,3,5,5,0,4,0,
10312,彰化縣員林鎮,南東里,1,1,0,2,0,2,0,0,
10312,彰化縣員林鎮,南興里,7,4,3,7,2,5,1,1,
10312,彰化縣員林鎮,和平里,4,1,3,1,1,0,3,0,
10312,彰化縣員林鎮,大埔里,6,5,1,1,0,1,0,0,
10312,彰化縣員林鎮,大峯里,0,0,0,1,1,0,0,0,
10312,彰化縣員林鎮,大明里,6,4,2,1,0,1,0,0,
10312,彰化縣員林鎮,大饒里,4,1,3,3,2,1,0,0,
10312,彰化縣員林鎮,崙雅里,3,0,3,4,2,2,3,0,
10312,彰化縣員林鎮,忠孝里,2,0,2,4,1,3,1,1,
10312,彰化縣員林鎮,惠來里,14,7,7,3,3,0,10,3,
10312,彰化縣員林鎮,振興里,2,1,1,1,1,0,2,0,
10312,彰化縣員林鎮,新生里,3,3,0,7,3,4,4,0,
10312,彰化縣員林鎮,新興里,0,0,0,1,1,0,0,0,
10312,彰化縣員林鎮,東北里,2,0,2,3,3,0,1,0,
10312,彰化縣員林鎮,東和里,2,1,1,2,2,0,2,0,
10312,彰化縣員林鎮,林厝里,1,1,0,2,2,0,3,0,
10312,彰化縣員林鎮,民生里,3,3,0,0,0,0,0,0,
10312,彰化縣員林鎮,浮圳里,5,1,4,4,3,1,1,0,
10312,彰化縣員林鎮,湖水里,1,1,0,1,0,1,0,0,
10312,彰化縣員林鎮,源潭里,1,1,0,1,1,0,1,0,
10312,彰化縣員林鎮,溝皂里,3,1,2,1,1,0,2,0,
10312,彰化縣員林鎮,萬年里,4,4,0,3,1,2,1,0,
10312,彰化縣員林鎮,西東里,5,2,3,1,1,0,3,0,
10312,彰化縣員林鎮,鎮興里,2,0,2,1,1,0,4,0,
10312,彰化縣員林鎮,黎明里,0,0,0,2,2,0,0,1,
10312,彰化縣溪湖鎮,中山里,1,0,1,3,2,1,0,4,
10312,彰化縣溪湖鎮,中竹里,0,0,0,0,0,0,0,0,
10312,彰化縣溪湖鎮,光平里,2,0,2,2,1,1,6,0,
10312,彰化縣溪湖鎮,光華里,0,0,0,0,0,0,0,0,
10312,彰化縣溪湖鎮,北勢里,1,0,1,1,0,1,0,0,
10312,彰化縣溪湖鎮,大庭里,1,1,0,2,1,1,1,1,
10312,彰化縣溪湖鎮,大突里,6,4,2,0,0,0,3,0,
10312,彰化縣溪湖鎮,大竹里,0,0,0,3,1,2,1,0,
10312,彰化縣溪湖鎮,太平里,1,0,1,0,0,0,1,0,
10312,彰化縣溪湖鎮,媽厝里,1,1,0,1,0,1,0,0,
10312,彰化縣溪湖鎮,平和里,1,1,0,0,0,0,0,0,
10312,彰化縣溪湖鎮,忠覺里,3,1,2,3,3,0,0,0,
10312,彰化縣溪湖鎮,東寮里,3,1,2,0,0,0,1,0,
10312,彰化縣溪湖鎮,東溪里,0,0,0,0,0,0,1,0,
10312,彰化縣溪湖鎮,汴頭里,3,1,2,2,0,2,1,0,
10312,彰化縣溪湖鎮,河東里,2,1,1,4,3,1,1,0,
10312,彰化縣溪湖鎮,湖東里,4,1,3,2,2,0,6,0,
10312,彰化縣溪湖鎮,湖西里,2,0,2,2,0,2,3,0,
10312,彰化縣溪湖鎮,湳底里,0,0,0,0,0,0,1,0,
10312,彰化縣溪湖鎮,田中里,1,1,0,0,0,0,0,0,
10312,彰化縣溪湖鎮,番婆里,3,2,1,0,0,0,3,0,
10312,彰化縣溪湖鎮,西勢里,4,1,3,0,0,0,2,0,
10312,彰化縣溪湖鎮,西寮里,2,1,1,2,1,1,4,0,
10312,彰化縣溪湖鎮,西溪里,2,2,0,2,1,1,2,0,
10312,彰化縣溪湖鎮,頂庄里,2,2,0,0,0,0,1,0,
10312,彰化縣田中鎮,三光里,2,0,2,0,0,0,1,0,
10312,彰化縣田中鎮,三安里,2,0,2,3,2,1,2,1,
10312,彰化縣田中鎮,三民里,1,1,0,2,1,1,1,0,
10312,彰化縣田中鎮,中潭里,0,0,0,2,1,1,1,0,
10312,彰化縣田中鎮,中路里,1,0,1,2,0,2,1,0,
10312,彰化縣田中鎮,北路里,6,3,3,2,2,0,3,0,
10312,彰化縣田中鎮,南路里,0,0,0,0,0,0,1,0,
10312,彰化縣田中鎮,大崙里,0,0,0,1,1,0,1,0,
10312,彰化縣田中鎮,大社里,1,1,0,1,1,0,0,0,
10312,彰化縣田中鎮,平和里,1,1,0,0,0,0,1,0,
10312,彰化縣田中鎮,復興里,2,1,1,2,1,1,2,0,
10312,彰化縣田中鎮,新庄里,2,2,0,1,1,0,1,0,
10312,彰化縣田中鎮,新民里,1,0,1,1,0,1,2,1,
10312,彰化縣田中鎮,東源里,1,1,0,2,1,1,0,0,
10312,彰化縣田中鎮,東路里,2,1,1,0,0,0,1,0,
10312,彰化縣田中鎮,梅州里,1,0,1,1,1,0,2,0,
10312,彰化縣田中鎮,沙崙里,4,3,1,1,0,1,1,0,
10312,彰化縣田中鎮,碧峰里,1,0,1,7,6,1,1,1,
10312,彰化縣田中鎮,西路里,2,0,2,0,0,0,0,0,
10312,彰化縣田中鎮,頂潭里,2,1,1,1,1,0,0,0,
10312,彰化縣田中鎮,香山里,0,0,0,2,1,1,0,0,
10312,彰化縣田中鎮,龍潭里,0,0,0,1,1,0,0,1,
10312,彰化縣大村鄉,加錫村,2,1,1,1,0,1,1,2,
10312,彰化縣大村鄉,南勢村,0,0,0,4,3,1,2,2,
10312,彰化縣大村鄉,大崙村,1,0,1,2,0,2,1,1,
10312,彰化縣大村鄉,大村村,3,2,1,3,2,1,3,0,
10312,彰化縣大村鄉,大橋村,1,1,0,0,0,0,4,1,
10312,彰化縣大村鄉,平和村,1,1,0,0,0,0,2,1,
10312,彰化縣大村鄉,擺塘村,4,1,3,2,2,0,1,1,
10312,彰化縣大村鄉,新興村,0,0,0,1,1,0,0,0,
10312,彰化縣大村鄉,村上村,5,4,1,0,0,0,3,0,
10312,彰化縣大村鄉,田洋村,4,1,3,0,0,0,1,0,
10312,彰化縣大村鄉,福興村,0,0,0,1,0,1,2,0,
10312,彰化縣大村鄉,美港村,2,1,1,2,1,1,2,1,
10312,彰化縣大村鄉,茄苳村,1,0,1,1,1,0,0,1,
10312,彰化縣大村鄉,貢旗村,1,1,0,0,0,0,2,0,
10312,彰化縣大村鄉,過溝村,2,2,0,1,1,0,1,0,
10312,彰化縣大村鄉,黃厝村,2,0,2,2,2,0,1,0,
10312,彰化縣埔鹽鄉,三省村,0,0,0,3,1,2,1,0,
10312,彰化縣埔鹽鄉,出水村,2,0,2,0,0,0,1,0,
10312,彰化縣埔鹽鄉,南新村,0,0,0,0,0,0,1,0,
10312,彰化縣埔鹽鄉,南港村,3,0,3,1,0,1,0,0,
10312,彰化縣埔鹽鄉,埔南村,1,0,1,3,2,1,1,1,
10312,彰化縣埔鹽鄉,埔鹽村,2,1,1,2,1,1,0,1,
10312,彰化縣埔鹽鄉,大有村,2,0,2,3,3,0,1,0,
10312,彰化縣埔鹽鄉,天盛村,0,0,0,1,1,0,0,0,
10312,彰化縣埔鹽鄉,太平村,1,0,1,4,3,1,0,0,
10312,彰化縣埔鹽鄉,好修村,0,0,0,0,0,0,3,1,
10312,彰化縣埔鹽鄉,崑崙村,4,2,2,2,1,1,1,0,
10312,彰化縣埔鹽鄉,廍子村,0,0,0,1,1,0,2,0,
10312,彰化縣埔鹽鄉,打廉村,2,2,0,1,1,0,1,0,
10312,彰化縣埔鹽鄉,新水村,2,0,2,0,0,0,1,0,
10312,彰化縣埔鹽鄉,新興村,1,1,0,0,0,0,0,0,
10312,彰化縣埔鹽鄉,永平村,2,1,1,2,1,1,1,1,
10312,彰化縣埔鹽鄉,永樂村,1,0,1,0,0,0,1,1,
10312,彰化縣埔鹽鄉,瓦󿾨村,2,2,0,0,0,0,3,0,
10312,彰化縣埔鹽鄉,石埤村,0,0,0,0,0,0,1,0,
10312,彰化縣埔鹽鄉,西湖村,4,3,1,3,2,1,0,1,
10312,彰化縣埔鹽鄉,角樹村,1,0,1,1,1,0,2,0,
10312,彰化縣埔鹽鄉,豐澤村,4,2,2,2,2,0,0,0,
10312,彰化縣埔心鄉,二重村,0,0,0,3,3,0,3,1,
10312,彰化縣埔心鄉,仁里村,1,1,0,2,1,1,1,1,
10312,彰化縣埔心鄉,南舘村,0,0,0,1,0,1,1,0,
10312,彰化縣埔心鄉,埔心村,1,1,0,2,2,0,3,0,
10312,彰化縣埔心鄉,埤脚村,0,0,0,1,1,0,1,0,
10312,彰化縣埔心鄉,埤霞村,2,0,2,0,0,0,2,0,
10312,彰化縣埔心鄉,大華村,0,0,0,0,0,0,0,1,
10312,彰化縣埔心鄉,太平村,2,2,0,2,2,0,1,0,
10312,彰化縣埔心鄉,新舘村,0,0,0,2,1,1,2,0,
10312,彰化縣埔心鄉,東門村,5,3,2,1,1,0,4,1,
10312,彰化縣埔心鄉,梧鳳村,0,0,0,1,1,0,1,0,
10312,彰化縣埔心鄉,油車村,1,1,0,0,0,0,0,0,
10312,彰化縣埔心鄉,瓦中村,2,0,2,1,0,1,1,0,
10312,彰化縣埔心鄉,瓦北村,3,2,1,0,0,0,2,0,
10312,彰化縣埔心鄉,瓦南村,0,0,0,2,2,0,0,0,
10312,彰化縣埔心鄉,經口村,1,0,1,1,1,0,3,0,
10312,彰化縣埔心鄉,羅厝村,1,1,0,2,1,1,0,0,
10312,彰化縣埔心鄉,義民村,1,0,1,1,0,1,2,0,
10312,彰化縣埔心鄉,舊舘村,3,1,2,2,0,2,0,0,
10312,彰化縣埔心鄉,芎蕉村,1,0,1,1,0,1,2,1,
10312,彰化縣永靖鄉,五汴村,1,1,0,0,0,0,1,1,
10312,彰化縣永靖鄉,五福村,3,1,2,0,0,0,0,0,
10312,彰化縣永靖鄉,光雲村,0,0,0,3,3,0,1,0,
10312,彰化縣永靖鄉,同仁村,2,1,1,0,0,0,0,1,
10312,彰化縣永靖鄉,同安村,1,1,0,0,0,0,0,1,
10312,彰化縣永靖鄉,四芳村,1,1,0,0,0,0,0,0,
10312,彰化縣永靖鄉,崙子村,1,1,0,1,1,0,0,0,
10312,彰化縣永靖鄉,崙美村,0,0,0,0,0,0,0,0,
10312,彰化縣永靖鄉,敦厚村,0,0,0,1,1,0,1,0,
10312,彰化縣永靖鄉,新莊村,3,0,3,0,0,0,1,0,
10312,彰化縣永靖鄉,東寧村,0,0,0,0,0,0,2,0,
10312,彰化縣永靖鄉,永北村,2,1,1,2,2,0,1,0,
10312,彰化縣永靖鄉,永南村,1,1,0,1,0,1,2,0,
10312,彰化縣永靖鄉,永東村,1,0,1,0,0,0,0,1,
10312,彰化縣永靖鄉,永興村,0,0,0,1,1,0,0,1,
10312,彰化縣永靖鄉,永西村,1,0,1,2,2,0,2,1,
10312,彰化縣永靖鄉,浮圳村,1,0,1,1,0,1,2,1,
10312,彰化縣永靖鄉,港西村,2,1,1,1,0,1,1,0,
10312,彰化縣永靖鄉,湳墘村,5,2,3,1,1,0,0,0,
10312,彰化縣永靖鄉,湳港村,0,0,0,0,0,0,0,1,
10312,彰化縣永靖鄉,獨鰲村,3,3,0,1,0,1,1,1,
10312,彰化縣永靖鄉,瑚璉村,1,0,1,0,0,0,2,1,
10312,彰化縣永靖鄉,福興村,0,0,0,1,1,0,0,1,
10312,彰化縣永靖鄉,竹子村,0,0,0,2,1,1,2,0,
10312,彰化縣社頭鄉,仁和村,1,1,0,1,1,0,0,0,
10312,彰化縣社頭鄉,仁雅村,2,2,0,2,0,2,3,0,
10312,彰化縣社頭鄉,協和村,3,2,1,0,0,0,3,0,
10312,彰化縣社頭鄉,埤斗村,0,0,0,1,1,0,0,0,
10312,彰化縣社頭鄉,山湖村,0,0,0,0,0,0,0,0,
10312,彰化縣社頭鄉,崙雅村,1,1,0,1,0,1,2,0,
10312,彰化縣社頭鄉,平和村,3,3,0,0,0,0,1,0,
10312,彰化縣社頭鄉,廣福村,0,0,0,0,0,0,2,0,
10312,彰化縣社頭鄉,廣興村,11,5,6,3,3,0,1,1,
10312,彰化縣社頭鄉,張厝村,0,0,0,0,0,0,1,1,
10312,彰化縣社頭鄉,新厝村,0,0,0,1,0,1,0,2,
10312,彰化縣社頭鄉,朝興村,1,1,0,2,1,1,1,0,
10312,彰化縣社頭鄉,東興村,2,1,1,1,1,0,3,0,
10312,彰化縣社頭鄉,松竹村,1,0,1,0,0,0,0,0,
10312,彰化縣社頭鄉,橋頭村,0,0,0,1,1,0,2,1,
10312,彰化縣社頭鄉,泰安村,1,1,0,2,1,1,2,0,
10312,彰化縣社頭鄉,清水村,2,0,2,0,0,0,2,0,
10312,彰化縣社頭鄉,湳底村,2,1,1,0,0,0,1,1,
10312,彰化縣社頭鄉,湳雅村,1,0,1,1,1,0,3,0,
10312,彰化縣社頭鄉,社頭村,3,0,3,2,2,0,2,0,
10312,彰化縣社頭鄉,美雅村,1,0,1,2,2,0,0,0,
10312,彰化縣社頭鄉,舊社村,1,1,0,1,1,0,1,1,
10312,彰化縣社頭鄉,里仁村,1,1,0,1,1,0,0,0,
10312,彰化縣社頭鄉,龍井村,3,1,2,2,1,1,1,0,
10312,彰化縣二水鄉,上豊村,0,0,0,0,0,0,0,0,
10312,彰化縣二水鄉,二水村,1,1,0,0,0,0,0,0,
10312,彰化縣二水鄉,五伯村,1,0,1,1,0,1,0,0,
10312,彰化縣二水鄉,修仁村,1,1,0,0,0,0,0,0,
10312,彰化縣二水鄉,倡和村,0,0,0,0,0,0,0,1,
10312,彰化縣二水鄉,光化村,2,1,1,1,0,1,1,0,
10312,彰化縣二水鄉,十五村,0,0,0,0,0,0,1,0,
10312,彰化縣二水鄉,合和村,0,0,0,0,0,0,0,0,
10312,彰化縣二水鄉,合興村,0,0,0,0,0,0,0,0,
10312,彰化縣二水鄉,大園村,0,0,0,0,0,0,1,0,
10312,彰化縣二水鄉,復興村,4,2,2,3,3,0,0,0,
10312,彰化縣二水鄉,惠民村,2,1,1,1,1,0,0,0,
10312,彰化縣二水鄉,文化村,4,3,1,0,0,0,0,0,
10312,彰化縣二水鄉,源泉村,0,0,0,1,1,0,1,1,
10312,彰化縣二水鄉,聖化村,0,0,0,2,2,0,0,0,
10312,彰化縣二水鄉,裕民村,0,0,0,1,0,1,1,1,
10312,彰化縣二水鄉,過圳村,0,0,0,0,0,0,0,0,
10312,彰化縣北斗鎮,七星里,0,0,0,0,0,0,0,1,
10312,彰化縣北斗鎮,中和里,0,0,0,2,1,1,0,0,
10312,彰化縣北斗鎮,中寮里,1,0,1,2,1,1,4,1,
10312,彰化縣北斗鎮,五權里,2,1,1,1,0,1,1,0,
10312,彰化縣北斗鎮,光復里,2,1,1,0,0,0,1,0,
10312,彰化縣北斗鎮,大新里,4,4,0,0,0,0,3,1,
10312,彰化縣北斗鎮,大道里,2,1,1,3,2,1,1,0,
10312,彰化縣北斗鎮,居仁里,1,0,1,1,0,1,1,0,
10312,彰化縣北斗鎮,文昌里,6,4,2,1,0,1,4,1,
10312,彰化縣北斗鎮,新政里,1,0,1,0,0,0,0,0,
10312,彰化縣北斗鎮,新生里,1,1,0,0,0,0,3,1,
10312,彰化縣北斗鎮,東光里,1,1,0,1,0,1,0,0,
10312,彰化縣北斗鎮,西安里,0,0,0,0,0,0,2,1,
10312,彰化縣北斗鎮,西德里,8,3,5,2,1,1,3,0,
10312,彰化縣北斗鎮,重慶里,2,1,1,0,0,0,0,0,
10312,彰化縣二林鎮,中西里,0,0,0,0,0,0,0,0,
10312,彰化縣二林鎮,北平里,3,1,2,1,1,0,2,0,
10312,彰化縣二林鎮,南光里,3,3,0,4,0,4,1,0,
10312,彰化縣二林鎮,原斗里,0,0,0,3,1,2,1,0,
10312,彰化縣二林鎮,外竹里,1,0,1,1,0,1,1,0,
10312,彰化縣二林鎮,大永里,0,0,0,1,0,1,0,0,
10312,彰化縣二林鎮,廣興里,0,0,0,1,0,1,1,0,
10312,彰化縣二林鎮,後厝里,1,1,0,1,1,0,3,1,
10312,彰化縣二林鎮,復豐里,1,0,1,0,0,0,1,0,
10312,彰化縣二林鎮,振興里,1,1,0,1,1,0,0,0,
10312,彰化縣二林鎮,東勢里,1,1,0,4,3,1,0,0,
10312,彰化縣二林鎮,東和里,3,3,0,1,1,0,3,0,
10312,彰化縣二林鎮,東興里,1,1,0,3,2,1,0,0,
10312,彰化縣二林鎮,東華里,0,0,0,0,0,0,1,0,
10312,彰化縣二林鎮,梅芳里,0,0,0,1,0,1,2,0,
10312,彰化縣二林鎮,永興里,0,0,0,1,0,1,1,0,
10312,彰化縣二林鎮,興華里,1,1,0,1,0,1,0,0,
10312,彰化縣二林鎮,華崙里,6,2,4,5,1,4,1,0,
10312,彰化縣二林鎮,萬合里,0,0,0,3,2,1,1,0,
10312,彰化縣二林鎮,萬興里,0,0,0,1,0,1,0,0,
10312,彰化縣二林鎮,西平里,0,0,0,3,1,2,1,0,
10312,彰化縣二林鎮,西庄里,2,2,0,1,1,0,1,0,
10312,彰化縣二林鎮,西斗里,1,1,0,2,2,0,1,0,
10312,彰化縣二林鎮,豐田里,1,0,1,3,1,2,2,0,
10312,彰化縣二林鎮,趙甲里,4,4,0,2,0,2,0,1,
10312,彰化縣二林鎮,頂厝里,1,0,1,0,0,0,0,0,
10312,彰化縣二林鎮,香田里,1,1,0,5,3,2,0,0,
10312,彰化縣田尾鄉,仁里村,2,2,0,1,0,1,0,0,
10312,彰化縣田尾鄉,北曾村,2,0,2,2,2,0,0,0,
10312,彰化縣田尾鄉,北鎮村,1,0,1,0,0,0,1,0,
10312,彰化縣田尾鄉,南曾村,0,0,0,0,0,0,0,0,
10312,彰化縣田尾鄉,南鎮村,0,0,0,1,0,1,0,0,
10312,彰化縣田尾鄉,打簾村,1,0,1,1,0,1,1,0,
10312,彰化縣田尾鄉,新厝村,1,0,1,0,0,0,0,0,
10312,彰化縣田尾鄉,新生村,0,0,0,3,1,2,0,0,
10312,彰化縣田尾鄉,新興村,2,0,2,3,1,2,1,0,
10312,彰化縣田尾鄉,柳鳳村,0,0,0,0,0,0,0,0,
10312,彰化縣田尾鄉,正義村,1,1,0,1,1,0,0,0,
10312,彰化縣田尾鄉,海豐村,0,0,0,1,0,1,1,0,
10312,彰化縣田尾鄉,溪畔村,3,2,1,0,0,0,0,0,
10312,彰化縣田尾鄉,溪頂村,1,0,1,0,0,0,1,0,
10312,彰化縣田尾鄉,田尾村,1,0,1,4,2,2,0,1,
10312,彰化縣田尾鄉,睦宜村,0,0,0,1,0,1,1,0,
10312,彰化縣田尾鄉,福田村,1,1,0,0,0,0,1,0,
10312,彰化縣田尾鄉,豐田村,1,0,1,2,2,0,1,0,
10312,彰化縣田尾鄉,陸豐村,0,0,0,0,0,0,1,0,
10312,彰化縣田尾鄉,饒平村,1,1,0,5,3,2,4,1,
10312,彰化縣埤頭鄉,中和村,0,0,0,1,1,0,0,1,
10312,彰化縣埤頭鄉,元埔村,2,0,2,0,0,0,0,0,
10312,彰化縣埤頭鄉,合興村,4,2,2,3,0,3,7,1,
10312,彰化縣埤頭鄉,和豊村,1,1,0,8,5,3,2,1,
10312,彰化縣埤頭鄉,埤頭村,1,0,1,2,0,2,1,0,
10312,彰化縣埤頭鄉,大湖村,1,0,1,0,0,0,0,0,
10312,彰化縣埤頭鄉,崙子村,1,0,1,1,1,0,1,0,
10312,彰化縣埤頭鄉,崙腳村,0,0,0,1,1,0,0,0,
10312,彰化縣埤頭鄉,平原村,1,1,0,0,0,0,2,0,
10312,彰化縣埤頭鄉,庄內村,1,0,1,2,1,1,1,0,
10312,彰化縣埤頭鄉,新庄村,2,0,2,1,1,0,0,0,
10312,彰化縣埤頭鄉,永豊村,0,0,0,0,0,0,2,0,
10312,彰化縣埤頭鄉,竹圍村,1,0,1,1,1,0,0,0,
10312,彰化縣埤頭鄉,興農村,3,2,1,2,2,0,2,0,
10312,彰化縣埤頭鄉,芙朝村,1,0,1,2,1,1,0,0,
10312,彰化縣埤頭鄉,豊崙村,6,5,1,2,1,1,1,0,
10312,彰化縣埤頭鄉,陸嘉村,1,0,1,1,1,0,0,0,
10312,彰化縣芳苑鄉,三合村,4,3,1,0,0,0,0,0,
10312,彰化縣芳苑鄉,三成村,1,0,1,3,0,3,0,0,
10312,彰化縣芳苑鄉,五俊村,0,0,0,1,1,0,0,0,
10312,彰化縣芳苑鄉,仁愛村,0,0,0,1,0,1,0,0,
10312,彰化縣芳苑鄉,信義村,0,0,0,1,1,0,0,0,
10312,彰化縣芳苑鄉,博愛村,0,0,0,2,2,0,1,0,
10312,彰化縣芳苑鄉,和平村,3,0,3,2,1,1,1,0,
10312,彰化縣芳苑鄉,崙腳村,0,0,0,0,0,0,2,0,
10312,彰化縣芳苑鄉,建平村,2,2,0,4,3,1,1,0,
10312,彰化縣芳苑鄉,後寮村,0,0,0,1,1,0,1,0,
10312,彰化縣芳苑鄉,文津村,1,0,1,0,0,0,0,0,
10312,彰化縣芳苑鄉,新寶村,2,1,1,1,0,1,0,0,
10312,彰化縣芳苑鄉,新生村,2,1,1,2,1,1,0,0,
10312,彰化縣芳苑鄉,新街村,1,0,1,1,0,1,0,0,
10312,彰化縣芳苑鄉,民生村,1,0,1,1,0,1,0,0,
10312,彰化縣芳苑鄉,永興村,1,0,1,0,0,0,0,0,
10312,彰化縣芳苑鄉,漢寶村,7,2,5,3,2,1,2,1,
10312,彰化縣芳苑鄉,王功村,2,2,0,4,4,0,0,0,
10312,彰化縣芳苑鄉,福榮村,1,1,0,2,2,0,0,0,
10312,彰化縣芳苑鄉,興仁村,1,0,1,1,0,1,0,1,
10312,彰化縣芳苑鄉,芳中村,0,0,0,2,1,1,0,0,
10312,彰化縣芳苑鄉,芳苑村,0,0,0,1,1,0,0,0,
10312,彰化縣芳苑鄉,草湖村,3,2,1,2,2,0,1,0,
10312,彰化縣芳苑鄉,路上村,0,0,0,0,0,0,1,0,
10312,彰化縣芳苑鄉,路平村,1,0,1,1,1,0,0,0,
10312,彰化縣芳苑鄉,頂廍村,1,0,1,0,0,0,0,0,
10312,彰化縣大城鄉,三豐村,0,0,0,0,0,0,0,0,
10312,彰化縣大城鄉,上山村,2,1,1,1,0,1,0,0,
10312,彰化縣大城鄉,公館村,0,0,0,1,0,1,1,0,
10312,彰化縣大城鄉,大城村,2,1,1,1,1,0,2,0,
10312,彰化縣大城鄉,山腳村,3,3,0,2,1,1,0,1,
10312,彰化縣大城鄉,東城村,0,0,0,0,0,0,0,1,
10312,彰化縣大城鄉,東港村,2,1,1,1,0,1,0,0,
10312,彰化縣大城鄉,永和村,1,0,1,1,0,1,1,0,
10312,彰化縣大城鄉,潭墘村,1,0,1,0,0,0,1,1,
10312,彰化縣大城鄉,臺西村,0,0,0,1,0,1,0,0,
10312,彰化縣大城鄉,菜寮村,1,1,0,0,0,0,0,0,
10312,彰化縣大城鄉,西城村,1,0,1,1,0,1,1,0,
10312,彰化縣大城鄉,西港村,0,0,0,0,0,0,0,0,
10312,彰化縣大城鄉,豐美村,2,0,2,1,1,0,0,2,
10312,彰化縣大城鄉,頂庄村,0,0,0,0,0,0,0,0,
10312,彰化縣竹塘鄉,五庄村,1,1,0,1,0,1,0,0,
10312,彰化縣竹塘鄉,內新村,0,0,0,2,1,1,0,0,
10312,彰化縣竹塘鄉,土庫村,0,0,0,0,0,0,1,0,
10312,彰化縣竹塘鄉,小西村,2,1,1,0,0,0,1,0,
10312,彰化縣竹塘鄉,新廣村,1,0,1,0,0,0,1,1,
10312,彰化縣竹塘鄉,樹腳村,0,0,0,0,0,0,1,0,
10312,彰化縣竹塘鄉,民靖村,1,0,1,0,0,0,0,0,
10312,彰化縣竹塘鄉,永安村,0,0,0,0,0,0,0,0,
10312,彰化縣竹塘鄉,溪墘村,0,0,0,0,0,0,0,0,
10312,彰化縣竹塘鄉,田頭村,0,0,0,0,0,0,1,0,
10312,彰化縣竹塘鄉,竹元村,0,0,0,0,0,0,1,0,
10312,彰化縣竹塘鄉,竹塘村,2,0,2,1,1,0,0,1,
10312,彰化縣竹塘鄉,竹林村,0,0,0,1,0,1,0,1,
10312,彰化縣竹塘鄉,長安村,2,1,1,2,0,2,0,1,
10312,彰化縣溪州鄉,三圳村,1,0,1,1,1,0,0,0,
10312,彰化縣溪州鄉,三條村,0,0,0,1,0,1,0,0,
10312,彰化縣溪州鄉,圳寮村,0,0,0,3,2,1,2,0,
10312,彰化縣溪州鄉,坑厝村,0,0,0,2,0,2,1,0,
10312,彰化縣溪州鄉,大庄村,4,3,1,4,3,1,0,0,
10312,彰化縣溪州鄉,尾厝村,2,0,2,2,2,0,2,0,
10312,彰化縣溪州鄉,張厝村,1,1,0,1,0,1,1,0,
10312,彰化縣溪州鄉,成功村,3,1,2,1,0,1,1,0,
10312,彰化縣溪州鄉,東州村,4,1,3,3,2,1,1,0,
10312,彰化縣溪州鄉,柑園村,0,0,0,3,1,2,0,0,
10312,彰化縣溪州鄉,榮光村,1,1,0,0,0,0,0,0,
10312,彰化縣溪州鄉,水尾村,2,2,0,1,1,0,0,0,
10312,彰化縣溪州鄉,溪厝村,2,1,1,3,2,1,0,0,
10312,彰化縣溪州鄉,溪州村,1,0,1,2,2,0,0,0,
10312,彰化縣溪州鄉,潮洋村,0,0,0,0,0,0,1,0,
10312,彰化縣溪州鄉,瓦厝村,0,0,0,0,0,0,3,1,
10312,彰化縣溪州鄉,舊眉村,1,1,0,0,0,0,0,0,
10312,彰化縣溪州鄉,菜公村,2,1,1,0,0,0,1,0,
10312,彰化縣溪州鄉,西畔村,2,1,1,2,2,0,0,0,
10312,南投縣南投市,三和里,2,0,2,2,2,0,1,0,
10312,南投縣南投市,三民里,1,1,0,0,0,0,0,0,
10312,南投縣南投市,三興里,4,1,3,1,1,0,4,2,
10312,南投縣南投市,仁和里,0,0,0,0,0,0,0,0,
10312,南投縣南投市,光明里,1,1,0,3,1,2,1,1,
10312,南投縣南投市,光榮里,1,1,0,3,2,1,0,0,
10312,南投縣南投市,光華里,0,0,0,2,1,1,1,0,
10312,南投縣南投市,光輝里,0,0,0,0,0,0,2,0,
10312,南投縣南投市,內新里,1,0,1,1,1,0,0,0,
10312,南投縣南投市,內興里,4,4,0,5,3,2,4,2,
10312,南投縣南投市,千秋里,2,1,1,2,2,0,1,0,
10312,南投縣南投市,南投里,2,1,1,0,0,0,0,0,
10312,南投縣南投市,嘉和里,5,2,3,5,4,1,2,2,
10312,南投縣南投市,嘉興里,4,2,2,3,2,1,3,0,
10312,南投縣南投市,崇文里,0,0,0,0,0,0,0,0,
10312,南投縣南投市,平和里,5,3,2,2,2,0,8,3,
10312,南投縣南投市,平山里,4,1,3,3,1,2,2,1,
10312,南投縣南投市,康壽里,1,1,0,1,1,0,1,0,
10312,南投縣南投市,彰仁里,0,0,0,1,1,0,0,0,
10312,南投縣南投市,振興里,1,0,1,1,1,0,1,0,
10312,南投縣南投市,新興里,5,3,2,3,1,2,3,3,
10312,南投縣南投市,東山里,0,0,0,2,1,1,0,0,
10312,南投縣南投市,永興里,0,0,0,2,2,0,1,0,
10312,南投縣南投市,永豐里,0,0,0,2,1,1,2,1,
10312,南投縣南投市,漳和里,8,3,5,4,3,1,9,1,
10312,南投縣南投市,漳興里,1,0,1,4,2,2,1,0,
10312,南投縣南投市,營北里,1,0,1,5,2,3,5,1,
10312,南投縣南投市,營南里,1,0,1,1,1,0,3,1,
10312,南投縣南投市,福山里,2,1,1,3,1,2,0,0,
10312,南投縣南投市,福興里,4,2,2,5,1,4,2,1,
10312,南投縣南投市,軍功里,7,3,4,3,3,0,1,2,
10312,南投縣南投市,鳳山里,0,0,0,0,0,0,1,0,
10312,南投縣南投市,鳳鳴里,0,0,0,1,0,1,0,0,
10312,南投縣南投市,龍泉里,0,0,0,2,1,1,0,0,
10312,南投縣埔里鎮,一新里,0,0,0,1,1,0,0,0,
10312,南投縣埔里鎮,北安里,2,1,1,3,1,2,5,0,
10312,南投縣埔里鎮,北梅里,2,1,1,2,1,1,0,1,
10312,南投縣埔里鎮,北門里,1,1,0,3,2,1,2,0,
10312,南投縣埔里鎮,南村里,1,1,0,2,2,0,0,0,
10312,南投縣埔里鎮,南門里,0,0,0,2,1,1,0,1,
10312,南投縣埔里鎮,史港里,0,0,0,3,2,1,2,0,
10312,南投縣埔里鎮,合成里,1,1,0,3,1,2,1,0,
10312,南投縣埔里鎮,同聲里,1,1,0,2,1,1,1,0,
10312,南投縣埔里鎮,向善里,0,0,0,0,0,0,0,0,
10312,南投縣埔里鎮,大城里,8,6,2,11,7,4,3,3,
10312,南投縣埔里鎮,大湳里,3,2,1,1,0,1,2,0,
10312,南投縣埔里鎮,廣成里,1,1,0,3,1,2,0,0,
10312,南投縣埔里鎮,愛蘭里,0,0,0,2,2,0,0,1,
10312,南投縣埔里鎮,成功里,1,1,0,1,0,1,0,1,
10312,南投縣埔里鎮,房里里,2,0,2,0,0,0,0,0,
10312,南投縣埔里鎮,東門里,1,1,0,1,0,1,1,0,
10312,南投縣埔里鎮,杷城里,2,1,1,3,1,2,4,1,
10312,南投縣埔里鎮,枇杷里,8,7,1,10,6,4,9,2,
10312,南投縣埔里鎮,桃米里,0,0,0,1,0,1,1,0,
10312,南投縣埔里鎮,水頭里,4,2,2,0,0,0,6,3,
10312,南投縣埔里鎮,泰安里,3,2,1,1,0,1,1,0,
10312,南投縣埔里鎮,清新里,6,4,2,5,4,1,1,0,
10312,南投縣埔里鎮,溪南里,1,1,0,2,0,2,0,1,
10312,南投縣埔里鎮,牛眠里,1,1,0,1,1,0,2,1,
10312,南投縣埔里鎮,珠格里,1,1,0,2,1,1,2,0,
10312,南投縣埔里鎮,福興里,3,1,2,0,0,0,1,0,
10312,南投縣埔里鎮,籃城里,0,0,0,1,1,0,0,0,
10312,南投縣埔里鎮,薰化里,2,1,1,0,0,0,0,1,
10312,南投縣埔里鎮,蜈蚣里,4,0,4,4,2,2,2,3,
10312,南投縣埔里鎮,西門里,3,1,2,4,2,2,3,0,
10312,南投縣埔里鎮,鐵山里,2,0,2,1,1,0,1,1,
10312,南投縣埔里鎮,麒麟里,3,1,2,1,1,0,0,0,
10312,南投縣草屯鎮,上林里,5,3,2,2,0,2,5,2,
10312,南投縣草屯鎮,中原里,4,2,2,3,3,0,0,0,
10312,南投縣草屯鎮,中山里,4,2,2,3,2,1,0,0,
10312,南投縣草屯鎮,中正里,1,1,0,1,0,1,0,0,
10312,南投縣草屯鎮,加老里,0,0,0,4,4,0,0,1,
10312,南投縣草屯鎮,北勢里,1,1,0,2,0,2,0,1,
10312,南投縣草屯鎮,北投里,3,1,2,1,0,1,4,1,
10312,南投縣草屯鎮,南埔里,7,5,2,6,2,4,6,1,
10312,南投縣草屯鎮,和平里,3,1,2,5,3,2,0,0,
10312,南投縣草屯鎮,土城里,1,1,0,2,2,0,0,0,
10312,南投縣草屯鎮,坪頂里,1,1,0,1,1,0,1,1,
10312,南投縣草屯鎮,富寮里,4,2,2,4,2,2,4,2,
10312,南投縣草屯鎮,山腳里,8,7,1,5,4,1,6,1,
10312,南投縣草屯鎮,平林里,0,0,0,0,0,0,0,0,
10312,南投縣草屯鎮,御史里,3,2,1,3,2,1,4,1,
10312,南投縣草屯鎮,復興里,5,0,5,4,4,0,5,1,
10312,南投縣草屯鎮,敦和里,7,3,4,3,2,1,4,2,
10312,南投縣草屯鎮,新厝里,1,1,0,1,1,0,5,1,
10312,南投縣草屯鎮,新庄里,2,0,2,6,5,1,2,0,
10312,南投縣草屯鎮,新豐里,2,2,0,1,0,1,3,0,
10312,南投縣草屯鎮,明正里,1,1,0,2,0,2,3,0,
10312,南投縣草屯鎮,炎峰里,2,1,1,2,0,2,0,0,
10312,南投縣草屯鎮,玉峰里,4,1,3,4,2,2,2,2,
10312,南投縣草屯鎮,石川里,2,0,2,0,0,0,3,2,
10312,南投縣草屯鎮,碧峰里,2,1,1,2,1,1,2,0,
10312,南投縣草屯鎮,碧洲里,3,1,2,1,1,0,0,1,
10312,南投縣草屯鎮,雙冬里,3,1,2,0,0,0,1,0,
10312,南投縣竹山鎮,下坪里,0,0,0,1,0,1,1,0,
10312,南投縣竹山鎮,中和里,0,0,0,1,1,0,2,0,
10312,南投縣竹山鎮,中央里,0,0,0,2,1,1,2,1,
10312,南投縣竹山鎮,中山里,4,2,2,2,2,0,3,1,
10312,南投縣竹山鎮,中崎里,0,0,0,2,2,0,0,0,
10312,南投縣竹山鎮,中正里,0,0,0,0,0,0,0,0,
10312,南投縣竹山鎮,坪頂里,0,0,0,3,1,2,0,0,
10312,南投縣竹山鎮,大鞍里,0,0,0,0,0,0,0,0,
10312,南投縣竹山鎮,富州里,1,1,0,1,1,0,0,0,
10312,南投縣竹山鎮,山崇里,1,0,1,6,4,2,1,0,
10312,南投縣竹山鎮,延和里,3,3,0,3,2,1,5,3,
10312,南投縣竹山鎮,延山里,0,0,0,0,0,0,1,0,
10312,南投縣竹山鎮,延平里,1,1,0,1,0,1,4,3,
10312,南投縣竹山鎮,延正里,1,0,1,0,0,0,1,2,
10312,南投縣竹山鎮,延祥里,4,2,2,3,2,1,1,0,
10312,南投縣竹山鎮,德興里,2,1,1,0,0,0,2,0,
10312,南投縣竹山鎮,桂林里,1,0,1,3,2,1,2,2,
10312,南投縣竹山鎮,桶頭里,0,0,0,0,0,0,1,0,
10312,南投縣竹山鎮,瑞竹里,1,1,0,1,0,1,1,0,
10312,南投縣竹山鎮,田子里,0,0,0,0,0,0,0,0,
10312,南投縣竹山鎮,硘󿾨里,1,0,1,1,1,0,4,2,
10312,南投縣竹山鎮,社寮里,3,2,1,1,1,0,1,1,
10312,南投縣竹山鎮,福興里,1,0,1,1,1,0,0,1,
10312,南投縣竹山鎮,秀林里,1,0,1,1,0,1,0,0,
10312,南投縣竹山鎮,竹圍里,2,1,1,1,0,1,2,0,
10312,南投縣竹山鎮,竹山里,1,1,0,3,2,1,2,1,
10312,南投縣竹山鎮,雲林里,5,1,4,2,2,0,1,3,
10312,南投縣竹山鎮,鯉魚里,1,1,0,1,0,1,0,2,
10312,南投縣集集鎮,八張里,1,1,0,1,1,0,0,0,
10312,南投縣集集鎮,吳厝里,2,1,1,0,0,0,2,0,
10312,南投縣集集鎮,和平里,1,0,1,3,2,1,1,0,
10312,南投縣集集鎮,富山里,0,0,0,1,1,0,1,0,
10312,南投縣集集鎮,廣明里,1,0,1,0,0,0,0,0,
10312,南投縣集集鎮,林尾里,0,0,0,0,0,0,0,0,
10312,南投縣集集鎮,永昌里,1,0,1,1,1,0,1,0,
10312,南投縣集集鎮,玉映里,0,0,0,0,0,0,0,0,
10312,南投縣集集鎮,田寮里,1,0,1,1,0,1,0,0,
10312,南投縣集集鎮,隘寮里,1,1,0,0,0,0,1,1,
10312,南投縣集集鎮,集集里,2,2,0,2,1,1,0,0,
10312,南投縣名間鄉,三崙村,1,0,1,0,0,0,0,0,
10312,南投縣名間鄉,中山村,3,2,1,6,5,1,4,0,
10312,南投縣名間鄉,中正村,0,0,0,4,4,0,4,0,
10312,南投縣名間鄉,仁和村,0,0,0,2,0,2,0,0,
10312,南投縣名間鄉,南雅村,0,0,0,0,0,0,1,0,
10312,南投縣名間鄉,埔中村,1,0,1,1,1,0,0,2,
10312,南投縣名間鄉,大坑村,1,0,1,0,0,0,1,0,
10312,南投縣名間鄉,大庄村,0,0,0,4,3,1,1,0,
10312,南投縣名間鄉,崁腳村,1,0,1,1,1,0,0,1,
10312,南投縣名間鄉,廍下村,1,0,1,1,1,0,0,0,
10312,南投縣名間鄉,新光村,1,1,0,0,0,0,0,0,
10312,南投縣名間鄉,新厝村,0,0,0,2,0,2,2,0,
10312,南投縣名間鄉,新民村,1,0,1,1,1,0,0,1,
10312,南投縣名間鄉,新街村,4,3,1,4,3,1,4,1,
10312,南投縣名間鄉,東湖村,1,0,1,1,1,0,2,1,
10312,南投縣名間鄉,松山村,2,0,2,0,0,0,1,1,
10312,南投縣名間鄉,松柏村,0,0,0,1,1,0,2,0,
10312,南投縣名間鄉,濁水村,0,0,0,2,2,0,0,0,
10312,南投縣名間鄉,炭寮村,1,0,1,0,0,0,0,0,
10312,南投縣名間鄉,田仔村,0,0,0,1,0,1,1,0,
10312,南投縣名間鄉,竹圍村,0,0,0,1,1,0,0,1,
10312,南投縣名間鄉,萬丹村,0,0,0,3,2,1,0,1,
10312,南投縣名間鄉,赤水村,1,1,0,0,0,0,1,0,
10312,南投縣鹿谷鄉,內湖村,1,0,1,0,0,0,1,1,
10312,南投縣鹿谷鄉,初鄉村,1,0,1,0,0,0,1,0,
10312,南投縣鹿谷鄉,和雅村,1,1,0,0,0,0,0,1,
10312,南投縣鹿谷鄉,廣興村,4,3,1,2,2,0,1,0,
10312,南投縣鹿谷鄉,彰雅村,3,1,2,1,1,0,0,0,
10312,南投縣鹿谷鄉,永隆村,0,0,0,2,2,0,3,0,
10312,南投縣鹿谷鄉,清水村,0,0,0,0,0,0,0,1,
10312,南投縣鹿谷鄉,瑞田村,0,0,0,1,0,1,0,0,
10312,南投縣鹿谷鄉,秀峰村,0,0,0,0,0,0,1,0,
10312,南投縣鹿谷鄉,竹林村,0,0,0,2,0,2,0,0,
10312,南投縣鹿谷鄉,竹豐村,1,0,1,1,1,0,1,0,
10312,南投縣鹿谷鄉,鳳凰村,1,0,1,0,0,0,2,1,
10312,南投縣鹿谷鄉,鹿谷村,1,0,1,2,1,1,3,2,
10312,南投縣中寮鄉,中寮村,0,0,0,0,0,0,0,0,
10312,南投縣中寮鄉,內城村,0,0,0,1,0,1,1,0,
10312,南投縣中寮鄉,八仙村,0,0,0,0,0,0,2,0,
10312,南投縣中寮鄉,和興村,0,0,0,2,2,0,1,0,
10312,南投縣中寮鄉,崁頂村,0,0,0,1,0,1,2,0,
10312,南投縣中寮鄉,廣福村,1,0,1,0,0,0,0,0,
10312,南投縣中寮鄉,廣興村,0,0,0,1,0,1,0,0,
10312,南投縣中寮鄉,復興村,0,0,0,0,0,0,0,0,
10312,南投縣中寮鄉,永和村,0,0,0,0,0,0,0,0,
10312,南投縣中寮鄉,永平村,1,0,1,2,1,1,1,0,
10312,南投縣中寮鄉,永福村,0,0,0,1,1,0,0,1,
10312,南投縣中寮鄉,永芳村,0,0,0,2,2,0,0,0,
10312,南投縣中寮鄉,清水村,0,0,0,1,0,1,0,0,
10312,南投縣中寮鄉,爽文村,1,0,1,0,0,0,0,0,
10312,南投縣中寮鄉,福盛村,0,0,0,0,0,0,0,0,
10312,南投縣中寮鄉,義和村,0,0,0,1,1,0,0,1,
10312,南投縣中寮鄉,龍安村,1,1,0,0,0,0,0,0,
10312,南投縣中寮鄉,龍岩村,0,0,0,0,0,0,0,1,
10312,南投縣魚池鄉,中明村,1,0,1,0,0,0,0,2,
10312,南投縣魚池鄉,五城村,2,1,1,1,1,0,0,0,
10312,南投縣魚池鄉,共和村,0,0,0,2,1,1,0,0,
10312,南投縣魚池鄉,大林村,2,1,1,4,4,0,0,0,
10312,南投縣魚池鄉,大雁村,1,0,1,0,0,0,0,1,
10312,南投縣魚池鄉,新城村,0,0,0,0,0,0,2,1,
10312,南投縣魚池鄉,日月村,2,1,1,3,2,1,1,0,
10312,南投縣魚池鄉,東光村,0,0,0,2,2,0,0,2,
10312,南投縣魚池鄉,東池村,0,0,0,3,2,1,4,0,
10312,南投縣魚池鄉,武登村,0,0,0,1,0,1,0,0,
10312,南投縣魚池鄉,水社村,2,0,2,2,2,0,2,0,
10312,南投縣魚池鄉,頭社村,0,0,0,0,0,0,0,0,
10312,南投縣魚池鄉,魚池村,2,2,0,1,1,0,2,0,
10312,南投縣國姓鄉,乾溝村,2,1,1,1,0,1,1,1,
10312,南投縣國姓鄉,北山村,0,0,0,1,0,1,1,0,
10312,南投縣國姓鄉,北港村,2,2,0,2,1,1,2,0,
10312,南投縣國姓鄉,南港村,0,0,0,3,3,0,0,1,
10312,南投縣國姓鄉,國姓村,1,0,1,1,1,0,2,0,
10312,南投縣國姓鄉,大旗村,0,0,0,1,1,0,2,1,
10312,南投縣國姓鄉,大石村,0,0,0,1,1,0,1,0,
10312,南投縣國姓鄉,柑林村,1,0,1,2,2,0,0,1,
10312,南投縣國姓鄉,石門村,0,0,0,2,2,0,2,0,
10312,南投縣國姓鄉,福龜村,0,0,0,4,3,1,2,1,
10312,南投縣國姓鄉,長流村,1,0,1,2,1,1,1,0,
10312,南投縣國姓鄉,長福村,1,0,1,1,1,0,0,0,
10312,南投縣國姓鄉,長豐村,0,0,0,1,1,0,0,0,
10312,南投縣水里鄉,上安村,6,2,4,0,0,0,0,0,
10312,南投縣水里鄉,中央村,2,1,1,0,0,0,0,0,
10312,南投縣水里鄉,北埔村,1,0,1,1,0,1,3,0,
10312,南投縣水里鄉,南光村,1,0,1,2,2,0,0,0,
10312,南投縣水里鄉,城中村,2,0,2,1,0,1,0,0,
10312,南投縣水里鄉,新城村,2,0,2,0,0,0,3,0,
10312,南投縣水里鄉,新山村,1,1,0,0,0,0,0,0,
10312,南投縣水里鄉,新興村,1,0,1,1,1,0,0,1,
10312,南投縣水里鄉,民和村,0,0,0,1,1,0,0,1,
10312,南投縣水里鄉,水里村,0,0,0,0,0,0,0,1,
10312,南投縣水里鄉,永興村,0,0,0,0,0,0,0,0,
10312,南投縣水里鄉,永豐村,2,2,0,0,0,0,2,0,
10312,南投縣水里鄉,玉峰村,1,0,1,1,1,0,0,0,
10312,南投縣水里鄉,興隆村,0,0,0,0,0,0,0,0,
10312,南投縣水里鄉,車埕村,1,1,0,1,0,1,1,1,
10312,南投縣水里鄉,農富村,0,0,0,0,0,0,0,0,
10312,南投縣水里鄉,郡坑村,0,0,0,1,1,0,0,0,
10312,南投縣水里鄉,鉅工村,0,0,0,1,1,0,0,0,
10312,南投縣水里鄉,頂崁村,3,1,2,4,1,3,2,0,
10312,南投縣信義鄉,人和村,2,1,1,4,2,2,2,1,
10312,南投縣信義鄉,同富村,1,1,0,1,1,0,1,0,
10312,南投縣信義鄉,地利村,1,1,0,1,1,0,1,2,
10312,南投縣信義鄉,愛國村,0,0,0,1,1,0,0,0,
10312,南投縣信義鄉,新鄉村,1,0,1,1,1,0,0,0,
10312,南投縣信義鄉,明德村,1,1,0,3,2,1,0,0,
10312,南投縣信義鄉,望美村,1,0,1,3,2,1,1,1,
10312,南投縣信義鄉,東埔村,2,2,0,1,0,1,0,0,
10312,南投縣信義鄉,潭南村,0,0,0,0,0,0,0,0,
10312,南投縣信義鄉,神木村,0,0,0,0,0,0,0,0,
10312,南投縣信義鄉,羅娜村,4,2,2,1,1,0,1,0,
10312,南投縣信義鄉,自強村,0,0,0,0,0,0,0,0,
10312,南投縣信義鄉,豐丘村,2,2,0,2,1,1,0,0,
10312,南投縣信義鄉,雙龍村,1,1,0,1,1,0,0,0,
10312,南投縣仁愛鄉,中正村,2,1,1,1,1,0,2,0,
10312,南投縣仁愛鄉,互助村,1,0,1,0,0,0,0,0,
10312,南投縣仁愛鄉,力行村,1,0,1,0,0,0,0,1,
10312,南投縣仁愛鄉,南豐村,0,0,0,0,0,0,0,2,
10312,南投縣仁愛鄉,合作村,3,3,0,1,1,0,0,0,
10312,南投縣仁愛鄉,大同村,3,2,1,0,0,0,1,1,
10312,南投縣仁愛鄉,新生村,0,0,0,0,0,0,1,0,
10312,南投縣仁愛鄉,春陽村,2,1,1,1,0,1,1,2,
10312,南投縣仁愛鄉,榮興村,0,0,0,0,0,0,0,0,
10312,南投縣仁愛鄉,法治村,0,0,0,2,1,1,0,1,
10312,南投縣仁愛鄉,發祥村,1,1,0,0,0,0,1,0,
10312,南投縣仁愛鄉,精英村,0,0,0,2,0,2,0,0,
10312,南投縣仁愛鄉,翠華村,1,0,1,0,0,0,2,0,
10312,南投縣仁愛鄉,萬豐村,1,1,0,0,0,0,0,0,
10312,南投縣仁愛鄉,親愛村,1,1,0,1,0,1,1,1,
10312,南投縣仁愛鄉,都達村,1,1,0,2,0,2,0,0,
10312,雲林縣斗六市,三光里,0,0,0,1,1,0,0,0,
10312,雲林縣斗六市,三平里,8,4,4,1,1,0,3,0,
10312,雲林縣斗六市,中和里,1,1,0,0,0,0,1,0,
10312,雲林縣斗六市,久安里,1,1,0,4,4,0,2,0,
10312,雲林縣斗六市,仁愛里,0,0,0,2,1,1,2,1,
10312,雲林縣斗六市,保庄里,7,3,4,2,2,0,8,1,
10312,雲林縣斗六市,信義里,0,0,0,0,0,0,0,0,
10312,雲林縣斗六市,光興里,1,0,1,2,1,1,1,0,
10312,雲林縣斗六市,八德里,4,3,1,0,0,0,1,2,
10312,雲林縣斗六市,公正里,2,0,2,1,0,1,2,1,
10312,雲林縣斗六市,公誠里,1,0,1,4,3,1,1,0,
10312,雲林縣斗六市,十三里,1,1,0,1,0,1,1,0,
10312,雲林縣斗六市,嘉東里,1,0,1,0,0,0,0,0,
10312,雲林縣斗六市,四維里,1,1,0,0,0,0,0,0,
10312,雲林縣斗六市,太平里,1,0,1,0,0,0,0,0,
10312,雲林縣斗六市,崙峯里,5,2,3,0,0,0,2,0,
10312,雲林縣斗六市,忠孝里,1,1,0,1,0,1,0,0,
10312,雲林縣斗六市,成功里,4,2,2,1,1,0,3,0,
10312,雲林縣斗六市,明德里,8,3,5,1,0,1,3,0,
10312,雲林縣斗六市,林頭里,2,2,0,7,6,1,1,0,
10312,雲林縣斗六市,梅林里,1,0,1,3,2,1,1,1,
10312,雲林縣斗六市,榴中里,2,1,1,2,0,2,3,2,
10312,雲林縣斗六市,榴北里,0,0,0,0,0,0,0,1,
10312,雲林縣斗六市,榴南里,2,1,1,1,1,0,2,0,
10312,雲林縣斗六市,江厝里,1,0,1,4,0,4,0,0,
10312,雲林縣斗六市,湖山里,0,0,0,3,1,2,2,0,
10312,雲林縣斗六市,溝埧里,1,1,0,1,0,1,0,0,
10312,雲林縣斗六市,溪洲里,4,2,2,3,2,1,5,0,
10312,雲林縣斗六市,社口里,1,0,1,1,1,0,0,0,
10312,雲林縣斗六市,虎溪里,5,4,1,4,3,1,5,0,
10312,雲林縣斗六市,重光里,0,0,0,1,1,0,3,2,
10312,雲林縣斗六市,鎮北里,1,0,1,3,2,1,1,0,
10312,雲林縣斗六市,鎮南里,4,3,1,2,2,0,7,1,
10312,雲林縣斗六市,鎮東里,3,1,2,3,1,2,3,0,
10312,雲林縣斗六市,鎮西里,0,0,0,0,0,0,4,1,
10312,雲林縣斗六市,長安里,4,2,2,0,0,0,4,1,
10312,雲林縣斗六市,長平里,2,1,1,2,1,1,2,1,
10312,雲林縣斗六市,龍潭里,3,2,1,2,2,0,2,0,
10312,雲林縣斗南鎮,中天里,0,0,0,1,1,0,0,0,
10312,雲林縣斗南鎮,北銘里,0,0,0,2,1,1,2,1,
10312,雲林縣斗南鎮,南昌里,1,0,1,2,0,2,1,1,
10312,雲林縣斗南鎮,埤麻里,0,0,0,2,1,1,0,1,
10312,雲林縣斗南鎮,大東里,0,0,0,0,0,0,1,0,
10312,雲林縣斗南鎮,將軍里,1,1,0,1,1,0,0,0,
10312,雲林縣斗南鎮,小東里,1,1,0,2,2,0,0,0,
10312,雲林縣斗南鎮,新光里,3,2,1,2,0,2,0,0,
10312,雲林縣斗南鎮,新南里,1,1,0,2,2,0,1,0,
10312,雲林縣斗南鎮,新崙里,0,0,0,0,0,0,0,0,
10312,雲林縣斗南鎮,明昌里,8,1,7,2,2,0,6,2,
10312,雲林縣斗南鎮,東仁里,0,0,0,0,0,0,0,0,
10312,雲林縣斗南鎮,東明里,0,0,0,1,1,0,0,0,
10312,雲林縣斗南鎮,林子里,2,1,1,0,0,0,1,0,
10312,雲林縣斗南鎮,田頭里,2,1,1,2,1,1,0,0,
10312,雲林縣斗南鎮,石溪里,0,0,0,0,0,0,0,0,
10312,雲林縣斗南鎮,石龜里,1,1,0,0,0,0,0,0,
10312,雲林縣斗南鎮,舊社里,1,0,1,1,1,0,3,1,
10312,雲林縣斗南鎮,西伯里,0,0,0,2,2,0,0,0,
10312,雲林縣斗南鎮,西岐里,4,3,1,4,1,3,2,2,
10312,雲林縣斗南鎮,阿丹里,1,1,0,2,1,1,0,0,
10312,雲林縣斗南鎮,靖興里,0,0,0,0,0,0,0,0,
10312,雲林縣虎尾鎮,三合里,2,1,1,1,1,0,1,0,
10312,雲林縣虎尾鎮,下溪里,0,0,0,2,2,0,2,1,
10312,雲林縣虎尾鎮,中山里,1,0,1,1,1,0,0,0,
10312,雲林縣虎尾鎮,中溪里,0,0,0,1,1,0,0,0,
10312,雲林縣虎尾鎮,公安里,1,0,1,1,0,1,2,0,
10312,雲林縣虎尾鎮,北溪里,2,2,0,0,0,0,0,0,
10312,雲林縣虎尾鎮,埒內里,1,0,1,3,1,2,2,0,
10312,雲林縣虎尾鎮,堀頭里,0,0,0,1,0,1,0,0,
10312,雲林縣虎尾鎮,墾地里,1,0,1,0,0,0,3,1,
10312,雲林縣虎尾鎮,安慶里,1,0,1,3,0,3,1,0,
10312,雲林縣虎尾鎮,安溪里,3,1,2,3,0,3,2,2,
10312,雲林縣虎尾鎮,平和里,7,5,2,2,1,1,4,0,
10312,雲林縣虎尾鎮,廉使里,2,0,2,1,1,0,2,1,
10312,雲林縣虎尾鎮,延平里,1,1,0,0,0,0,0,0,
10312,雲林縣虎尾鎮,建國里,0,0,0,1,0,1,2,1,
10312,雲林縣虎尾鎮,德興里,2,1,1,3,1,2,1,0,
10312,雲林縣虎尾鎮,惠來里,1,0,1,1,0,1,2,0,
10312,雲林縣虎尾鎮,新吉里,7,4,3,4,3,1,3,0,
10312,雲林縣虎尾鎮,新興里,3,0,3,3,3,0,2,0,
10312,雲林縣虎尾鎮,東仁里,5,3,2,1,1,0,2,0,
10312,雲林縣虎尾鎮,東屯里,0,0,0,1,1,0,1,0,
10312,雲林縣虎尾鎮,穎川里,1,1,0,1,0,1,2,0,
10312,雲林縣虎尾鎮,立仁里,3,0,3,3,2,1,7,0,
10312,雲林縣虎尾鎮,興中里,2,0,2,1,1,0,0,0,
10312,雲林縣虎尾鎮,興南里,1,0,1,2,1,1,0,0,
10312,雲林縣虎尾鎮,芳草里,1,1,0,3,1,2,0,0,
10312,雲林縣虎尾鎮,西安里,0,0,0,2,0,2,2,1,
10312,雲林縣虎尾鎮,西屯里,1,0,1,2,2,0,0,3,
10312,雲林縣虎尾鎮,頂溪里,0,0,0,4,2,2,1,0,
10312,雲林縣西螺鎮,七座里,0,0,0,2,1,1,1,0,
10312,雲林縣西螺鎮,下湳里,1,1,0,3,1,2,1,0,
10312,雲林縣西螺鎮,中和里,1,0,1,0,0,0,0,1,
10312,雲林縣西螺鎮,中興里,3,0,3,1,1,0,4,0,
10312,雲林縣西螺鎮,九隆里,0,0,0,0,0,0,1,0,
10312,雲林縣西螺鎮,光華里,0,0,0,1,0,1,3,0,
10312,雲林縣西螺鎮,公舘里,0,0,0,2,0,2,0,0,
10312,雲林縣西螺鎮,吳厝里,1,0,1,2,2,0,0,0,
10312,雲林縣西螺鎮,埤頭里,0,0,0,0,0,0,0,1,
10312,雲林縣西螺鎮,大園里,0,0,0,5,4,1,0,1,
10312,雲林縣西螺鎮,大新里,4,2,2,0,0,0,1,0,
10312,雲林縣西螺鎮,安定里,1,1,0,5,3,2,0,1,
10312,雲林縣西螺鎮,廣福里,2,0,2,1,0,1,2,1,
10312,雲林縣西螺鎮,廣興里,0,0,0,1,1,0,1,0,
10312,雲林縣西螺鎮,振興里,1,1,0,2,1,1,2,0,
10312,雲林縣西螺鎮,新安里,1,1,0,0,0,0,1,0,
10312,雲林縣西螺鎮,新豐里,1,0,1,2,1,1,0,1,
10312,雲林縣西螺鎮,東興里,1,1,0,1,1,0,0,0,
10312,雲林縣西螺鎮,正興里,2,2,0,2,0,2,2,0,
10312,雲林縣西螺鎮,永安里,0,0,0,3,2,1,0,0,
10312,雲林縣西螺鎮,河南里,0,0,0,3,2,1,1,0,
10312,雲林縣西螺鎮,漢光里,3,1,2,2,2,0,4,0,
10312,雲林縣西螺鎮,福田里,0,0,0,3,3,0,1,0,
10312,雲林縣西螺鎮,福興里,0,0,0,1,1,0,1,0,
10312,雲林縣西螺鎮,詔安里,1,0,1,3,2,1,2,0,
10312,雲林縣西螺鎮,頂湳里,3,3,0,0,0,0,0,0,
10312,雲林縣西螺鎮,鹿場里,1,1,0,2,1,1,0,0,
10312,雲林縣土庫鎮,北平里,0,0,0,1,1,0,1,0,
10312,雲林縣土庫鎮,南平里,0,0,0,4,2,2,1,1,
10312,雲林縣土庫鎮,埤腳里,0,0,0,4,3,1,0,0,
10312,雲林縣土庫鎮,大荖里,0,0,0,1,1,0,0,0,
10312,雲林縣土庫鎮,奮起里,2,0,2,3,1,2,2,1,
10312,雲林縣土庫鎮,宮北里,1,0,1,0,0,0,3,0,
10312,雲林縣土庫鎮,崙內里,1,1,0,3,1,2,2,2,
10312,雲林縣土庫鎮,後埔里,0,0,0,3,2,1,1,1,
10312,雲林縣土庫鎮,忠正里,0,0,0,1,1,0,0,0,
10312,雲林縣土庫鎮,新庄里,2,0,2,4,2,2,0,0,
10312,雲林縣土庫鎮,東平里,0,0,0,1,0,1,3,0,
10312,雲林縣土庫鎮,溪邊里,1,1,0,2,2,0,0,1,
10312,雲林縣土庫鎮,石廟里,1,0,1,1,1,0,3,0,
10312,雲林縣土庫鎮,興新里,1,0,1,5,3,2,2,0,
10312,雲林縣土庫鎮,西平里,0,0,0,2,2,0,2,0,
10312,雲林縣土庫鎮,越港里,2,1,1,1,1,0,1,0,
10312,雲林縣土庫鎮,順天里,0,0,0,0,0,0,0,0,
10312,雲林縣北港鎮,中和里,0,0,0,1,0,1,1,1,
10312,雲林縣北港鎮,仁和里,1,0,1,1,1,0,0,0,
10312,雲林縣北港鎮,仁安里,0,0,0,0,0,0,0,0,
10312,雲林縣北港鎮,光復里,2,1,1,1,0,1,1,0,
10312,雲林縣北港鎮,光民里,0,0,0,1,0,1,0,0,
10312,雲林縣北港鎮,公舘里,0,0,0,0,0,0,0,1,
10312,雲林縣北港鎮,共榮里,0,0,0,1,1,0,0,0,
10312,雲林縣北港鎮,劉厝里,0,0,0,1,1,0,0,0,
10312,雲林縣北港鎮,南安里,1,1,0,0,0,0,0,1,
10312,雲林縣北港鎮,大北里,1,1,0,0,0,0,0,0,
10312,雲林縣北港鎮,大同里,0,0,0,0,0,0,1,0,
10312,雲林縣北港鎮,好收里,1,1,0,3,1,2,1,0,
10312,雲林縣北港鎮,府番里,0,0,0,1,0,1,0,0,
10312,雲林縣北港鎮,後溝里,1,0,1,0,0,0,0,0,
10312,雲林縣北港鎮,扶朝里,0,0,0,0,0,0,0,0,
10312,雲林縣北港鎮,新厝里,1,1,0,1,1,0,1,0,
10312,雲林縣北港鎮,新街里,2,2,0,5,3,2,6,1,
10312,雲林縣北港鎮,東華里,0,0,0,1,1,0,0,0,
10312,雲林縣北港鎮,東陽里,1,1,0,1,1,0,0,0,
10312,雲林縣北港鎮,樹腳里,1,0,1,2,1,1,3,0,
10312,雲林縣北港鎮,水埔里,0,0,0,3,0,3,1,0,
10312,雲林縣北港鎮,溝皂里,5,2,3,2,1,1,0,0,
10312,雲林縣北港鎮,番溝里,0,0,0,0,0,0,0,0,
10312,雲林縣北港鎮,義民里,2,2,0,1,1,0,0,0,
10312,雲林縣北港鎮,草湖里,1,1,0,1,0,1,2,0,
10312,雲林縣北港鎮,華勝里,3,2,1,6,3,3,5,1,
10312,雲林縣北港鎮,西勢里,1,0,1,1,0,1,0,1,
10312,雲林縣北港鎮,賜福里,0,0,0,0,0,0,1,1,
10312,雲林縣古坑鄉,古坑村,3,2,1,2,2,0,1,1,
10312,雲林縣古坑鄉,崁腳村,3,1,2,4,2,2,1,0,
10312,雲林縣古坑鄉,新庄村,2,1,1,3,1,2,2,0,
10312,雲林縣古坑鄉,朝陽村,3,2,1,1,0,1,4,0,
10312,雲林縣古坑鄉,東和村,0,0,0,1,0,1,2,1,
10312,雲林縣古坑鄉,桂林村,2,0,2,0,0,0,1,0,
10312,雲林縣古坑鄉,棋盤村,2,1,1,0,0,0,3,0,
10312,雲林縣古坑鄉,樟湖村,0,0,0,1,1,0,0,0,
10312,雲林縣古坑鄉,水碓村,0,0,0,1,0,1,2,0,
10312,雲林縣古坑鄉,永光村,4,0,4,3,2,1,5,0,
10312,雲林縣古坑鄉,永昌村,5,3,2,1,1,0,1,0,
10312,雲林縣古坑鄉,湳仔村,1,1,0,0,0,0,0,0,
10312,雲林縣古坑鄉,田心村,0,0,0,3,2,1,0,0,
10312,雲林縣古坑鄉,草嶺村,1,1,0,0,0,0,0,0,
10312,雲林縣古坑鄉,荷苞村,1,0,1,2,1,1,1,0,
10312,雲林縣古坑鄉,華南村,0,0,0,2,1,1,0,0,
10312,雲林縣古坑鄉,華山村,0,0,0,1,1,0,1,0,
10312,雲林縣古坑鄉,西平村,2,0,2,0,0,0,1,0,
10312,雲林縣古坑鄉,高林村,1,0,1,2,0,2,1,0,
10312,雲林縣古坑鄉,麻園村,0,0,0,0,0,0,1,1,
10312,雲林縣大埤鄉,三結村,1,0,1,3,1,2,1,0,
10312,雲林縣大埤鄉,北和村,0,0,0,0,0,0,1,0,
10312,雲林縣大埤鄉,北鎮村,2,1,1,0,0,0,0,0,
10312,雲林縣大埤鄉,南和村,2,1,1,0,0,0,0,0,
10312,雲林縣大埤鄉,吉田村,0,0,0,3,3,0,0,0,
10312,雲林縣大埤鄉,嘉興村,2,2,0,2,1,1,2,0,
10312,雲林縣大埤鄉,大德村,1,1,0,2,1,1,0,0,
10312,雲林縣大埤鄉,尚義村,3,0,3,2,2,0,3,0,
10312,雲林縣大埤鄉,怡然村,1,1,0,3,3,0,0,0,
10312,雲林縣大埤鄉,松竹村,1,0,1,2,0,2,0,1,
10312,雲林縣大埤鄉,聯美村,1,0,1,2,2,0,1,0,
10312,雲林縣大埤鄉,興安村,0,0,0,1,0,1,0,0,
10312,雲林縣大埤鄉,西鎮村,0,0,0,0,0,0,1,0,
10312,雲林縣大埤鄉,豐岡村,0,0,0,0,0,0,0,0,
10312,雲林縣大埤鄉,豐田村,2,1,1,1,0,1,2,0,
10312,雲林縣莿桐鄉,五華村,1,0,1,2,1,1,0,0,
10312,雲林縣莿桐鄉,六合村,3,2,1,6,2,4,4,1,
10312,雲林縣莿桐鄉,四合村,1,1,0,2,2,0,4,0,
10312,雲林縣莿桐鄉,埔子村,0,0,0,3,2,1,1,1,
10312,雲林縣莿桐鄉,埔尾村,0,0,0,2,1,1,1,0,
10312,雲林縣莿桐鄉,大美村,6,3,3,3,3,0,0,1,
10312,雲林縣莿桐鄉,甘厝村,0,0,0,1,1,0,0,1,
10312,雲林縣莿桐鄉,甘西村,4,1,3,2,1,1,2,0,
10312,雲林縣莿桐鄉,義和村,2,0,2,1,1,0,2,0,
10312,雲林縣莿桐鄉,興桐村,1,1,0,0,0,0,0,1,
10312,雲林縣莿桐鄉,興貴村,1,1,0,2,0,2,3,0,
10312,雲林縣莿桐鄉,莿桐村,5,3,2,3,1,2,3,3,
10312,雲林縣莿桐鄉,饒平村,0,0,0,1,1,0,0,0,
10312,雲林縣莿桐鄉,麻園村,2,0,2,1,0,1,0,0,
10312,雲林縣林內鄉,九芎村,0,0,0,2,1,1,0,0,
10312,雲林縣林內鄉,坪頂村,0,0,0,1,0,1,0,0,
10312,雲林縣林內鄉,林中村,3,0,3,2,2,0,3,0,
10312,雲林縣林內鄉,林北村,3,2,1,1,0,1,1,0,
10312,雲林縣林內鄉,林南村,0,0,0,2,2,0,0,1,
10312,雲林縣林內鄉,林茂村,1,1,0,0,0,0,0,0,
10312,雲林縣林內鄉,湖本村,0,0,0,0,0,0,0,0,
10312,雲林縣林內鄉,烏塗村,1,1,0,1,0,1,4,0,
10312,雲林縣林內鄉,烏麻村,3,1,2,0,0,0,1,1,
10312,雲林縣林內鄉,重興村,1,0,1,3,1,2,1,1,
10312,雲林縣二崙鄉,三和村,0,0,0,1,0,1,1,0,
10312,雲林縣二崙鄉,來惠村,1,0,1,1,0,1,1,0,
10312,雲林縣二崙鄉,大同村,1,0,1,4,2,2,0,0,
10312,雲林縣二崙鄉,大庄村,2,2,0,1,0,1,0,0,
10312,雲林縣二崙鄉,大義村,1,1,0,2,1,1,0,0,
10312,雲林縣二崙鄉,大華村,0,0,0,4,3,1,1,0,
10312,雲林縣二崙鄉,定安村,0,0,0,1,1,0,0,0,
10312,雲林縣二崙鄉,崙東村,1,1,0,2,0,2,0,0,
10312,雲林縣二崙鄉,崙西村,0,0,0,3,2,1,0,0,
10312,雲林縣二崙鄉,庄西村,4,1,3,0,0,0,2,0,
10312,雲林縣二崙鄉,復興村,1,1,0,1,1,0,0,0,
10312,雲林縣二崙鄉,楊賢村,0,0,0,0,0,0,0,1,
10312,雲林縣二崙鄉,永定村,2,2,0,1,1,0,0,0,
10312,雲林縣二崙鄉,油車村,2,1,1,2,1,1,0,0,
10312,雲林縣二崙鄉,港後村,3,1,2,4,4,0,0,1,
10312,雲林縣二崙鄉,湳仔村,0,0,0,1,0,1,0,0,
10312,雲林縣二崙鄉,田尾村,2,2,0,3,2,1,0,0,
10312,雲林縣二崙鄉,義庄村,0,0,0,1,0,1,0,0,
10312,雲林縣崙背鄉,五魁村,0,0,0,2,1,1,0,0,
10312,雲林縣崙背鄉,南陽村,3,1,2,4,3,1,4,0,
10312,雲林縣崙背鄉,大有村,1,0,1,5,3,2,1,2,
10312,雲林縣崙背鄉,崙前村,1,0,1,4,3,1,1,0,
10312,雲林縣崙背鄉,東明村,2,2,0,0,0,0,0,0,
10312,雲林縣崙背鄉,枋南村,0,0,0,2,0,2,0,0,
10312,雲林縣崙背鄉,水尾村,0,0,0,1,1,0,0,0,
10312,雲林縣崙背鄉,港尾村,1,1,0,2,2,0,1,0,
10312,雲林縣崙背鄉,羅厝村,1,0,1,5,3,2,0,1,
10312,雲林縣崙背鄉,舊庄村,2,2,0,0,0,0,1,1,
10312,雲林縣崙背鄉,草湖村,1,1,0,3,1,2,2,0,
10312,雲林縣崙背鄉,西榮村,0,0,0,2,1,1,2,1,
10312,雲林縣崙背鄉,豐榮村,4,3,1,2,1,1,0,0,
10312,雲林縣崙背鄉,阿勸村,0,0,0,3,2,1,0,1,
10312,雲林縣麥寮鄉,三盛村,3,1,2,4,2,2,1,0,
10312,雲林縣麥寮鄉,中興村,3,2,1,2,1,1,2,0,
10312,雲林縣麥寮鄉,崙後村,1,1,0,0,0,0,2,2,
10312,雲林縣麥寮鄉,後安村,3,1,2,5,3,2,2,1,
10312,雲林縣麥寮鄉,新吉村,0,0,0,2,1,1,0,0,
10312,雲林縣麥寮鄉,施厝村,3,0,3,1,1,0,6,0,
10312,雲林縣麥寮鄉,橋頭村,9,4,5,5,3,2,2,1,
10312,雲林縣麥寮鄉,海豐村,4,3,1,2,2,0,3,2,
10312,雲林縣麥寮鄉,瓦󿾨村,2,0,2,1,0,1,4,0,
10312,雲林縣麥寮鄉,興華村,3,2,1,4,1,3,1,1,
10312,雲林縣麥寮鄉,雷厝村,1,0,1,2,2,0,3,1,
10312,雲林縣麥寮鄉,麥津村,3,2,1,0,0,0,3,0,
10312,雲林縣麥寮鄉,麥豐村,14,6,8,2,1,1,6,2,
10312,雲林縣東勢鄉,同安村,3,3,0,4,2,2,0,1,
10312,雲林縣東勢鄉,嘉隆村,1,1,0,3,1,2,2,2,
10312,雲林縣東勢鄉,四美村,1,0,1,2,2,0,0,0,
10312,雲林縣東勢鄉,安南村,0,0,0,1,0,1,1,0,
10312,雲林縣東勢鄉,復興村,1,0,1,0,0,0,0,1,
10312,雲林縣東勢鄉,新坤村,1,0,1,3,3,0,0,1,
10312,雲林縣東勢鄉,昌南村,3,3,0,0,0,0,0,0,
10312,雲林縣東勢鄉,月眉村,1,1,0,1,1,0,0,1,
10312,雲林縣東勢鄉,東北村,2,1,1,0,0,0,1,0,
10312,雲林縣東勢鄉,東南村,4,2,2,3,2,1,2,1,
10312,雲林縣東勢鄉,程海村,1,0,1,2,2,0,1,0,
10312,雲林縣東勢鄉,龍潭村,1,0,1,1,0,1,0,0,
10312,雲林縣褒忠鄉,中勝村,1,1,0,0,0,0,4,0,
10312,雲林縣褒忠鄉,中民村,4,1,3,3,2,1,1,1,
10312,雲林縣褒忠鄉,埔姜村,4,2,2,3,1,2,1,0,
10312,雲林縣褒忠鄉,新湖村,0,0,0,0,0,0,1,1,
10312,雲林縣褒忠鄉,有才村,2,1,1,0,0,0,0,0,
10312,雲林縣褒忠鄉,潮厝村,0,0,0,3,3,0,0,0,
10312,雲林縣褒忠鄉,田洋村,0,0,0,0,0,0,0,0,
10312,雲林縣褒忠鄉,馬鳴村,2,1,1,1,0,1,0,0,
10312,雲林縣褒忠鄉,龍岩村,2,0,2,1,1,0,0,0,
10312,雲林縣臺西鄉,五榔村,1,1,0,0,0,0,1,0,
10312,雲林縣臺西鄉,五港村,1,1,0,4,1,3,1,0,
10312,雲林縣臺西鄉,光華村,1,1,0,2,2,0,1,1,
10312,雲林縣臺西鄉,台西村,1,0,1,2,0,2,1,0,
10312,雲林縣臺西鄉,和豐村,2,2,0,3,1,2,2,1,
10312,雲林縣臺西鄉,富琦村,0,0,0,6,4,2,0,0,
10312,雲林縣臺西鄉,山寮村,2,1,1,2,1,1,0,0,
10312,雲林縣臺西鄉,永豐村,2,2,0,1,0,1,0,1,
10312,雲林縣臺西鄉,泉州村,0,0,0,1,0,1,1,1,
10312,雲林縣臺西鄉,海北村,0,0,0,2,2,0,0,0,
10312,雲林縣臺西鄉,海南村,3,2,1,2,1,1,0,0,
10312,雲林縣臺西鄉,海口村,2,0,2,1,1,0,1,0,
10312,雲林縣臺西鄉,溪頂村,3,3,0,2,1,1,0,2,
10312,雲林縣臺西鄉,牛厝村,3,1,2,3,1,2,1,0,
10312,雲林縣臺西鄉,蚊港村,1,1,0,3,2,1,4,3,
10312,雲林縣元長鄉,下寮村,2,1,1,3,2,1,4,1,
10312,雲林縣元長鄉,五塊村,0,0,0,0,0,0,1,0,
10312,雲林縣元長鄉,內寮村,0,0,0,2,1,1,0,0,
10312,雲林縣元長鄉,卓運村,0,0,0,3,2,1,1,0,
10312,雲林縣元長鄉,合和村,6,0,6,0,0,0,1,0,
10312,雲林縣元長鄉,子茂村,0,0,0,3,1,2,1,0,
10312,雲林縣元長鄉,客厝村,1,0,1,0,0,0,1,0,
10312,雲林縣元長鄉,山內村,0,0,0,2,2,0,0,0,
10312,雲林縣元長鄉,崙仔村,0,0,0,2,0,2,0,0,
10312,雲林縣元長鄉,後湖村,0,0,0,2,0,2,0,0,
10312,雲林縣元長鄉,新吉村,0,0,0,1,0,1,0,1,
10312,雲林縣元長鄉,潭東村,1,0,1,2,1,1,2,0,
10312,雲林縣元長鄉,潭西村,0,0,0,2,1,1,1,0,
10312,雲林縣元長鄉,瓦󿾨村,1,0,1,0,0,0,0,0,
10312,雲林縣元長鄉,西莊村,0,0,0,2,2,0,0,0,
10312,雲林縣元長鄉,長北村,1,0,1,0,0,0,2,1,
10312,雲林縣元長鄉,長南村,3,2,1,1,1,0,1,1,
10312,雲林縣元長鄉,頂寮村,1,0,1,2,2,0,2,0,
10312,雲林縣元長鄉,鹿北村,3,2,1,0,0,0,0,0,
10312,雲林縣元長鄉,鹿南村,0,0,0,2,2,0,0,1,
10312,雲林縣元長鄉,龍岩村,0,0,0,1,1,0,0,1,
10312,雲林縣四湖鄉,三姓村,0,0,0,0,0,0,0,0,
10312,雲林縣四湖鄉,內湖村,0,0,0,6,2,4,0,0,
10312,雲林縣四湖鄉,四湖村,0,0,0,4,4,0,4,0,
10312,雲林縣四湖鄉,崙北村,0,0,0,3,3,0,0,0,
10312,雲林縣四湖鄉,崙南村,1,0,1,2,2,0,0,0,
10312,雲林縣四湖鄉,廣溝村,0,0,0,0,0,0,1,0,
10312,雲林縣四湖鄉,新庄村,0,0,0,2,0,2,1,0,
10312,雲林縣四湖鄉,施湖村,1,1,0,2,1,1,1,0,
10312,雲林縣四湖鄉,林厝村,3,1,2,4,2,2,4,0,
10312,雲林縣四湖鄉,林東村,0,0,0,4,1,3,0,0,
10312,雲林縣四湖鄉,湖寮村,0,0,0,0,0,0,1,0,
10312,雲林縣四湖鄉,湖西村,1,1,0,1,0,1,0,0,
10312,雲林縣四湖鄉,溪尾村,1,0,1,2,2,0,0,1,
10312,雲林縣四湖鄉,溪底村,0,0,0,1,1,0,2,0,
10312,雲林縣四湖鄉,羊調村,1,0,1,1,0,1,1,0,
10312,雲林縣四湖鄉,蔡厝村,0,0,0,2,1,1,0,0,
10312,雲林縣四湖鄉,飛東村,0,0,0,1,1,0,0,0,
10312,雲林縣四湖鄉,飛沙村,0,0,0,1,1,0,1,0,
10312,雲林縣四湖鄉,鹿場村,2,1,1,2,1,1,0,0,
10312,雲林縣四湖鄉,󿿀子村,0,0,0,1,0,1,0,0,
10312,雲林縣四湖鄉,󿿀東村,0,0,0,2,1,1,0,1,
10312,雲林縣口湖鄉,下崙村,0,0,0,1,1,0,1,0,
10312,雲林縣口湖鄉,口湖村,0,0,0,1,1,0,0,0,
10312,雲林縣口湖鄉,台子村,5,1,4,0,0,0,1,0,
10312,雲林縣口湖鄉,埔北村,0,0,0,1,1,0,0,1,
10312,雲林縣口湖鄉,埔南村,0,0,0,3,1,2,0,0,
10312,雲林縣口湖鄉,崙中村,1,1,0,3,2,1,0,0,
10312,雲林縣口湖鄉,崙東村,1,1,0,2,2,0,1,0,
10312,雲林縣口湖鄉,後厝村,0,0,0,0,0,0,0,0,
10312,雲林縣口湖鄉,成龍村,1,1,0,1,1,0,0,0,
10312,雲林縣口湖鄉,梧北村,0,0,0,4,2,2,3,1,
10312,雲林縣口湖鄉,梧南村,2,2,0,1,0,1,1,0,
10312,雲林縣口湖鄉,水井村,0,0,0,3,3,0,0,0,
10312,雲林縣口湖鄉,港東村,0,0,0,3,1,2,0,0,
10312,雲林縣口湖鄉,港西村,0,0,0,2,1,1,1,0,
10312,雲林縣口湖鄉,湖口村,1,1,0,1,1,0,1,0,
10312,雲林縣口湖鄉,湖東村,0,0,0,1,0,1,1,0,
10312,雲林縣口湖鄉,蚵寮村,0,0,0,2,2,0,1,1,
10312,雲林縣口湖鄉,謝厝村,0,0,0,2,2,0,1,1,
10312,雲林縣口湖鄉,過港村,0,0,0,0,0,0,0,0,
10312,雲林縣口湖鄉,青蚶村,0,0,0,0,0,0,0,0,
10312,雲林縣口湖鄉,頂湖村,0,0,0,1,1,0,0,0,
10312,雲林縣水林鄉,土厝村,0,0,0,3,3,0,0,0,
10312,雲林縣水林鄉,塭底村,0,0,0,0,0,0,2,0,
10312,雲林縣水林鄉,大山村,1,0,1,2,0,2,2,0,
10312,雲林縣水林鄉,大溝村,0,0,0,0,0,0,1,0,
10312,雲林縣水林鄉,尖山村,1,0,1,0,0,0,0,0,
10312,雲林縣水林鄉,山腳村,0,0,0,0,0,0,0,0,
10312,雲林縣水林鄉,後寮村,0,0,0,1,0,1,0,0,
10312,雲林縣水林鄉,春埔村,1,1,0,0,0,0,1,0,
10312,雲林縣水林鄉,松中村,1,0,1,0,0,0,0,0,
10312,雲林縣水林鄉,松北村,3,1,2,1,1,0,0,0,
10312,雲林縣水林鄉,松西村,0,0,0,0,0,0,0,0,
10312,雲林縣水林鄉,水北村,1,1,0,5,4,1,2,1,
10312,雲林縣水林鄉,水南村,0,0,0,2,2,0,3,0,
10312,雲林縣水林鄉,海埔村,2,1,1,3,0,3,0,0,
10312,雲林縣水林鄉,溪墘村,2,1,1,2,1,1,0,0,
10312,雲林縣水林鄉,灣東村,0,0,0,3,2,1,0,0,
10312,雲林縣水林鄉,灣西村,1,1,0,2,2,0,1,0,
10312,雲林縣水林鄉,萬興村,0,0,0,2,2,0,0,0,
10312,雲林縣水林鄉,蕃薯村,0,0,0,1,0,1,0,0,
10312,雲林縣水林鄉,蘇秦村,0,0,0,2,0,2,0,0,
10312,雲林縣水林鄉,西井村,2,0,2,0,0,0,1,0,
10312,雲林縣水林鄉,車港村,1,0,1,0,0,0,0,0,
10312,雲林縣水林鄉,順興村,1,1,0,1,1,0,1,0,
10312,雲林縣水林鄉,𣐤埔村,0,0,0,1,1,0,0,0,
10312,嘉義縣太保市,前潭里,0,0,0,3,2,1,0,0,
10312,嘉義縣太保市,北新里,3,1,2,4,2,2,3,0,
10312,嘉義縣太保市,南新里,0,0,0,2,2,0,1,0,
10312,嘉義縣太保市,埤鄉里,1,1,0,1,1,0,0,0,
10312,嘉義縣太保市,太保里,1,0,1,0,0,0,2,0,
10312,嘉義縣太保市,安仁里,3,1,2,1,1,0,0,0,
10312,嘉義縣太保市,崙頂里,1,0,1,1,0,1,0,0,
10312,嘉義縣太保市,後庄里,0,0,0,0,0,0,0,0,
10312,嘉義縣太保市,後潭里,0,0,0,1,1,0,1,0,
10312,嘉義縣太保市,新埤里,0,0,0,2,1,1,1,0,
10312,嘉義縣太保市,春珠里,0,0,0,0,0,0,1,0,
10312,嘉義縣太保市,東勢里,5,5,0,0,0,0,2,1,
10312,嘉義縣太保市,梅埔里,0,0,0,1,1,0,1,1,
10312,嘉義縣太保市,港尾里,0,0,0,2,1,1,1,0,
10312,嘉義縣太保市,田尾里,0,0,0,3,3,0,1,0,
10312,嘉義縣太保市,舊埤里,1,1,0,1,0,1,4,2,
10312,嘉義縣太保市,過溝里,0,0,0,3,2,1,3,0,
10312,嘉義縣太保市,麻寮里,4,0,4,4,2,2,4,0,
10312,嘉義縣朴子市,中正里,0,0,0,0,0,0,0,0,
10312,嘉義縣朴子市,仁和里,4,0,4,0,0,0,1,0,
10312,嘉義縣朴子市,佳禾里,0,0,0,0,0,0,0,0,
10312,嘉義縣朴子市,內厝里,4,3,1,0,0,0,0,0,
10312,嘉義縣朴子市,南竹里,0,0,0,0,0,0,1,0,
10312,嘉義縣朴子市,博厚里,1,1,0,0,0,0,1,0,
10312,嘉義縣朴子市,双溪里,1,1,0,1,0,1,0,0,
10312,嘉義縣朴子市,大葛里,6,1,5,2,1,1,1,0,
10312,嘉義縣朴子市,大鄉里,0,0,0,1,0,1,1,0,
10312,嘉義縣朴子市,安福里,4,1,3,5,3,2,1,0,
10312,嘉義縣朴子市,崁前里,0,0,0,1,0,1,1,1,
10312,嘉義縣朴子市,崁後里,1,0,1,0,0,0,0,0,
10312,嘉義縣朴子市,平和里,4,2,2,2,1,1,2,0,
10312,嘉義縣朴子市,德家里,0,0,0,0,0,0,0,1,
10312,嘉義縣朴子市,德興里,1,0,1,1,0,1,0,2,
10312,嘉義縣朴子市,文化里,1,1,0,0,0,0,3,0,
10312,嘉義縣朴子市,新寮里,2,2,0,0,0,0,0,0,
10312,嘉義縣朴子市,新庄里,0,0,0,1,1,0,3,0,
10312,嘉義縣朴子市,松華里,1,0,1,2,0,2,0,0,
10312,嘉義縣朴子市,梅華里,0,0,0,1,1,0,1,1,
10312,嘉義縣朴子市,永和里,3,2,1,1,1,0,5,0,
10312,嘉義縣朴子市,溪口里,0,0,0,0,0,0,3,0,
10312,嘉義縣朴子市,竹圍里,8,4,4,1,1,0,3,0,
10312,嘉義縣朴子市,竹村里,0,0,0,1,1,0,1,0,
10312,嘉義縣朴子市,開元里,0,0,0,0,0,0,0,1,
10312,嘉義縣朴子市,順天里,1,1,0,0,0,0,1,0,
10312,嘉義縣朴子市,順安里,0,0,0,0,0,0,0,0,
10312,嘉義縣布袋鎮,中安里,0,0,0,1,1,0,2,0,
10312,嘉義縣布袋鎮,九龍里,0,0,0,0,0,0,0,0,
10312,嘉義縣布袋鎮,光復里,2,1,1,4,2,2,1,1,
10312,嘉義縣布袋鎮,好美里,0,0,0,2,1,1,1,1,
10312,嘉義縣布袋鎮,岑海里,1,1,0,3,3,0,2,1,
10312,嘉義縣布袋鎮,岱江里,2,1,1,2,1,1,0,0,
10312,嘉義縣布袋鎮,復興里,2,0,2,3,1,2,0,0,
10312,嘉義縣布袋鎮,振寮里,0,0,0,1,1,0,2,1,
10312,嘉義縣布袋鎮,新厝里,0,0,0,3,1,2,0,0,
10312,嘉義縣布袋鎮,新岑里,0,0,0,1,1,0,1,0,
10312,嘉義縣布袋鎮,新民里,1,1,0,2,1,1,0,0,
10312,嘉義縣布袋鎮,東安里,0,0,0,0,0,0,1,1,
10312,嘉義縣布袋鎮,東港里,0,0,0,2,1,1,1,0,
10312,嘉義縣布袋鎮,樹林里,0,0,0,0,0,0,0,1,
10312,嘉義縣布袋鎮,永安里,0,0,0,1,1,0,0,0,
10312,嘉義縣布袋鎮,江山里,0,0,0,0,0,0,0,0,
10312,嘉義縣布袋鎮,考試里,0,0,0,1,0,1,0,0,
10312,嘉義縣布袋鎮,興中里,0,0,0,2,2,0,0,0,
10312,嘉義縣布袋鎮,菜舖里,0,0,0,1,1,0,0,0,
10312,嘉義縣布袋鎮,西安里,4,4,0,0,0,0,2,0,
10312,嘉義縣布袋鎮,見龍里,0,0,0,1,1,0,1,1,
10312,嘉義縣布袋鎮,貴舍里,1,1,0,0,0,0,0,0,
10312,嘉義縣布袋鎮,龍江里,2,2,0,0,0,0,0,0,
10312,嘉義縣大林鎮,三和里,0,0,0,2,0,2,2,1,
10312,嘉義縣大林鎮,三村里,0,0,0,0,0,0,1,0,
10312,嘉義縣大林鎮,三角里,1,1,0,1,1,0,0,0,
10312,嘉義縣大林鎮,上林里,0,0,0,0,0,0,2,0,
10312,嘉義縣大林鎮,中坑里,1,1,0,2,2,0,1,0,
10312,嘉義縣大林鎮,中林里,0,0,0,1,1,0,0,0,
10312,嘉義縣大林鎮,內林里,1,1,0,0,0,0,0,0,
10312,嘉義縣大林鎮,吉林里,1,1,0,1,0,1,1,1,
10312,嘉義縣大林鎮,大糖里,0,0,0,0,0,0,0,0,
10312,嘉義縣大林鎮,大美里,1,0,1,3,2,1,0,0,
10312,嘉義縣大林鎮,平林里,6,3,3,2,1,1,2,0,
10312,嘉義縣大林鎮,排路里,0,0,0,0,0,0,1,0,
10312,嘉義縣大林鎮,明和里,2,1,1,2,1,1,0,0,
10312,嘉義縣大林鎮,明華里,0,0,0,1,0,1,1,0,
10312,嘉義縣大林鎮,東林里,1,0,1,0,0,0,0,1,
10312,嘉義縣大林鎮,湖北里,1,0,1,0,0,0,0,0,
10312,嘉義縣大林鎮,溝背里,0,0,0,2,2,0,1,0,
10312,嘉義縣大林鎮,義和里,0,0,0,1,1,0,0,0,
10312,嘉義縣大林鎮,西林里,0,0,0,0,0,0,1,1,
10312,嘉義縣大林鎮,西結里,1,1,0,3,1,2,0,1,
10312,嘉義縣大林鎮,過溪里,2,0,2,3,3,0,1,0,
10312,嘉義縣民雄鄉,三興村,0,0,0,2,1,1,0,0,
10312,嘉義縣民雄鄉,中和村,0,0,0,0,0,0,2,0,
10312,嘉義縣民雄鄉,中央村,0,0,0,2,2,0,0,0,
10312,嘉義縣民雄鄉,中樂村,3,1,2,2,0,2,3,1,
10312,嘉義縣民雄鄉,北斗村,7,5,2,1,1,0,4,1,
10312,嘉義縣民雄鄉,双福村,2,2,0,0,0,0,2,0,
10312,嘉義縣民雄鄉,大崎村,2,1,1,5,2,3,5,0,
10312,嘉義縣民雄鄉,寮頂村,2,2,0,2,1,1,2,0,
10312,嘉義縣民雄鄉,山中村,1,1,0,6,6,0,4,0,
10312,嘉義縣民雄鄉,平和村,0,0,0,1,1,0,0,0,
10312,嘉義縣民雄鄉,文隆村,1,0,1,3,2,1,2,0,
10312,嘉義縣民雄鄉,東榮村,2,2,0,3,2,1,5,1,
10312,嘉義縣民雄鄉,東湖村,0,0,0,0,0,0,0,0,
10312,嘉義縣民雄鄉,東興村,0,0,0,0,0,0,0,0,
10312,嘉義縣民雄鄉,松山村,1,0,1,3,2,1,3,0,
10312,嘉義縣民雄鄉,福樂村,5,2,3,3,2,1,4,1,
10312,嘉義縣民雄鄉,福權村,2,1,1,2,0,2,2,0,
10312,嘉義縣民雄鄉,福興村,1,1,0,1,0,1,1,0,
10312,嘉義縣民雄鄉,秀林村,1,1,0,2,1,1,0,0,
10312,嘉義縣民雄鄉,興中村,2,2,0,2,1,1,1,2,
10312,嘉義縣民雄鄉,興南村,1,0,1,0,0,0,3,0,
10312,嘉義縣民雄鄉,菁埔村,1,0,1,1,1,0,0,2,
10312,嘉義縣民雄鄉,西安村,1,0,1,3,2,1,1,0,
10312,嘉義縣民雄鄉,西昌村,0,0,0,1,0,1,0,0,
10312,嘉義縣民雄鄉,豊收村,3,1,2,1,1,0,1,0,
10312,嘉義縣民雄鄉,金興村,1,0,1,3,3,0,2,0,
10312,嘉義縣民雄鄉,鎮北村,0,0,0,1,0,1,1,0,
10312,嘉義縣民雄鄉,頂崙村,0,0,0,3,3,0,1,0,
10312,嘉義縣溪口鄉,坪頂村,1,1,0,0,0,0,1,0,
10312,嘉義縣溪口鄉,妙崙村,0,0,0,0,0,0,0,1,
10312,嘉義縣溪口鄉,本厝村,1,1,0,0,0,0,0,0,
10312,嘉義縣溪口鄉,林腳村,1,1,0,0,0,0,0,0,
10312,嘉義縣溪口鄉,柳溝村,0,0,0,3,1,2,1,0,
10312,嘉義縣溪口鄉,柴林村,0,0,0,2,0,2,0,0,
10312,嘉義縣溪口鄉,游東村,1,0,1,0,0,0,3,0,
10312,嘉義縣溪口鄉,游西村,1,1,0,4,0,4,0,0,
10312,嘉義縣溪口鄉,溪北村,1,0,1,0,0,0,1,0,
10312,嘉義縣溪口鄉,溪東村,0,0,0,3,1,2,2,1,
10312,嘉義縣溪口鄉,溪西村,0,0,0,2,1,1,0,0,
10312,嘉義縣溪口鄉,疊溪村,1,1,0,2,2,0,3,2,
10312,嘉義縣溪口鄉,美北村,0,0,0,1,1,0,0,0,
10312,嘉義縣溪口鄉,美南村,0,0,0,1,1,0,0,0,
10312,嘉義縣新港鄉,三間村,1,1,0,2,2,0,1,0,
10312,嘉義縣新港鄉,中庄村,0,0,0,1,1,0,0,0,
10312,嘉義縣新港鄉,中洋村,3,1,2,1,1,0,0,0,
10312,嘉義縣新港鄉,共和村,3,1,2,1,1,0,0,0,
10312,嘉義縣新港鄉,北崙村,0,0,0,2,1,1,0,0,
10312,嘉義縣新港鄉,南崙村,0,0,0,0,0,0,0,1,
10312,嘉義縣新港鄉,南港村,1,1,0,2,1,1,1,0,
10312,嘉義縣新港鄉,古民村,1,0,1,1,0,1,0,0,
10312,嘉義縣新港鄉,埤子村,0,0,0,2,1,1,0,0,
10312,嘉義縣新港鄉,大潭村,1,1,0,3,2,1,1,1,
10312,嘉義縣新港鄉,大興村,0,0,0,1,0,1,2,0,
10312,嘉義縣新港鄉,安和村,0,0,0,0,0,0,3,0,
10312,嘉義縣新港鄉,宮前村,1,0,1,3,1,2,2,1,
10312,嘉義縣新港鄉,宮後村,0,0,0,1,0,1,1,0,
10312,嘉義縣新港鄉,月潭村,2,1,1,1,0,1,1,1,
10312,嘉義縣新港鄉,月眉村,1,1,0,1,1,0,1,0,
10312,嘉義縣新港鄉,板頭村,0,0,0,1,1,0,0,0,
10312,嘉義縣新港鄉,海瀛村,1,0,1,0,0,0,0,0,
10312,嘉義縣新港鄉,溪北村,0,0,0,5,2,3,0,0,
10312,嘉義縣新港鄉,潭大村,0,0,0,2,2,0,0,0,
10312,嘉義縣新港鄉,福德村,3,1,2,1,1,0,0,1,
10312,嘉義縣新港鄉,菜公村,1,1,0,2,2,0,0,0,
10312,嘉義縣新港鄉,西庄村,1,0,1,1,0,1,0,0,
10312,嘉義縣六腳鄉,三義村,0,0,0,1,0,1,1,0,
10312,嘉義縣六腳鄉,六南村,0,0,0,0,0,0,0,0,
10312,嘉義縣六腳鄉,六斗村,0,0,0,1,1,0,0,1,
10312,嘉義縣六腳鄉,六腳村,2,0,2,2,0,2,0,0,
10312,嘉義縣六腳鄉,古林村,0,0,0,4,2,2,1,0,
10312,嘉義縣六腳鄉,塗師村,1,0,1,2,0,2,0,0,
10312,嘉義縣六腳鄉,崙陽村,1,0,1,3,2,1,0,0,
10312,嘉義縣六腳鄉,崩山村,0,0,0,1,0,1,1,0,
10312,嘉義縣六腳鄉,工廠村,0,0,0,1,1,0,0,0,
10312,嘉義縣六腳鄉,更寮村,0,0,0,0,0,0,0,0,
10312,嘉義縣六腳鄉,正義村,2,2,0,3,3,0,1,0,
10312,嘉義縣六腳鄉,永賢村,1,0,1,0,0,0,0,0,
10312,嘉義縣六腳鄉,港美村,0,0,0,2,0,2,0,0,
10312,嘉義縣六腳鄉,溪厝村,0,0,0,2,2,0,1,0,
10312,嘉義縣六腳鄉,潭墘村,2,2,0,3,2,1,1,0,
10312,嘉義縣六腳鄉,灣北村,1,1,0,1,1,0,1,1,
10312,嘉義縣六腳鄉,灣南村,0,0,0,2,0,2,1,0,
10312,嘉義縣六腳鄉,竹本村,1,1,0,1,1,0,0,0,
10312,嘉義縣六腳鄉,蒜南村,0,0,0,1,0,1,1,0,
10312,嘉義縣六腳鄉,蒜東村,0,0,0,1,0,1,1,0,
10312,嘉義縣六腳鄉,蒜頭村,0,0,0,1,0,1,0,0,
10312,嘉義縣六腳鄉,蘇厝村,1,0,1,0,0,0,0,0,
10312,嘉義縣六腳鄉,豐美村,2,0,2,1,1,0,0,0,
10312,嘉義縣六腳鄉,雙涵村,1,0,1,1,1,0,1,1,
10312,嘉義縣六腳鄉,魚寮村,0,0,0,4,2,2,0,0,
10312,嘉義縣東石鄉,三家村,1,1,0,0,0,0,0,0,
10312,嘉義縣東石鄉,下揖村,0,0,0,0,0,0,1,0,
10312,嘉義縣東石鄉,副瀨村,0,0,0,0,0,0,1,0,
10312,嘉義縣東石鄉,圍潭村,1,0,1,0,0,0,1,0,
10312,嘉義縣東石鄉,型厝村,0,0,0,3,3,0,0,0,
10312,嘉義縣東石鄉,塭仔村,0,0,0,0,0,0,0,0,
10312,嘉義縣東石鄉,塭港村,1,1,0,0,0,0,2,0,
10312,嘉義縣東石鄉,掌潭村,0,0,0,3,2,1,1,0,
10312,嘉義縣東石鄉,東崙村,0,0,0,2,1,1,0,0,
10312,嘉義縣東石鄉,東石村,2,2,0,1,1,0,0,0,
10312,嘉義縣東石鄉,永屯村,0,0,0,0,0,0,0,0,
10312,嘉義縣東石鄉,洲仔村,1,1,0,0,0,0,0,0,
10312,嘉義縣東石鄉,海埔村,0,0,0,0,0,0,0,0,
10312,嘉義縣東石鄉,港口村,0,0,0,1,1,0,0,0,
10312,嘉義縣東石鄉,港墘村,1,0,1,3,2,1,2,0,
10312,嘉義縣東石鄉,溪下村,0,0,0,2,0,2,0,0,
10312,嘉義縣東石鄉,猿樹村,1,1,0,0,0,0,0,2,
10312,嘉義縣東石鄉,網寮村,1,1,0,2,1,1,0,0,
10312,嘉義縣東石鄉,蔦松村,1,0,1,2,2,0,0,0,
10312,嘉義縣東石鄉,西崙村,0,0,0,2,2,0,0,2,
10312,嘉義縣東石鄉,頂揖村,0,0,0,2,2,0,0,0,
10312,嘉義縣東石鄉,鰲鼓村,1,1,0,1,1,0,0,0,
10312,嘉義縣東石鄉,龍港村,0,0,0,2,1,1,0,0,
10312,嘉義縣義竹鄉,中平村,0,0,0,2,1,1,0,0,
10312,嘉義縣義竹鄉,五厝村,0,0,0,1,1,0,1,1,
10312,嘉義縣義竹鄉,仁里村,0,0,0,1,0,1,2,0,
10312,嘉義縣義竹鄉,傳芳村,0,0,0,0,0,0,1,0,
10312,嘉義縣義竹鄉,六桂村,0,0,0,2,0,2,0,0,
10312,嘉義縣義竹鄉,北華村,0,0,0,0,0,0,0,0,
10312,嘉義縣義竹鄉,埤前村,0,0,0,0,0,0,0,0,
10312,嘉義縣義竹鄉,官和村,0,0,0,0,0,0,1,0,
10312,嘉義縣義竹鄉,官順村,0,0,0,1,0,1,0,1,
10312,嘉義縣義竹鄉,岸腳村,0,0,0,0,0,0,0,0,
10312,嘉義縣義竹鄉,平溪村,0,0,0,1,0,1,0,0,
10312,嘉義縣義竹鄉,後鎮村,1,1,0,1,1,0,0,0,
10312,嘉義縣義竹鄉,新富村,1,0,1,1,1,0,0,0,
10312,嘉義縣義竹鄉,新店村,1,0,1,2,0,2,3,1,
10312,嘉義縣義竹鄉,東光村,1,0,1,2,0,2,0,0,
10312,嘉義縣義竹鄉,東榮村,0,0,0,0,0,0,0,0,
10312,嘉義縣義竹鄉,東過村,2,0,2,1,1,0,0,0,
10312,嘉義縣義竹鄉,溪洲村,1,1,0,1,0,1,1,0,
10312,嘉義縣義竹鄉,義竹村,1,0,1,2,2,0,0,1,
10312,嘉義縣義竹鄉,西過村,0,0,0,2,1,1,0,0,
10312,嘉義縣義竹鄉,頭竹村,0,0,0,0,0,0,2,0,
10312,嘉義縣義竹鄉,龍蛟村,1,1,0,1,0,1,0,0,
10312,嘉義縣鹿草鄉,三角村,1,1,0,4,1,3,0,0,
10312,嘉義縣鹿草鄉,下潭村,0,0,0,0,0,0,1,1,
10312,嘉義縣鹿草鄉,下麻村,0,0,0,0,0,0,1,0,
10312,嘉義縣鹿草鄉,光潭村,1,1,0,1,1,0,0,0,
10312,嘉義縣鹿草鄉,後堀村,1,0,1,1,0,1,0,0,
10312,嘉義縣鹿草鄉,後寮村,1,1,0,0,0,0,0,0,
10312,嘉義縣鹿草鄉,施家村,0,0,0,1,1,0,0,0,
10312,嘉義縣鹿草鄉,松竹村,0,0,0,3,2,1,1,0,
10312,嘉義縣鹿草鄉,碧潭村,0,0,0,3,1,2,0,0,
10312,嘉義縣鹿草鄉,竹山村,0,0,0,1,0,1,0,0,
10312,嘉義縣鹿草鄉,西井村,2,1,1,1,1,0,0,0,
10312,嘉義縣鹿草鄉,豊稠村,0,0,0,1,1,0,0,0,
10312,嘉義縣鹿草鄉,重寮村,0,0,0,3,2,1,1,0,
10312,嘉義縣鹿草鄉,鹿東村,2,0,2,1,0,1,0,0,
10312,嘉義縣鹿草鄉,鹿草村,1,0,1,2,2,0,1,1,
10312,嘉義縣水上鄉,三和村,1,1,0,1,1,0,2,0,
10312,嘉義縣水上鄉,三界村,1,1,0,1,1,0,0,1,
10312,嘉義縣水上鄉,三鎮村,0,0,0,2,1,1,1,0,
10312,嘉義縣水上鄉,下寮村,1,1,0,1,1,0,1,0,
10312,嘉義縣水上鄉,中庄村,1,1,0,5,4,1,1,1,
10312,嘉義縣水上鄉,內溪村,2,2,0,1,0,1,1,0,
10312,嘉義縣水上鄉,南和村,0,0,0,2,2,0,1,0,
10312,嘉義縣水上鄉,南鄉村,1,0,1,1,0,1,1,1,
10312,嘉義縣水上鄉,回歸村,0,0,0,2,2,0,0,0,
10312,嘉義縣水上鄉,國姓村,3,1,2,2,2,0,0,0,
10312,嘉義縣水上鄉,塗溝村,0,0,0,0,0,0,0,0,
10312,嘉義縣水上鄉,大堀村,1,1,0,2,0,2,1,0,
10312,嘉義縣水上鄉,大崙村,4,2,2,3,1,2,2,0,
10312,嘉義縣水上鄉,寬士村,1,0,1,6,5,1,2,2,
10312,嘉義縣水上鄉,忠和村,0,0,0,2,2,0,2,0,
10312,嘉義縣水上鄉,柳新村,1,0,1,2,1,1,1,2,
10312,嘉義縣水上鄉,柳林村,0,0,0,1,1,0,2,1,
10312,嘉義縣水上鄉,柳鄉村,1,0,1,1,0,1,1,1,
10312,嘉義縣水上鄉,民生村,0,0,0,2,1,1,3,0,
10312,嘉義縣水上鄉,水上村,3,1,2,2,2,0,4,0,
10312,嘉義縣水上鄉,水頭村,0,0,0,2,1,1,0,0,
10312,嘉義縣水上鄉,溪洲村,0,0,0,0,0,0,0,0,
10312,嘉義縣水上鄉,粗溪村,0,0,0,1,1,0,3,0,
10312,嘉義縣水上鄉,義興村,0,0,0,2,1,1,1,0,
10312,嘉義縣水上鄉,靖和村,0,0,0,1,1,0,0,0,
10312,嘉義縣水上鄉,龍德村,1,1,0,1,1,0,0,0,
10312,嘉義縣中埔鄉,三層村,1,1,0,1,1,0,1,0,
10312,嘉義縣中埔鄉,中埔村,1,0,1,1,1,0,0,1,
10312,嘉義縣中埔鄉,中崙村,0,0,0,2,2,0,0,1,
10312,嘉義縣中埔鄉,同仁村,2,0,2,2,1,1,3,0,
10312,嘉義縣中埔鄉,和睦村,1,0,1,3,2,1,1,2,
10312,嘉義縣中埔鄉,和美村,3,2,1,4,3,1,6,1,
10312,嘉義縣中埔鄉,和興村,4,3,1,3,3,0,4,1,
10312,嘉義縣中埔鄉,塩舘村,0,0,0,1,1,0,2,0,
10312,嘉義縣中埔鄉,富收村,2,2,0,5,2,3,3,0,
10312,嘉義縣中埔鄉,東興村,0,0,0,0,0,0,1,0,
10312,嘉義縣中埔鄉,沄水村,2,0,2,0,0,0,0,0,
10312,嘉義縣中埔鄉,深坑村,0,0,0,1,1,0,1,0,
10312,嘉義縣中埔鄉,灣潭村,0,0,0,2,0,2,0,0,
10312,嘉義縣中埔鄉,瑞豐村,2,1,1,0,0,0,0,0,
10312,嘉義縣中埔鄉,石硦村,0,0,0,1,0,1,2,0,
10312,嘉義縣中埔鄉,社口村,1,1,0,0,0,0,2,0,
10312,嘉義縣中埔鄉,義仁村,0,0,0,1,0,1,0,1,
10312,嘉義縣中埔鄉,裕民村,1,0,1,0,0,0,0,0,
10312,嘉義縣中埔鄉,金蘭村,2,0,2,0,0,0,1,0,
10312,嘉義縣中埔鄉,隆興村,0,0,0,1,0,1,4,0,
10312,嘉義縣中埔鄉,頂埔村,1,1,0,2,1,1,0,0,
10312,嘉義縣中埔鄉,龍門村,0,0,0,1,1,0,1,0,
10312,嘉義縣竹崎鄉,中和村,0,0,0,0,0,0,0,0,
10312,嘉義縣竹崎鄉,仁壽村,1,1,0,3,0,3,0,0,
10312,嘉義縣竹崎鄉,光華村,0,0,0,0,0,0,1,0,
10312,嘉義縣竹崎鄉,內埔村,0,0,0,2,2,0,3,0,
10312,嘉義縣竹崎鄉,和平村,2,0,2,4,0,4,1,0,
10312,嘉義縣竹崎鄉,坑頭村,1,1,0,3,2,1,1,0,
10312,嘉義縣竹崎鄉,塘興村,0,0,0,0,0,0,0,0,
10312,嘉義縣竹崎鄉,復金村,0,0,0,3,2,1,0,0,
10312,嘉義縣竹崎鄉,文峯村,2,1,1,1,1,0,2,0,
10312,嘉義縣竹崎鄉,昇平村,1,0,1,2,1,1,1,0,
10312,嘉義縣竹崎鄉,桃源村,2,0,2,2,0,2,0,0,
10312,嘉義縣竹崎鄉,沙坑村,2,0,2,0,0,0,0,0,
10312,嘉義縣竹崎鄉,灣橋村,1,0,1,6,5,1,3,1,
10312,嘉義縣竹崎鄉,獅埜村,0,0,0,2,1,1,1,1,
10312,嘉義縣竹崎鄉,白杞村,1,1,0,0,0,0,0,1,
10312,嘉義縣竹崎鄉,竹崎村,1,1,0,2,1,1,3,0,
10312,嘉義縣竹崎鄉,紫雲村,0,0,0,2,2,0,0,0,
10312,嘉義縣竹崎鄉,緞繻村,0,0,0,1,0,1,2,0,
10312,嘉義縣竹崎鄉,義仁村,0,0,0,0,0,0,0,0,
10312,嘉義縣竹崎鄉,義和村,0,0,0,2,2,0,1,0,
10312,嘉義縣竹崎鄉,義隆村,0,0,0,0,0,0,1,2,
10312,嘉義縣竹崎鄉,金獅村,0,0,0,0,0,0,1,0,
10312,嘉義縣竹崎鄉,鹿滿村,0,0,0,0,0,0,0,0,
10312,嘉義縣竹崎鄉,龍山村,1,1,0,7,5,2,2,0,
10312,嘉義縣梅山鄉,半天村,0,0,0,0,0,0,0,1,
10312,嘉義縣梅山鄉,双溪村,2,1,1,1,1,0,0,0,
10312,嘉義縣梅山鄉,圳北村,0,0,0,1,0,1,0,0,
10312,嘉義縣梅山鄉,圳南村,1,1,0,3,0,3,0,0,
10312,嘉義縣梅山鄉,大南村,0,0,0,2,1,1,1,2,
10312,嘉義縣梅山鄉,太和村,0,0,0,1,1,0,0,0,
10312,嘉義縣梅山鄉,太平村,0,0,0,3,1,2,0,1,
10312,嘉義縣梅山鄉,太興村,0,0,0,2,2,0,0,0,
10312,嘉義縣梅山鄉,安靖村,1,0,1,1,1,0,0,1,
10312,嘉義縣梅山鄉,梅北村,5,2,3,1,1,0,4,1,
10312,嘉義縣梅山鄉,梅南村,0,0,0,0,0,0,1,0,
10312,嘉義縣梅山鄉,梅東村,2,0,2,6,3,3,0,1,
10312,嘉義縣梅山鄉,永興村,0,0,0,2,1,1,0,0,
10312,嘉義縣梅山鄉,瑞峯村,1,1,0,0,0,0,0,0,
10312,嘉義縣梅山鄉,瑞里村,0,0,0,2,1,1,0,0,
10312,嘉義縣梅山鄉,碧湖村,0,0,0,0,0,0,0,0,
10312,嘉義縣梅山鄉,過山村,0,0,0,0,0,0,1,0,
10312,嘉義縣梅山鄉,龍眼村,0,0,0,1,1,0,0,0,
10312,嘉義縣番路鄉,下坑村,1,1,0,2,0,2,0,3,
10312,嘉義縣番路鄉,內甕村,0,0,0,0,0,0,0,0,
10312,嘉義縣番路鄉,公田村,2,1,1,3,2,1,0,0,
10312,嘉義縣番路鄉,公興村,0,0,0,1,1,0,1,1,
10312,嘉義縣番路鄉,大湖村,0,0,0,0,0,0,0,0,
10312,嘉義縣番路鄉,新福村,1,1,0,2,1,1,1,0,
10312,嘉義縣番路鄉,民和村,1,0,1,0,0,0,0,0,
10312,嘉義縣番路鄉,江西村,0,0,0,1,1,0,0,0,
10312,嘉義縣番路鄉,番路村,0,0,0,1,1,0,1,0,
10312,嘉義縣番路鄉,草山村,0,0,0,0,0,0,0,0,
10312,嘉義縣番路鄉,觸口村,2,1,1,1,1,0,1,0,
10312,嘉義縣大埔鄉,和平村,1,0,1,0,0,0,1,0,
10312,嘉義縣大埔鄉,大埔村,1,0,1,0,0,0,1,0,
10312,嘉義縣大埔鄉,永樂村,1,1,0,0,0,0,0,1,
10312,嘉義縣大埔鄉,茄苳村,1,1,0,0,0,0,1,0,
10312,嘉義縣大埔鄉,西興村,2,0,2,1,1,0,0,0,
10312,嘉義縣阿里山鄉,中山村,0,0,0,1,0,1,0,0,
10312,嘉義縣阿里山鄉,中正村,0,0,0,0,0,0,0,0,
10312,嘉義縣阿里山鄉,來吉村,0,0,0,2,1,1,0,0,
10312,嘉義縣阿里山鄉,十字村,0,0,0,1,0,1,0,0,
10312,嘉義縣阿里山鄉,山美村,0,0,0,0,0,0,0,0,
10312,嘉義縣阿里山鄉,新美村,1,1,0,0,0,0,2,0,
10312,嘉義縣阿里山鄉,樂野村,0,0,0,2,2,0,2,0,
10312,嘉義縣阿里山鄉,茶山村,0,0,0,0,0,0,0,0,
10312,嘉義縣阿里山鄉,豐山村,0,0,0,0,0,0,0,0,
10312,嘉義縣阿里山鄉,達邦村,0,0,0,3,2,1,1,0,
10312,嘉義縣阿里山鄉,里佳村,0,0,0,0,0,0,0,0,
10312,嘉義縣阿里山鄉,香林村,0,0,0,0,0,0,0,0,
10312,屏東縣屏東市,一心里,0,0,0,2,2,0,0,0,
10312,屏東縣屏東市,三山里,0,0,0,1,1,0,1,0,
10312,屏東縣屏東市,中正里,3,3,0,2,1,1,7,1,
10312,屏東縣屏東市,仁愛里,1,1,0,4,4,0,2,0,
10312,屏東縣屏東市,仁義里,1,1,0,1,0,1,1,1,
10312,屏東縣屏東市,信和里,0,0,0,2,1,1,0,1,
10312,屏東縣屏東市,光榮里,0,0,0,2,1,1,0,2,
10312,屏東縣屏東市,光華里,0,0,0,1,0,1,1,0,
10312,屏東縣屏東市,公館里,2,1,1,2,1,1,1,0,
10312,屏東縣屏東市,凌雲里,1,1,0,1,0,1,1,0,
10312,屏東縣屏東市,前進里,2,0,2,5,2,3,3,1,
10312,屏東縣屏東市,勝利里,2,1,1,2,2,0,0,0,
10312,屏東縣屏東市,勝豐里,0,0,0,1,0,1,0,0,
10312,屏東縣屏東市,北勢里,0,0,0,3,2,1,2,1,
10312,屏東縣屏東市,北興里,2,1,1,3,2,1,3,0,
10312,屏東縣屏東市,厚生里,3,3,0,3,0,3,2,0,
10312,屏東縣屏東市,和興里,0,0,0,1,1,0,0,0,
10312,屏東縣屏東市,大同里,0,0,0,0,0,0,0,0,
10312,屏東縣屏東市,大埔里,1,1,0,2,1,1,0,0,
10312,屏東縣屏東市,大武里,6,1,5,6,1,5,10,5,
10312,屏東縣屏東市,大洲里,1,1,0,1,1,0,0,0,
10312,屏東縣屏東市,大湖里,0,0,0,5,4,1,3,0,
10312,屏東縣屏東市,大連里,9,4,5,6,4,2,6,3,
10312,屏東縣屏東市,太平里,0,0,0,1,1,0,1,0,
10312,屏東縣屏東市,安樂里,0,0,0,1,0,1,0,0,
10312,屏東縣屏東市,安鎮里,2,2,0,3,2,1,1,0,
10312,屏東縣屏東市,崇智里,0,0,0,0,0,0,0,0,
10312,屏東縣屏東市,崇武里,4,3,1,1,1,0,1,1,
10312,屏東縣屏東市,崇禮里,0,0,0,0,0,0,0,0,
10312,屏東縣屏東市,崇蘭里,10,6,4,4,4,0,9,3,
10312,屏東縣屏東市,平和里,0,0,0,0,0,0,1,0,
10312,屏東縣屏東市,廣興里,1,0,1,1,1,0,1,0,
10312,屏東縣屏東市,建國里,0,0,0,1,0,1,1,0,
10312,屏東縣屏東市,必信里,1,1,0,3,2,1,0,0,
10312,屏東縣屏東市,慶春里,0,0,0,1,1,0,0,0,
10312,屏東縣屏東市,扶風里,1,1,0,1,0,1,0,0,
10312,屏東縣屏東市,擇仁里,0,0,0,0,0,0,0,0,
10312,屏東縣屏東市,文明里,0,0,0,0,0,0,1,0,
10312,屏東縣屏東市,斯文里,0,0,0,2,1,1,0,0,
10312,屏東縣屏東市,新生里,7,2,5,3,3,0,7,2,
10312,屏東縣屏東市,新興里,1,0,1,2,1,1,2,0,
10312,屏東縣屏東市,明正里,0,0,0,0,0,0,1,0,
10312,屏東縣屏東市,楠樹里,0,0,0,1,1,0,1,0,
10312,屏東縣屏東市,橋北里,4,3,1,2,1,1,0,0,
10312,屏東縣屏東市,橋南里,0,0,0,1,0,1,2,0,
10312,屏東縣屏東市,武廟里,0,0,0,0,0,0,0,0,
10312,屏東縣屏東市,歸心里,1,1,0,3,3,0,2,0,
10312,屏東縣屏東市,民權里,0,0,0,2,1,1,1,0,
10312,屏東縣屏東市,永光里,0,0,0,4,3,1,0,0,
10312,屏東縣屏東市,永城里,2,2,0,2,1,1,4,0,
10312,屏東縣屏東市,永安里,4,3,1,8,6,2,3,1,
10312,屏東縣屏東市,永昌里,0,0,0,0,0,0,0,0,
10312,屏東縣屏東市,永順里,0,0,0,0,0,0,2,0,
10312,屏東縣屏東市,泰安里,0,0,0,1,0,1,1,1,
10312,屏東縣屏東市,海豐里,0,0,0,3,1,2,0,0,
10312,屏東縣屏東市,清溪里,1,1,0,6,5,1,1,1,
10312,屏東縣屏東市,湖南里,0,0,0,3,0,3,1,1,
10312,屏東縣屏東市,湖西里,1,1,0,0,0,0,0,0,
10312,屏東縣屏東市,溝美里,2,0,2,3,2,1,1,0,
10312,屏東縣屏東市,潭墘里,5,4,1,5,4,1,8,4,
10312,屏東縣屏東市,玉成里,3,3,0,0,0,0,0,1,
10312,屏東縣屏東市,瑞光里,5,1,4,12,7,5,8,2,
10312,屏東縣屏東市,空翔里,1,0,1,1,0,1,0,0,
10312,屏東縣屏東市,端正里,0,0,0,0,0,0,0,0,
10312,屏東縣屏東市,維新里,1,1,0,4,3,1,1,1,
10312,屏東縣屏東市,義勇里,4,3,1,2,1,1,0,0,
10312,屏東縣屏東市,興樂里,0,0,0,0,0,0,0,0,
10312,屏東縣屏東市,華山里,2,1,1,3,0,3,2,1,
10312,屏東縣屏東市,萬年里,0,0,0,3,2,1,1,1,
10312,屏東縣屏東市,豐榮里,1,0,1,2,2,0,0,0,
10312,屏東縣屏東市,豐源里,3,2,1,5,2,3,4,2,
10312,屏東縣屏東市,豐田里,4,1,3,3,2,1,1,0,
10312,屏東縣屏東市,金泉里,0,0,0,0,0,0,0,0,
10312,屏東縣屏東市,長安里,1,0,1,1,1,0,1,1,
10312,屏東縣屏東市,長春里,1,1,0,1,1,0,0,0,
10312,屏東縣屏東市,頂宅里,0,0,0,2,2,0,1,0,
10312,屏東縣屏東市,頂柳里,2,1,1,1,1,0,0,0,
10312,屏東縣屏東市,鵬程里,4,4,0,1,1,0,0,0,
10312,屏東縣屏東市,龍華里,0,0,0,0,0,0,1,0,
10312,屏東縣潮州鎮,三共里,4,4,0,4,1,3,5,1,
10312,屏東縣潮州鎮,三和里,3,3,0,0,0,0,0,0,
10312,屏東縣潮州鎮,三星里,3,1,2,0,0,0,5,2,
10312,屏東縣潮州鎮,九塊里,1,1,0,2,2,0,3,0,
10312,屏東縣潮州鎮,五魁里,2,1,1,1,1,0,0,3,
10312,屏東縣潮州鎮,光春里,0,0,0,1,0,1,1,0,
10312,屏東縣潮州鎮,光華里,1,1,0,2,2,0,2,4,
10312,屏東縣潮州鎮,八爺里,3,2,1,1,1,0,2,0,
10312,屏東縣潮州鎮,同榮里,1,0,1,1,1,0,1,0,
10312,屏東縣潮州鎮,四春里,1,1,0,1,0,1,2,0,
10312,屏東縣潮州鎮,富春里,0,0,0,4,2,2,1,1,
10312,屏東縣潮州鎮,崙東里,0,0,0,4,4,0,0,2,
10312,屏東縣潮州鎮,彭城里,0,0,0,1,0,1,0,1,
10312,屏東縣潮州鎮,新榮里,1,1,0,0,0,0,0,0,
10312,屏東縣潮州鎮,新生里,2,1,1,3,1,2,1,0,
10312,屏東縣潮州鎮,檨子里,0,0,0,1,1,0,0,0,
10312,屏東縣潮州鎮,永春里,3,0,3,4,4,0,3,2,
10312,屏東縣潮州鎮,泗林里,0,0,0,5,3,2,0,2,
10312,屏東縣潮州鎮,潮州里,0,0,0,2,2,0,1,0,
10312,屏東縣潮州鎮,興美里,1,0,1,0,0,0,2,0,
10312,屏東縣潮州鎮,蓬萊里,1,1,0,1,0,1,4,1,
10312,屏東縣東港鎮,下廍里,2,1,1,1,1,0,0,0,
10312,屏東縣東港鎮,中興里,0,0,0,0,0,0,0,0,
10312,屏東縣東港鎮,八德里,0,0,0,0,0,0,0,1,
10312,屏東縣東港鎮,共和里,0,0,0,0,0,0,1,0,
10312,屏東縣東港鎮,南平里,4,3,1,3,3,0,1,0,
10312,屏東縣東港鎮,嘉蓮里,1,0,1,2,1,1,1,1,
10312,屏東縣東港鎮,大潭里,3,1,2,2,1,1,0,0,
10312,屏東縣東港鎮,大鵬里,0,0,0,0,0,0,0,0,
10312,屏東縣東港鎮,新勝里,5,5,0,5,2,3,2,0,
10312,屏東縣東港鎮,朝安里,1,1,0,1,1,0,0,1,
10312,屏東縣東港鎮,東和里,0,0,0,0,0,0,1,0,
10312,屏東縣東港鎮,東隆里,0,0,0,1,1,0,1,1,
10312,屏東縣東港鎮,盛漁里,2,1,1,1,0,1,3,0,
10312,屏東縣東港鎮,興台里,1,0,1,1,1,0,2,0,
10312,屏東縣東港鎮,興和里,1,0,1,0,0,0,1,0,
10312,屏東縣東港鎮,興東里,11,2,9,2,2,0,1,5,
10312,屏東縣東港鎮,興漁里,0,0,0,1,1,0,3,1,
10312,屏東縣東港鎮,興農里,1,1,0,1,0,1,1,0,
10312,屏東縣東港鎮,船頭里,1,1,0,3,1,2,3,2,
10312,屏東縣東港鎮,豐漁里,0,0,0,0,0,0,1,0,
10312,屏東縣東港鎮,鎮海里,1,0,1,5,5,0,2,1,
10312,屏東縣東港鎮,頂中里,1,0,1,0,0,0,0,0,
10312,屏東縣東港鎮,頂新里,0,0,0,2,0,2,1,0,
10312,屏東縣恆春鎮,仁壽里,0,0,0,1,0,1,0,0,
10312,屏東縣恆春鎮,南灣里,2,1,1,1,1,0,1,0,
10312,屏東縣恆春鎮,四溝里,0,0,0,1,1,0,1,1,
10312,屏東縣恆春鎮,城北里,2,1,1,2,2,0,2,0,
10312,屏東縣恆春鎮,城南里,0,0,0,1,0,1,0,0,
10312,屏東縣恆春鎮,城西里,0,0,0,0,0,0,0,1,
10312,屏東縣恆春鎮,墾丁里,0,0,0,1,1,0,1,0,
10312,屏東縣恆春鎮,大光里,4,1,3,1,0,1,1,0,
10312,屏東縣恆春鎮,山海里,3,3,0,2,1,1,0,0,
10312,屏東縣恆春鎮,山腳里,15,8,7,7,2,5,1,2,
10312,屏東縣恆春鎮,德和里,0,0,0,0,0,0,0,0,
10312,屏東縣恆春鎮,水泉里,2,1,1,0,0,0,2,0,
10312,屏東縣恆春鎮,網紗里,1,1,0,5,2,3,5,2,
10312,屏東縣恆春鎮,茄湖里,2,2,0,0,0,0,1,0,
10312,屏東縣恆春鎮,頭溝里,0,0,0,0,0,0,0,0,
10312,屏東縣恆春鎮,鵝鑾里,2,1,1,1,1,0,2,0,
10312,屏東縣恆春鎮,龍水里,0,0,0,1,1,0,0,0,
10312,屏東縣萬丹鄉,上村村,0,0,0,1,1,0,0,1,
10312,屏東縣萬丹鄉,加興村,0,0,0,1,1,0,0,0,
10312,屏東縣萬丹鄉,厦北村,1,0,1,1,0,1,0,1,
10312,屏東縣萬丹鄉,厦南村,2,1,1,0,0,0,2,1,
10312,屏東縣萬丹鄉,四維村,2,2,0,3,2,1,0,1,
10312,屏東縣萬丹鄉,寶厝村,2,1,1,0,0,0,0,0,
10312,屏東縣萬丹鄉,崙頂村,1,1,0,0,0,0,2,0,
10312,屏東縣萬丹鄉,廣安村,1,0,1,1,1,0,4,0,
10312,屏東縣萬丹鄉,後村村,1,1,0,1,1,0,2,1,
10312,屏東縣萬丹鄉,新庄村,0,0,0,4,3,1,0,1,
10312,屏東縣萬丹鄉,新鐘村,2,1,1,2,0,2,0,0,
10312,屏東縣萬丹鄉,水仙村,0,0,0,2,1,1,1,0,
10312,屏東縣萬丹鄉,水泉村,2,2,0,0,0,0,2,0,
10312,屏東縣萬丹鄉,灣內村,2,1,1,0,0,0,3,1,
10312,屏東縣萬丹鄉,甘棠村,1,1,0,0,0,0,0,1,
10312,屏東縣萬丹鄉,田厝村,1,1,0,3,2,1,0,0,
10312,屏東縣萬丹鄉,磚寮村,0,0,0,0,0,0,1,0,
10312,屏東縣萬丹鄉,社上村,1,1,0,2,0,2,1,0,
10312,屏東縣萬丹鄉,社中村,1,1,0,0,0,0,1,2,
10312,屏東縣萬丹鄉,社口村,0,0,0,2,1,1,1,0,
10312,屏東縣萬丹鄉,社皮村,5,4,1,2,1,1,5,0,
10312,屏東縣萬丹鄉,竹林村,1,0,1,2,2,0,0,0,
10312,屏東縣萬丹鄉,興全村,2,2,0,2,0,2,0,0,
10312,屏東縣萬丹鄉,興安村,0,0,0,0,0,0,0,0,
10312,屏東縣萬丹鄉,萬全村,4,2,2,1,1,0,2,2,
10312,屏東縣萬丹鄉,萬安村,0,0,0,0,0,0,0,1,
10312,屏東縣萬丹鄉,萬後村,0,0,0,1,1,0,2,0,
10312,屏東縣萬丹鄉,萬惠村,0,0,0,1,1,0,1,0,
10312,屏東縣萬丹鄉,萬生村,1,1,0,1,1,0,1,0,
10312,屏東縣萬丹鄉,香社村,3,1,2,0,0,0,0,0,
10312,屏東縣長治鄉,崙上村,2,2,0,2,2,0,1,1,
10312,屏東縣長治鄉,復興村,1,0,1,1,1,0,1,1,
10312,屏東縣長治鄉,德協村,0,0,0,1,1,0,2,0,
10312,屏東縣長治鄉,德和村,1,0,1,0,0,0,3,0,
10312,屏東縣長治鄉,德成村,0,0,0,1,0,1,1,0,
10312,屏東縣長治鄉,德榮村,0,0,0,0,0,0,2,0,
10312,屏東縣長治鄉,新潭村,3,1,2,4,2,2,5,1,
10312,屏東縣長治鄉,榮華村,1,0,1,2,1,1,0,1,
10312,屏東縣長治鄉,潭頭村,2,0,2,1,0,1,3,1,
10312,屏東縣長治鄉,繁昌村,1,0,1,1,1,0,2,1,
10312,屏東縣長治鄉,繁榮村,1,1,0,1,1,0,0,0,
10312,屏東縣長治鄉,繁華村,1,0,1,2,2,0,2,1,
10312,屏東縣長治鄉,繁隆村,1,1,0,2,2,0,4,0,
10312,屏東縣長治鄉,進興村,3,0,3,3,2,1,4,0,
10312,屏東縣長治鄉,長興村,0,0,0,2,2,0,2,0,
10312,屏東縣長治鄉,香楊村,0,0,0,1,1,0,1,2,
10312,屏東縣麟洛鄉,新田村,2,2,0,4,3,1,1,0,
10312,屏東縣麟洛鄉,田中村,1,1,0,4,1,3,1,0,
10312,屏東縣麟洛鄉,田心村,0,0,0,1,1,0,0,0,
10312,屏東縣麟洛鄉,田道村,0,0,0,2,0,2,0,0,
10312,屏東縣麟洛鄉,麟趾村,3,3,0,2,1,1,5,1,
10312,屏東縣麟洛鄉,麟蹄村,1,1,0,3,3,0,2,0,
10312,屏東縣麟洛鄉,麟頂村,1,0,1,0,0,0,0,0,
10312,屏東縣九如鄉,三塊村,1,0,1,3,1,2,1,0,
10312,屏東縣九如鄉,九塊村,5,2,3,2,1,1,1,0,
10312,屏東縣九如鄉,九明村,1,1,0,0,0,0,2,1,
10312,屏東縣九如鄉,九清村,1,0,1,2,0,2,1,0,
10312,屏東縣九如鄉,大坵村,0,0,0,0,0,0,0,0,
10312,屏東縣九如鄉,後庄村,2,2,0,0,0,0,2,0,
10312,屏東縣九如鄉,東寧村,1,1,0,1,1,0,3,2,
10312,屏東縣九如鄉,洽興村,0,0,0,0,0,0,1,0,
10312,屏東縣九如鄉,玉水村,1,0,1,2,2,0,1,0,
10312,屏東縣九如鄉,玉泉村,1,0,1,1,1,0,0,0,
10312,屏東縣九如鄉,耆老村,0,0,0,1,1,0,2,0,
10312,屏東縣里港鄉,三廍村,2,2,0,4,2,2,2,0,
10312,屏東縣里港鄉,中和村,3,2,1,0,0,0,0,0,
10312,屏東縣里港鄉,土庫村,4,1,3,2,2,0,2,0,
10312,屏東縣里港鄉,塔樓村,2,2,0,5,4,1,2,1,
10312,屏東縣里港鄉,大平村,0,0,0,2,1,1,0,0,
10312,屏東縣里港鄉,春林村,1,0,1,1,0,1,2,1,
10312,屏東縣里港鄉,永春村,2,2,0,1,0,1,1,0,
10312,屏東縣里港鄉,潮厝村,2,0,2,2,1,1,0,0,
10312,屏東縣里港鄉,瀰力村,1,0,1,1,1,0,0,0,
10312,屏東縣里港鄉,玉田村,2,1,1,2,1,1,1,0,
10312,屏東縣里港鄉,茄苳村,0,0,0,1,1,0,2,1,
10312,屏東縣里港鄉,載興村,2,2,0,1,1,0,2,0,
10312,屏東縣里港鄉,過江村,1,0,1,1,1,0,2,0,
10312,屏東縣里港鄉,鐵店村,4,2,2,2,1,1,0,1,
10312,屏東縣鹽埔鄉,久愛村,2,1,1,0,0,0,1,0,
10312,屏東縣鹽埔鄉,仕絨村,1,0,1,0,0,0,1,0,
10312,屏東縣鹽埔鄉,彭厝村,0,0,0,0,0,0,0,0,
10312,屏東縣鹽埔鄉,振興村,1,0,1,1,0,1,1,0,
10312,屏東縣鹽埔鄉,新二村,3,2,1,4,1,3,3,0,
10312,屏東縣鹽埔鄉,新圍村,4,3,1,3,2,1,3,0,
10312,屏東縣鹽埔鄉,永隆村,1,1,0,2,1,1,0,0,
10312,屏東縣鹽埔鄉,洛陽村,1,0,1,1,1,0,3,0,
10312,屏東縣鹽埔鄉,高朗村,2,1,1,5,3,2,0,0,
10312,屏東縣鹽埔鄉,鹽中村,1,0,1,2,1,1,3,0,
10312,屏東縣鹽埔鄉,鹽北村,2,1,1,2,1,1,2,0,
10312,屏東縣鹽埔鄉,鹽南村,1,0,1,1,0,1,0,0,
10312,屏東縣高樹鄉,南華村,0,0,0,3,3,0,0,1,
10312,屏東縣高樹鄉,司馬村,0,0,0,2,0,2,0,0,
10312,屏東縣高樹鄉,大埔村,0,0,0,1,0,1,0,0,
10312,屏東縣高樹鄉,廣福村,0,0,0,3,2,1,1,0,
10312,屏東縣高樹鄉,廣興村,1,1,0,0,0,0,0,0,
10312,屏東縣高樹鄉,建興村,0,0,0,0,0,0,0,0,
10312,屏東縣高樹鄉,新南村,1,1,0,1,1,0,0,0,
10312,屏東縣高樹鄉,新豐村,2,1,1,0,0,0,0,0,
10312,屏東縣高樹鄉,東振村,0,0,0,1,1,0,1,0,
10312,屏東縣高樹鄉,東興村,0,0,0,1,1,0,0,0,
10312,屏東縣高樹鄉,泰山村,0,0,0,1,1,0,1,0,
10312,屏東縣高樹鄉,源泉村,0,0,0,1,1,0,4,0,
10312,屏東縣高樹鄉,田子村,0,0,0,3,1,2,1,0,
10312,屏東縣高樹鄉,舊寮村,1,0,1,0,0,0,1,0,
10312,屏東縣高樹鄉,舊庄村,0,0,0,0,0,0,1,0,
10312,屏東縣高樹鄉,菜寮村,1,0,1,0,0,0,0,0,
10312,屏東縣高樹鄉,長榮村,0,0,0,1,1,0,1,1,
10312,屏東縣高樹鄉,高樹村,1,0,1,2,1,1,1,0,
10312,屏東縣高樹鄉,鹽樹村,0,0,0,2,2,0,0,0,
10312,屏東縣萬巒鄉,五溝村,1,0,1,1,1,0,0,0,
10312,屏東縣萬巒鄉,佳佐村,1,0,1,1,0,1,1,1,
10312,屏東縣萬巒鄉,佳和村,2,1,1,3,2,1,2,0,
10312,屏東縣萬巒鄉,成德村,0,0,0,1,1,0,2,0,
10312,屏東縣萬巒鄉,新厝村,0,0,0,2,2,0,0,1,
10312,屏東縣萬巒鄉,新置村,1,1,0,1,0,1,1,0,
10312,屏東縣萬巒鄉,泗溝村,0,0,0,1,0,1,1,0,
10312,屏東縣萬巒鄉,硫黃村,0,0,0,0,0,0,0,1,
10312,屏東縣萬巒鄉,萬全村,0,0,0,0,0,0,3,0,
10312,屏東縣萬巒鄉,萬和村,2,1,1,0,0,0,0,1,
10312,屏東縣萬巒鄉,萬巒村,0,0,0,0,0,0,1,0,
10312,屏東縣萬巒鄉,萬金村,0,0,0,2,2,0,1,0,
10312,屏東縣萬巒鄉,赤山村,0,0,0,2,1,1,1,0,
10312,屏東縣萬巒鄉,鹿寮村,1,1,0,1,1,0,2,0,
10312,屏東縣內埔鄉,上樹村,1,1,0,1,1,0,0,0,
10312,屏東縣內埔鄉,中林村,1,0,1,0,0,0,0,0,
10312,屏東縣內埔鄉,內埔村,3,0,3,1,0,1,3,0,
10312,屏東縣內埔鄉,內田村,2,1,1,2,1,1,2,0,
10312,屏東縣內埔鄉,和興村,1,0,1,2,1,1,1,1,
10312,屏東縣內埔鄉,大新村,0,0,0,1,1,0,3,2,
10312,屏東縣內埔鄉,富田村,0,0,0,4,1,3,2,0,
10312,屏東縣內埔鄉,建興村,1,1,0,4,3,1,0,0,
10312,屏東縣內埔鄉,振豐村,3,3,0,1,1,0,2,1,
10312,屏東縣內埔鄉,東勢村,1,1,0,5,4,1,0,0,
10312,屏東縣內埔鄉,東寧村,3,1,2,5,3,2,5,2,
10312,屏東縣內埔鄉,東片村,0,0,0,1,1,0,0,0,
10312,屏東縣內埔鄉,水門村,0,0,0,0,0,0,1,0,
10312,屏東縣內埔鄉,竹圍村,3,1,2,0,0,0,1,0,
10312,屏東縣內埔鄉,美和村,1,0,1,3,2,1,0,0,
10312,屏東縣內埔鄉,義亭村,1,0,1,1,1,0,1,0,
10312,屏東縣內埔鄉,老埤村,2,2,0,2,1,1,0,0,
10312,屏東縣內埔鄉,興南村,1,1,0,1,1,0,0,0,
10312,屏東縣內埔鄉,豐田村,1,1,0,2,1,1,2,1,
10312,屏東縣內埔鄉,隘寮村,2,2,0,2,2,0,0,0,
10312,屏東縣內埔鄉,黎明村,1,0,1,0,0,0,1,0,
10312,屏東縣內埔鄉,龍泉村,0,0,0,3,2,1,1,0,
10312,屏東縣內埔鄉,龍潭村,1,0,1,5,3,2,0,0,
10312,屏東縣竹田鄉,二崙村,2,2,0,2,2,0,0,0,
10312,屏東縣竹田鄉,六巷村,0,0,0,2,2,0,1,0,
10312,屏東縣竹田鄉,南勢村,1,1,0,0,0,0,0,0,
10312,屏東縣竹田鄉,大湖村,0,0,0,2,2,0,2,0,
10312,屏東縣竹田鄉,履豐村,0,0,0,0,0,0,1,0,
10312,屏東縣竹田鄉,永豐村,1,1,0,1,0,1,0,0,
10312,屏東縣竹田鄉,泗洲村,0,0,0,3,3,0,0,1,
10312,屏東縣竹田鄉,福田村,0,0,0,1,1,0,0,1,
10312,屏東縣竹田鄉,竹南村,1,1,0,0,0,0,2,0,
10312,屏東縣竹田鄉,竹田村,1,1,0,0,0,0,3,0,
10312,屏東縣竹田鄉,糶糴村,2,2,0,2,0,2,0,0,
10312,屏東縣竹田鄉,美崙村,0,0,0,1,1,0,0,0,
10312,屏東縣竹田鄉,西勢村,1,1,0,0,0,0,4,0,
10312,屏東縣竹田鄉,頭崙村,2,2,0,4,0,4,2,0,
10312,屏東縣竹田鄉,鳳明村,2,2,0,0,0,0,1,0,
10312,屏東縣新埤鄉,南豐村,1,1,0,2,2,0,1,0,
10312,屏東縣新埤鄉,建功村,0,0,0,1,1,0,0,0,
10312,屏東縣新埤鄉,打鐵村,0,0,0,4,2,2,1,0,
10312,屏東縣新埤鄉,新埤村,0,0,0,5,3,2,1,0,
10312,屏東縣新埤鄉,箕湖村,1,0,1,0,0,0,0,1,
10312,屏東縣新埤鄉,萬隆村,1,1,0,2,1,1,0,0,
10312,屏東縣新埤鄉,餉潭村,0,0,0,2,2,0,1,1,
10312,屏東縣枋寮鄉,中寮村,0,0,0,1,0,1,1,0,
10312,屏東縣枋寮鄉,人和村,0,0,0,5,3,2,0,0,
10312,屏東縣枋寮鄉,保生村,1,0,1,3,0,3,0,0,
10312,屏東縣枋寮鄉,內寮村,1,1,0,1,1,0,1,0,
10312,屏東縣枋寮鄉,地利村,0,0,0,0,0,0,1,0,
10312,屏東縣枋寮鄉,大庄村,1,0,1,1,1,0,0,0,
10312,屏東縣枋寮鄉,天時村,0,0,0,2,2,0,3,0,
10312,屏東縣枋寮鄉,太源村,1,0,1,2,2,0,2,0,
10312,屏東縣枋寮鄉,安樂村,1,0,1,2,2,0,2,1,
10312,屏東縣枋寮鄉,新開村,0,0,0,3,1,2,0,1,
10312,屏東縣枋寮鄉,新龍村,0,0,0,1,1,0,0,0,
10312,屏東縣枋寮鄉,東海村,4,3,1,3,2,1,3,1,
10312,屏東縣枋寮鄉,枋寮村,0,0,0,2,2,0,0,0,
10312,屏東縣枋寮鄉,玉泉村,1,1,0,2,1,1,0,0,
10312,屏東縣枋寮鄉,隆山村,6,3,3,6,4,2,4,0,
10312,屏東縣新園鄉,中洲村,0,0,0,2,1,1,2,0,
10312,屏東縣新園鄉,五房村,0,0,0,5,2,3,2,1,
10312,屏東縣新園鄉,仙吉村,2,1,1,5,1,4,0,0,
10312,屏東縣新園鄉,內庄村,1,0,1,1,0,1,1,0,
10312,屏東縣新園鄉,共和村,1,0,1,5,4,1,1,2,
10312,屏東縣新園鄉,南龍村,1,0,1,3,2,1,2,0,
10312,屏東縣新園鄉,新園村,1,0,1,3,1,2,2,0,
10312,屏東縣新園鄉,新東村,1,0,1,3,2,1,3,1,
10312,屏東縣新園鄉,港墘村,0,0,0,0,0,0,0,0,
10312,屏東縣新園鄉,港西村,0,0,0,3,1,2,0,4,
10312,屏東縣新園鄉,烏龍村,0,0,0,2,0,2,1,0,
10312,屏東縣新園鄉,瓦󿾨村,2,1,1,1,1,0,2,1,
10312,屏東縣新園鄉,田洋村,0,0,0,2,0,2,0,1,
10312,屏東縣新園鄉,興龍村,4,2,2,2,1,1,1,1,
10312,屏東縣新園鄉,鹽埔村,6,2,4,2,0,2,2,1,
10312,屏東縣崁頂鄉,力社村,1,0,1,1,1,0,1,1,
10312,屏東縣崁頂鄉,北勢村,2,0,2,1,0,1,1,0,
10312,屏東縣崁頂鄉,圍內村,2,0,2,2,1,1,1,0,
10312,屏東縣崁頂鄉,園寮村,0,0,0,2,2,0,1,2,
10312,屏東縣崁頂鄉,崁頂村,2,1,1,0,0,0,1,0,
10312,屏東縣崁頂鄉,洲子村,1,0,1,1,1,0,2,0,
10312,屏東縣崁頂鄉,港東村,1,1,0,2,2,0,1,1,
10312,屏東縣崁頂鄉,越溪村,0,0,0,3,2,1,1,0,
10312,屏東縣林邊鄉,中林村,1,1,0,2,1,1,1,2,
10312,屏東縣林邊鄉,仁和村,0,0,0,5,2,3,1,0,
10312,屏東縣林邊鄉,光林村,0,0,0,1,0,1,0,1,
10312,屏東縣林邊鄉,崎峯村,2,2,0,0,0,0,2,0,
10312,屏東縣林邊鄉,林邊村,2,1,1,1,1,0,0,0,
10312,屏東縣林邊鄉,水利村,5,3,2,2,0,2,0,1,
10312,屏東縣林邊鄉,永樂村,3,3,0,4,0,4,2,2,
10312,屏東縣林邊鄉,田厝村,1,0,1,2,1,1,0,0,
10312,屏東縣林邊鄉,竹林村,1,0,1,1,0,1,2,0,
10312,屏東縣林邊鄉,鎮安村,1,1,0,3,2,1,1,0,
10312,屏東縣南州鄉,七塊村,2,2,0,2,0,2,0,0,
10312,屏東縣南州鄉,仁里村,0,0,0,0,0,0,0,0,
10312,屏東縣南州鄉,南安村,0,0,0,1,1,0,0,0,
10312,屏東縣南州鄉,同安村,1,0,1,0,0,0,1,0,
10312,屏東縣南州鄉,壽元村,0,0,0,1,1,0,1,0,
10312,屏東縣南州鄉,溪北村,0,0,0,0,0,0,0,0,
10312,屏東縣南州鄉,溪南村,1,1,0,3,0,3,0,0,
10312,屏東縣南州鄉,溪洲村,1,0,1,0,0,0,2,1,
10312,屏東縣南州鄉,米崙村,0,0,0,1,1,0,0,0,
10312,屏東縣南州鄉,萬華村,0,0,0,2,2,0,1,0,
10312,屏東縣佳冬鄉,佳冬村,0,0,0,0,0,0,0,1,
10312,屏東縣佳冬鄉,六根村,1,0,1,2,2,0,2,0,
10312,屏東縣佳冬鄉,塭豐村,0,0,0,4,3,1,0,0,
10312,屏東縣佳冬鄉,大同村,0,0,0,1,1,0,0,0,
10312,屏東縣佳冬鄉,昌隆村,0,0,0,0,0,0,0,0,
10312,屏東縣佳冬鄉,燄溫村,1,1,0,0,0,0,0,0,
10312,屏東縣佳冬鄉,玉光村,1,1,0,3,2,1,1,0,
10312,屏東縣佳冬鄉,石光村,0,0,0,1,0,1,1,1,
10312,屏東縣佳冬鄉,羌園村,1,0,1,0,0,0,0,0,
10312,屏東縣佳冬鄉,萬建村,0,0,0,2,1,1,3,0,
10312,屏東縣佳冬鄉,豐隆村,0,0,0,1,0,1,2,0,
10312,屏東縣佳冬鄉,賴家村,0,0,0,2,2,0,0,0,
10312,屏東縣琉球鄉,上福村,3,2,1,0,0,0,1,0,
10312,屏東縣琉球鄉,中福村,1,1,0,0,0,0,0,2,
10312,屏東縣琉球鄉,南福村,2,1,1,1,1,0,1,0,
10312,屏東縣琉球鄉,大福村,2,2,0,1,0,1,0,0,
10312,屏東縣琉球鄉,天福村,1,0,1,1,0,1,0,0,
10312,屏東縣琉球鄉,本福村,4,3,1,2,1,1,0,0,
10312,屏東縣琉球鄉,杉福村,1,1,0,2,1,1,1,0,
10312,屏東縣琉球鄉,漁福村,0,0,0,3,2,1,0,0,
10312,屏東縣車城鄉,保力村,1,0,1,0,0,0,0,1,
10312,屏東縣車城鄉,埔墘村,0,0,0,0,0,0,1,0,
10312,屏東縣車城鄉,射寮村,0,0,0,0,0,0,0,0,
10312,屏東縣車城鄉,後灣村,1,0,1,0,0,0,0,1,
10312,屏東縣車城鄉,新街村,1,0,1,1,0,1,0,0,
10312,屏東縣車城鄉,海口村,1,0,1,2,1,1,0,0,
10312,屏東縣車城鄉,溫泉村,0,0,0,0,0,0,0,1,
10312,屏東縣車城鄉,田中村,0,0,0,1,1,0,0,0,
10312,屏東縣車城鄉,福安村,0,0,0,2,1,1,0,1,
10312,屏東縣車城鄉,福興村,4,2,2,1,0,1,1,0,
10312,屏東縣車城鄉,統埔村,0,0,0,2,1,1,0,0,
10312,屏東縣滿州鄉,九棚村,0,0,0,0,0,0,0,0,
10312,屏東縣滿州鄉,响林村,0,0,0,0,0,0,0,0,
10312,屏東縣滿州鄉,永靖村,1,1,0,4,3,1,1,0,
10312,屏東縣滿州鄉,港仔村,0,0,0,0,0,0,0,0,
10312,屏東縣滿州鄉,港口村,0,0,0,2,2,0,1,1,
10312,屏東縣滿州鄉,滿州村,0,0,0,0,0,0,0,1,
10312,屏東縣滿州鄉,里德村,0,0,0,0,0,0,0,0,
10312,屏東縣滿州鄉,長樂村,2,0,2,1,1,0,1,0,
10312,屏東縣枋山鄉,加祿村,2,0,2,4,3,1,1,0,
10312,屏東縣枋山鄉,善餘村,0,0,0,3,3,0,0,0,
10312,屏東縣枋山鄉,枋山村,1,1,0,4,1,3,1,1,
10312,屏東縣枋山鄉,楓港村,0,0,0,1,1,0,0,0,
10312,屏東縣三地門鄉,三地村,0,0,0,3,1,2,1,0,
10312,屏東縣三地門鄉,口社村,1,1,0,1,1,0,0,1,
10312,屏東縣三地門鄉,大社村,1,1,0,0,0,0,0,1,
10312,屏東縣三地門鄉,安坡村,3,0,3,0,0,0,0,0,
10312,屏東縣三地門鄉,德文村,2,1,1,1,1,0,1,1,
10312,屏東縣三地門鄉,賽嘉村,1,1,0,2,1,1,0,0,
10312,屏東縣三地門鄉,達來村,0,0,0,1,0,1,0,1,
10312,屏東縣三地門鄉,青山村,2,2,0,3,3,0,1,0,
10312,屏東縣三地門鄉,青葉村,0,0,0,1,0,1,0,0,
10312,屏東縣三地門鄉,馬兒村,1,1,0,2,1,1,2,0,
10312,屏東縣霧臺鄉,佳暮村,0,0,0,0,0,0,0,0,
10312,屏東縣霧臺鄉,吉露村,0,0,0,0,0,0,0,0,
10312,屏東縣霧臺鄉,大武村,1,1,0,1,1,0,0,0,
10312,屏東縣霧臺鄉,好茶村,0,0,0,3,3,0,0,0,
10312,屏東縣霧臺鄉,阿禮村,0,0,0,1,1,0,0,0,
10312,屏東縣霧臺鄉,霧台村,0,0,0,2,2,0,2,0,
10312,屏東縣瑪家鄉,三和村,2,1,1,1,1,0,1,0,
10312,屏東縣瑪家鄉,佳義村,1,1,0,1,1,0,1,1,
10312,屏東縣瑪家鄉,凉山村,1,1,0,1,1,0,0,0,
10312,屏東縣瑪家鄉,北葉村,1,0,1,0,0,0,0,0,
10312,屏東縣瑪家鄉,排灣村,0,0,0,0,0,0,2,0,
10312,屏東縣瑪家鄉,瑪家村,0,0,0,0,0,0,0,0,
10312,屏東縣泰武鄉,佳平村,3,2,1,1,0,1,0,0,
10312,屏東縣泰武鄉,佳興村,2,1,1,0,0,0,1,0,
10312,屏東縣泰武鄉,平和村,0,0,0,1,1,0,0,0,
10312,屏東縣泰武鄉,武潭村,2,0,2,3,2,1,2,0,
10312,屏東縣泰武鄉,泰武村,1,1,0,1,0,1,1,0,
10312,屏東縣泰武鄉,萬安村,4,3,1,1,0,1,1,1,
10312,屏東縣來義鄉,丹林村,2,2,0,1,1,0,0,0,
10312,屏東縣來義鄉,來義村,3,1,2,1,1,0,1,0,
10312,屏東縣來義鄉,南和村,3,2,1,2,0,2,0,0,
10312,屏東縣來義鄉,古樓村,0,0,0,1,1,0,0,0,
10312,屏東縣來義鄉,文樂村,0,0,0,0,0,0,0,0,
10312,屏東縣來義鄉,望嘉村,4,4,0,2,2,0,0,0,
10312,屏東縣來義鄉,義林村,2,0,2,2,2,0,0,0,
10312,屏東縣春日鄉,七佳村,2,2,0,1,1,0,1,0,
10312,屏東縣春日鄉,力里村,2,2,0,2,2,0,0,1,
10312,屏東縣春日鄉,古華村,3,0,3,1,1,0,0,0,
10312,屏東縣春日鄉,士文村,1,0,1,1,1,0,0,0,
10312,屏東縣春日鄉,春日村,0,0,0,1,0,1,1,2,
10312,屏東縣春日鄉,歸崇村,0,0,0,1,0,1,0,0,
10312,屏東縣獅子鄉,丹路村,2,0,2,3,2,1,0,1,
10312,屏東縣獅子鄉,內文村,0,0,0,1,0,1,0,0,
10312,屏東縣獅子鄉,內獅村,0,0,0,0,0,0,0,0,
10312,屏東縣獅子鄉,南世村,1,0,1,0,0,0,0,0,
10312,屏東縣獅子鄉,楓林村,1,1,0,1,1,0,1,0,
10312,屏東縣獅子鄉,獅子村,0,0,0,0,0,0,0,0,
10312,屏東縣獅子鄉,竹坑村,0,0,0,1,1,0,0,0,
10312,屏東縣獅子鄉,草埔村,1,1,0,0,0,0,0,0,
10312,屏東縣牡丹鄉,四林村,0,0,0,2,1,1,0,0,
10312,屏東縣牡丹鄉,旭海村,0,0,0,0,0,0,0,0,
10312,屏東縣牡丹鄉,東源村,1,0,1,0,0,0,0,0,
10312,屏東縣牡丹鄉,牡丹村,0,0,0,1,0,1,0,0,
10312,屏東縣牡丹鄉,石門村,0,0,0,0,0,0,0,1,
10312,屏東縣牡丹鄉,高士村,1,0,1,1,0,1,1,0,
10312,臺東縣臺東市,中山里,1,0,1,1,1,0,0,0,
10312,臺東縣臺東市,中心里,5,3,2,0,0,0,0,1,
10312,臺東縣臺東市,中正里,0,0,0,2,1,1,0,0,
10312,臺東縣臺東市,中華里,0,0,0,1,0,1,1,1,
10312,臺東縣臺東市,仁愛里,1,1,0,0,0,0,0,0,
10312,臺東縣臺東市,光明里,2,1,1,6,3,3,3,1,
10312,臺東縣臺東市,卑南里,1,0,1,2,1,1,0,0,
10312,臺東縣臺東市,南榮里,4,1,3,3,2,1,1,1,
10312,臺東縣臺東市,南王里,0,0,0,2,1,1,1,1,
10312,臺東縣臺東市,四維里,0,0,0,1,0,1,0,0,
10312,臺東縣臺東市,大同里,2,0,2,2,2,0,0,0,
10312,臺東縣臺東市,富岡里,0,0,0,0,0,0,1,0,
10312,臺東縣臺東市,富豐里,1,0,1,0,0,0,1,0,
10312,臺東縣臺東市,寶桑里,1,0,1,1,0,1,1,2,
10312,臺東縣臺東市,岩灣里,2,2,0,2,2,0,1,0,
10312,臺東縣臺東市,康樂里,2,1,1,2,1,1,0,1,
10312,臺東縣臺東市,建和里,2,0,2,1,1,0,0,0,
10312,臺東縣臺東市,建國里,0,0,0,2,2,0,0,0,
10312,臺東縣臺東市,建業里,0,0,0,4,3,1,1,0,
10312,臺東縣臺東市,建興里,0,0,0,1,0,1,0,0,
10312,臺東縣臺東市,建農里,1,0,1,2,2,0,1,0,
10312,臺東縣臺東市,強國里,2,0,2,0,0,0,1,0,
10312,臺東縣臺東市,復國里,0,0,0,1,0,1,1,0,
10312,臺東縣臺東市,復興里,1,1,0,0,0,0,0,0,
10312,臺東縣臺東市,成功里,1,0,1,0,0,0,0,0,
10312,臺東縣臺東市,文化里,1,0,1,1,1,0,0,1,
10312,臺東縣臺東市,新園里,1,1,0,1,1,0,1,1,
10312,臺東縣臺東市,新生里,10,4,6,6,5,1,7,2,
10312,臺東縣臺東市,新興里,1,0,1,1,1,0,0,0,
10312,臺東縣臺東市,東海里,5,3,2,2,1,1,1,1,
10312,臺東縣臺東市,民族里,1,1,0,1,0,1,0,2,
10312,臺東縣臺東市,民權里,1,0,1,0,0,0,3,0,
10312,臺東縣臺東市,民生里,2,2,0,5,4,1,0,1,
10312,臺東縣臺東市,永樂里,2,1,1,0,0,0,0,0,
10312,臺東縣臺東市,知本里,0,0,0,0,0,0,2,0,
10312,臺東縣臺東市,自強里,3,1,2,2,1,1,5,0,
10312,臺東縣臺東市,興國里,0,0,0,0,0,0,1,2,
10312,臺東縣臺東市,豐原里,3,3,0,2,0,2,0,0,
10312,臺東縣臺東市,豐年里,2,0,2,3,2,1,2,1,
10312,臺東縣臺東市,豐榮里,2,1,1,8,3,5,5,5,
10312,臺東縣臺東市,豐樂里,0,0,0,0,0,0,2,0,
10312,臺東縣臺東市,豐田里,2,1,1,1,1,0,1,0,
10312,臺東縣臺東市,豐谷里,5,1,4,6,3,3,4,0,
10312,臺東縣臺東市,豐里里,2,2,0,0,0,0,2,1,
10312,臺東縣臺東市,鐵花里,0,0,0,1,1,0,1,1,
10312,臺東縣臺東市,馬蘭里,4,1,3,2,1,1,3,1,
10312,臺東縣成功鎮,三仙里,0,0,0,0,0,0,0,0,
10312,臺東縣成功鎮,三民里,3,2,1,2,1,1,0,0,
10312,臺東縣成功鎮,信義里,1,1,0,3,1,2,0,0,
10312,臺東縣成功鎮,博愛里,1,1,0,0,0,0,1,0,
10312,臺東縣成功鎮,和平里,1,0,1,2,1,1,1,0,
10312,臺東縣成功鎮,忠仁里,0,0,0,4,3,1,0,0,
10312,臺東縣成功鎮,忠孝里,2,0,2,5,5,0,0,1,
10312,臺東縣成功鎮,忠智里,0,0,0,3,2,1,0,1,
10312,臺東縣關山鎮,中福里,1,0,1,0,0,0,0,0,
10312,臺東縣關山鎮,德高里,2,1,1,2,0,2,0,1,
10312,臺東縣關山鎮,新福里,1,0,1,5,3,2,1,0,
10312,臺東縣關山鎮,月眉里,1,1,0,3,1,2,0,0,
10312,臺東縣關山鎮,豐泉里,0,0,0,2,2,0,1,1,
10312,臺東縣關山鎮,里壠里,0,0,0,4,2,2,2,1,
10312,臺東縣關山鎮,電光里,1,0,1,0,0,0,1,0,
10312,臺東縣卑南鄉,初鹿村,0,0,0,4,2,2,2,3,
10312,臺東縣卑南鄉,利吉村,0,0,0,0,0,0,0,0,
10312,臺東縣卑南鄉,利嘉村,2,0,2,0,0,0,0,1,
10312,臺東縣卑南鄉,嘉豐村,0,0,0,1,1,0,0,0,
10312,臺東縣卑南鄉,太平村,1,1,0,4,3,1,4,1,
10312,臺東縣卑南鄉,富山村,0,0,0,2,2,0,0,0,
10312,臺東縣卑南鄉,富源村,1,0,1,0,0,0,0,0,
10312,臺東縣卑南鄉,明峰村,1,1,0,0,0,0,1,0,
10312,臺東縣卑南鄉,東興村,3,0,3,1,1,0,1,1,
10312,臺東縣卑南鄉,泰安村,3,1,2,0,0,0,1,2,
10312,臺東縣卑南鄉,溫泉村,1,0,1,1,0,1,0,0,
10312,臺東縣卑南鄉,美農村,0,0,0,2,2,0,0,0,
10312,臺東縣卑南鄉,賓朗村,2,1,1,2,2,0,1,0,
10312,臺東縣鹿野鄉,永安村,0,0,0,3,0,3,0,0,
10312,臺東縣鹿野鄉,瑞和村,0,0,0,1,1,0,0,0,
10312,臺東縣鹿野鄉,瑞源村,0,0,0,2,2,0,0,0,
10312,臺東縣鹿野鄉,瑞豐村,0,0,0,2,2,0,0,1,
10312,臺東縣鹿野鄉,瑞隆村,0,0,0,1,0,1,0,0,
10312,臺東縣鹿野鄉,鹿野村,0,0,0,1,0,1,0,0,
10312,臺東縣鹿野鄉,龍田村,1,1,0,1,1,0,2,0,
10312,臺東縣池上鄉,大坡村,1,1,0,1,1,0,1,0,
10312,臺東縣池上鄉,大埔村,1,1,0,0,0,0,0,0,
10312,臺東縣池上鄉,富興村,0,0,0,1,1,0,0,0,
10312,臺東縣池上鄉,慶豐村,0,0,0,3,1,2,0,1,
10312,臺東縣池上鄉,振興村,0,0,0,0,0,0,0,0,
10312,臺東縣池上鄉,新興村,0,0,0,1,0,1,1,0,
10312,臺東縣池上鄉,福原村,0,0,0,5,4,1,0,0,
10312,臺東縣池上鄉,福文村,0,0,0,2,2,0,1,0,
10312,臺東縣池上鄉,萬安村,0,0,0,0,0,0,1,0,
10312,臺東縣池上鄉,錦園村,0,0,0,1,0,1,0,0,
10312,臺東縣東河鄉,北源村,1,1,0,2,1,1,1,2,
10312,臺東縣東河鄉,尚德村,0,0,0,0,0,0,0,0,
10312,臺東縣東河鄉,東河村,0,0,0,1,1,0,1,0,
10312,臺東縣東河鄉,泰源村,3,0,3,4,4,0,2,0,
10312,臺東縣東河鄉,興昌村,1,1,0,1,1,0,1,0,
10312,臺東縣東河鄉,都蘭村,1,1,0,7,5,2,1,0,
10312,臺東縣東河鄉,隆昌村,0,0,0,1,1,0,0,0,
10312,臺東縣長濱鄉,三間村,2,0,2,4,4,0,0,0,
10312,臺東縣長濱鄉,寧埔村,1,1,0,3,2,1,0,0,
10312,臺東縣長濱鄉,忠勇村,0,0,0,0,0,0,0,0,
10312,臺東縣長濱鄉,樟原村,0,0,0,2,1,1,0,0,
10312,臺東縣長濱鄉,竹湖村,0,0,0,3,3,0,0,0,
10312,臺東縣長濱鄉,長濱村,1,0,1,3,2,1,3,1,
10312,臺東縣太麻里鄉,三和村,0,0,0,1,1,0,0,0,
10312,臺東縣太麻里鄉,北里村,0,0,0,1,1,0,0,0,
10312,臺東縣太麻里鄉,多良村,1,1,0,1,0,1,0,1,
10312,臺東縣太麻里鄉,大王村,3,2,1,4,2,2,1,2,
10312,臺東縣太麻里鄉,泰和村,1,1,0,2,2,0,0,0,
10312,臺東縣太麻里鄉,美和村,0,0,0,2,0,2,0,0,
10312,臺東縣太麻里鄉,華源村,0,0,0,1,1,0,0,0,
10312,臺東縣太麻里鄉,金崙村,0,0,0,5,3,2,0,0,
10312,臺東縣太麻里鄉,香蘭村,0,0,0,2,2,0,0,1,
10312,臺東縣大武鄉,南興村,1,0,1,1,1,0,0,0,
10312,臺東縣大武鄉,大武村,1,0,1,0,0,0,1,0,
10312,臺東縣大武鄉,大竹村,1,0,1,2,2,0,2,0,
10312,臺東縣大武鄉,大鳥村,0,0,0,3,2,1,0,1,
10312,臺東縣大武鄉,尚武村,0,0,0,2,2,0,0,1,
10312,臺東縣綠島鄉,中寮村,1,1,0,0,0,0,1,0,
10312,臺東縣綠島鄉,公舘村,1,1,0,3,2,1,2,0,
10312,臺東縣綠島鄉,南寮村,0,0,0,0,0,0,2,0,
10312,臺東縣海端鄉,利稻村,0,0,0,1,1,0,0,0,
10312,臺東縣海端鄉,加拿村,0,0,0,1,1,0,0,0,
10312,臺東縣海端鄉,崁頂村,0,0,0,0,0,0,0,1,
10312,臺東縣海端鄉,廣原村,3,2,1,2,2,0,1,0,
10312,臺東縣海端鄉,海端村,0,0,0,1,1,0,1,0,
10312,臺東縣海端鄉,霧鹿村,0,0,0,0,0,0,0,0,
10312,臺東縣延平鄉,桃源村,1,1,0,4,3,1,1,0,
10312,臺東縣延平鄉,武陵村,2,0,2,0,0,0,0,0,
10312,臺東縣延平鄉,永康村,2,0,2,0,0,0,0,0,
10312,臺東縣延平鄉,紅葉村,1,0,1,0,0,0,1,0,
10312,臺東縣延平鄉,鸞山村,1,0,1,1,1,0,0,0,
10312,臺東縣金峰鄉,嘉蘭村,1,1,0,1,0,1,0,0,
10312,臺東縣金峰鄉,新興村,0,0,0,0,0,0,0,0,
10312,臺東縣金峰鄉,正興村,2,0,2,2,1,1,1,0,
10312,臺東縣金峰鄉,歷坵村,1,0,1,2,2,0,0,0,
10312,臺東縣金峰鄉,賓茂村,1,1,0,2,0,2,1,1,
10312,臺東縣達仁鄉,南田村,0,0,0,0,0,0,0,1,
10312,臺東縣達仁鄉,台坂村,0,0,0,2,1,1,0,0,
10312,臺東縣達仁鄉,土坂村,1,1,0,2,1,1,1,0,
10312,臺東縣達仁鄉,安朔村,0,0,0,1,0,1,0,0,
10312,臺東縣達仁鄉,新化村,1,0,1,0,0,0,1,0,
10312,臺東縣達仁鄉,森永村,1,0,1,0,0,0,1,0,
10312,臺東縣蘭嶼鄉,朗島村,3,0,3,0,0,0,1,1,
10312,臺東縣蘭嶼鄉,東清村,1,1,0,1,1,0,1,0,
10312,臺東縣蘭嶼鄉,椰油村,1,1,0,0,0,0,1,0,
10312,臺東縣蘭嶼鄉,紅頭村,0,0,0,0,0,0,2,0,
10312,花蓮縣花蓮市,主信里,1,0,1,0,0,0,0,0,
10312,花蓮縣花蓮市,主力里,2,2,0,5,3,2,2,1,
10312,花蓮縣花蓮市,主勤里,1,0,1,0,0,0,0,0,
10312,花蓮縣花蓮市,主和里,1,0,1,4,3,1,0,0,
10312,花蓮縣花蓮市,主商里,3,0,3,1,0,1,1,0,
10312,花蓮縣花蓮市,主學里,5,2,3,2,2,0,0,0,
10312,花蓮縣花蓮市,主安里,0,0,0,1,1,0,1,1,
10312,花蓮縣花蓮市,主工里,1,1,0,2,1,1,0,0,
10312,花蓮縣花蓮市,主權里,5,1,4,5,4,1,8,1,
10312,花蓮縣花蓮市,主睦里,0,0,0,0,0,0,0,0,
10312,花蓮縣花蓮市,主義里,0,0,0,1,0,1,1,0,
10312,花蓮縣花蓮市,主計里,0,0,0,0,0,0,0,0,
10312,花蓮縣花蓮市,主農里,1,1,0,4,3,1,4,2,
10312,花蓮縣花蓮市,國光里,0,0,0,2,1,1,1,0,
10312,花蓮縣花蓮市,國威里,1,0,1,0,0,0,3,1,
10312,花蓮縣花蓮市,國安里,0,0,0,0,0,0,0,0,
10312,花蓮縣花蓮市,國富里,12,10,2,6,3,3,5,2,
10312,花蓮縣花蓮市,國強里,3,1,2,1,1,0,1,1,
10312,花蓮縣花蓮市,國慶里,0,0,0,3,1,2,0,0,
10312,花蓮縣花蓮市,國治里,2,2,0,0,0,0,0,0,
10312,花蓮縣花蓮市,國盛里,2,1,1,3,1,2,3,4,
10312,花蓮縣花蓮市,國福里,0,0,0,1,1,0,0,0,
10312,花蓮縣花蓮市,國聯里,2,2,0,1,1,0,4,0,
10312,花蓮縣花蓮市,國興里,1,0,1,1,1,0,1,0,
10312,花蓮縣花蓮市,國華里,1,1,0,3,2,1,0,3,
10312,花蓮縣花蓮市,國裕里,3,0,3,3,2,1,5,2,
10312,花蓮縣花蓮市,國防里,0,0,0,0,0,0,0,0,
10312,花蓮縣花蓮市,國風里,3,1,2,2,0,2,2,2,
10312,花蓮縣花蓮市,國魂里,0,0,0,1,1,0,1,2,
10312,花蓮縣花蓮市,民主里,1,1,0,0,0,0,0,0,
10312,花蓮縣花蓮市,民享里,4,3,1,3,1,2,7,1,
10312,花蓮縣花蓮市,民勤里,5,3,2,1,1,0,2,1,
10312,花蓮縣花蓮市,民孝里,6,2,4,2,0,2,3,3,
10312,花蓮縣花蓮市,民德里,1,0,1,1,0,1,2,1,
10312,花蓮縣花蓮市,民心里,1,1,0,0,0,0,0,0,
10312,花蓮縣花蓮市,民意里,0,0,0,4,3,1,0,3,
10312,花蓮縣花蓮市,民政里,4,3,1,3,1,2,3,0,
10312,花蓮縣花蓮市,民族里,1,1,0,0,0,0,0,2,
10312,花蓮縣花蓮市,民有里,1,0,1,3,1,2,0,1,
10312,花蓮縣花蓮市,民樂里,0,0,0,1,1,0,1,0,
10312,花蓮縣花蓮市,民權里,1,1,0,0,0,0,0,0,
10312,花蓮縣花蓮市,民治里,1,1,0,0,0,0,1,0,
10312,花蓮縣花蓮市,民生里,2,0,2,2,1,1,1,1,
10312,花蓮縣花蓮市,民立里,1,1,0,0,0,0,2,1,
10312,花蓮縣花蓮市,民運里,3,3,0,4,2,2,1,0,
10312,花蓮縣鳳林鎮,北林里,1,0,1,4,4,0,1,1,
10312,花蓮縣鳳林鎮,南平里,0,0,0,0,0,0,0,0,
10312,花蓮縣鳳林鎮,大榮里,2,0,2,3,3,0,0,0,
10312,花蓮縣鳳林鎮,山興里,0,0,0,1,1,0,0,0,
10312,花蓮縣鳳林鎮,林榮里,0,0,0,6,3,3,0,0,
10312,花蓮縣鳳林鎮,森榮里,0,0,0,0,0,0,0,0,
10312,花蓮縣鳳林鎮,長橋里,0,0,0,0,0,0,0,1,
10312,花蓮縣鳳林鎮,鳳仁里,2,1,1,3,3,0,0,0,
10312,花蓮縣鳳林鎮,鳳信里,0,0,0,2,1,1,1,0,
10312,花蓮縣鳳林鎮,鳳智里,6,2,4,1,0,1,0,1,
10312,花蓮縣鳳林鎮,鳳禮里,1,0,1,1,1,0,2,0,
10312,花蓮縣鳳林鎮,鳳義里,1,0,1,0,0,0,0,0,
10312,花蓮縣玉里鎮,三民里,1,0,1,1,1,0,0,0,
10312,花蓮縣玉里鎮,中城里,4,1,3,1,1,0,4,0,
10312,花蓮縣玉里鎮,啟模里,3,0,3,4,2,2,1,1,
10312,花蓮縣玉里鎮,國武里,2,2,0,0,0,0,0,0,
10312,花蓮縣玉里鎮,大禹里,2,2,0,0,0,0,0,0,
10312,花蓮縣玉里鎮,德武里,0,0,0,2,0,2,0,0,
10312,花蓮縣玉里鎮,春日里,0,0,0,0,0,0,0,1,
10312,花蓮縣玉里鎮,東豐里,0,0,0,1,0,1,0,0,
10312,花蓮縣玉里鎮,松浦里,4,1,3,4,3,1,3,0,
10312,花蓮縣玉里鎮,樂合里,0,0,0,5,2,3,0,0,
10312,花蓮縣玉里鎮,永昌里,1,1,0,3,3,0,2,1,
10312,花蓮縣玉里鎮,泰昌里,0,0,0,5,4,1,0,0,
10312,花蓮縣玉里鎮,源城里,0,0,0,2,1,1,0,0,
10312,花蓮縣玉里鎮,觀音里,1,1,0,5,2,3,0,0,
10312,花蓮縣玉里鎮,長良里,1,1,0,1,0,1,0,0,
10312,花蓮縣新城鄉,佳林村,1,1,0,0,0,0,0,0,
10312,花蓮縣新城鄉,北埔村,4,4,0,3,0,3,2,3,
10312,花蓮縣新城鄉,嘉新村,1,1,0,11,10,1,1,0,
10312,花蓮縣新城鄉,嘉里村,10,8,2,2,2,0,4,1,
10312,花蓮縣新城鄉,大漢村,3,2,1,1,1,0,3,0,
10312,花蓮縣新城鄉,康樂村,1,1,0,3,2,1,0,1,
10312,花蓮縣新城鄉,新城村,1,0,1,2,1,1,0,0,
10312,花蓮縣新城鄉,順安村,0,0,0,1,1,0,1,1,
10312,花蓮縣吉安鄉,仁和村,6,4,2,1,1,0,4,1,
10312,花蓮縣吉安鄉,仁安村,2,2,0,2,2,0,5,0,
10312,花蓮縣吉安鄉,仁里村,4,3,1,4,2,2,7,5,
10312,花蓮縣吉安鄉,光華村,1,1,0,2,2,0,2,1,
10312,花蓮縣吉安鄉,勝安村,10,6,4,6,2,4,6,0,
10312,花蓮縣吉安鄉,北昌村,5,3,2,1,1,0,3,4,
10312,花蓮縣吉安鄉,南昌村,2,1,1,2,2,0,4,0,
10312,花蓮縣吉安鄉,南華村,2,0,2,0,0,0,2,1,
10312,花蓮縣吉安鄉,吉安村,5,1,4,2,0,2,4,1,
10312,花蓮縣吉安鄉,太昌村,4,1,3,3,2,1,4,0,
10312,花蓮縣吉安鄉,宜昌村,1,1,0,1,1,0,1,2,
10312,花蓮縣吉安鄉,干城村,0,0,0,2,2,0,0,0,
10312,花蓮縣吉安鄉,慶豐村,7,4,3,6,4,2,6,4,
10312,花蓮縣吉安鄉,東昌村,2,1,1,5,4,1,3,1,
10312,花蓮縣吉安鄉,永安村,1,1,0,2,1,1,0,1,
10312,花蓮縣吉安鄉,永興村,1,1,0,2,0,2,2,0,
10312,花蓮縣吉安鄉,福興村,2,1,1,3,2,1,3,1,
10312,花蓮縣吉安鄉,稻香村,3,3,0,3,2,1,2,0,
10312,花蓮縣壽豐鄉,光榮村,2,0,2,2,1,1,1,0,
10312,花蓮縣壽豐鄉,共和村,0,0,0,0,0,0,0,0,
10312,花蓮縣壽豐鄉,壽豐村,1,0,1,4,3,1,2,0,
10312,花蓮縣壽豐鄉,平和村,1,0,1,1,0,1,1,0,
10312,花蓮縣壽豐鄉,志學村,1,0,1,4,1,3,0,1,
10312,花蓮縣壽豐鄉,月眉村,1,0,1,0,0,0,0,1,
10312,花蓮縣壽豐鄉,樹湖村,1,1,0,0,0,0,0,0,
10312,花蓮縣壽豐鄉,水璉村,1,0,1,1,1,0,1,0,
10312,花蓮縣壽豐鄉,池南村,1,1,0,2,2,0,0,0,
10312,花蓮縣壽豐鄉,溪口村,0,0,0,4,3,1,0,0,
10312,花蓮縣壽豐鄉,米棧村,0,0,0,0,0,0,0,0,
10312,花蓮縣壽豐鄉,豐坪村,1,0,1,2,1,1,1,0,
10312,花蓮縣壽豐鄉,豐山村,4,1,3,2,2,0,2,1,
10312,花蓮縣壽豐鄉,豐裡村,2,2,0,2,2,0,1,0,
10312,花蓮縣壽豐鄉,鹽寮村,0,0,0,0,0,0,0,0,
10312,花蓮縣光復鄉,北富村,0,0,0,1,0,1,0,0,
10312,花蓮縣光復鄉,南富村,2,0,2,2,2,0,0,1,
10312,花蓮縣光復鄉,大全村,1,0,1,0,0,0,1,0,
10312,花蓮縣光復鄉,大同村,1,1,0,3,0,3,2,0,
10312,花蓮縣光復鄉,大安村,0,0,0,1,0,1,0,0,
10312,花蓮縣光復鄉,大富村,0,0,0,0,0,0,0,0,
10312,花蓮縣光復鄉,大平村,0,0,0,3,2,1,0,0,
10312,花蓮縣光復鄉,大興村,1,0,1,0,0,0,1,0,
10312,花蓮縣光復鄉,大華村,0,0,0,1,0,1,0,0,
10312,花蓮縣光復鄉,大豐村,0,0,0,0,0,0,1,1,
10312,花蓮縣光復鄉,大進村,1,1,0,1,0,1,0,0,
10312,花蓮縣光復鄉,大馬村,1,0,1,0,0,0,0,0,
10312,花蓮縣光復鄉,東富村,1,1,0,3,2,1,0,0,
10312,花蓮縣光復鄉,西富村,2,1,1,1,0,1,0,0,
10312,花蓮縣豐濱鄉,新社村,0,0,0,0,0,0,0,0,
10312,花蓮縣豐濱鄉,港口村,0,0,0,0,0,0,0,0,
10312,花蓮縣豐濱鄉,磯崎村,0,0,0,1,0,1,1,0,
10312,花蓮縣豐濱鄉,豐濱村,1,0,1,1,1,0,0,0,
10312,花蓮縣豐濱鄉,靜浦村,0,0,0,1,1,0,0,0,
10312,花蓮縣瑞穗鄉,奇美村,0,0,0,2,2,0,0,0,
10312,花蓮縣瑞穗鄉,富民村,0,0,0,2,2,0,0,0,
10312,花蓮縣瑞穗鄉,富源村,0,0,0,5,3,2,1,0,
10312,花蓮縣瑞穗鄉,富興村,0,0,0,0,0,0,0,0,
10312,花蓮縣瑞穗鄉,瑞北村,1,0,1,0,0,0,0,0,
10312,花蓮縣瑞穗鄉,瑞祥村,1,0,1,5,4,1,0,0,
10312,花蓮縣瑞穗鄉,瑞穗村,0,0,0,3,3,0,2,0,
10312,花蓮縣瑞穗鄉,瑞美村,0,0,0,3,2,1,0,0,
10312,花蓮縣瑞穗鄉,瑞良村,0,0,0,1,0,1,0,0,
10312,花蓮縣瑞穗鄉,舞鶴村,1,0,1,0,0,0,0,1,
10312,花蓮縣瑞穗鄉,鶴岡村,0,0,0,3,2,1,1,0,
10312,花蓮縣富里鄉,吳江村,1,1,0,0,0,0,0,0,
10312,花蓮縣富里鄉,學田村,0,0,0,0,0,0,0,1,
10312,花蓮縣富里鄉,富南村,1,0,1,0,0,0,0,0,
10312,花蓮縣富里鄉,富里村,1,0,1,2,2,0,0,0,
10312,花蓮縣富里鄉,新興村,2,1,1,1,0,1,0,0,
10312,花蓮縣富里鄉,明里村,0,0,0,0,0,0,1,0,
10312,花蓮縣富里鄉,東里村,3,2,1,2,2,0,1,0,
10312,花蓮縣富里鄉,永豐村,0,0,0,0,0,0,1,1,
10312,花蓮縣富里鄉,石牌村,0,0,0,3,1,2,0,0,
10312,花蓮縣富里鄉,竹田村,1,1,0,2,2,0,0,0,
10312,花蓮縣富里鄉,羅山村,1,0,1,0,0,0,1,0,
10312,花蓮縣富里鄉,萬寧村,1,1,0,2,2,0,0,0,
10312,花蓮縣富里鄉,豐南村,0,0,0,0,0,0,0,1,
10312,花蓮縣秀林鄉,佳民村,4,3,1,0,0,0,1,1,
10312,花蓮縣秀林鄉,和平村,1,0,1,5,4,1,2,1,
10312,花蓮縣秀林鄉,富世村,5,2,3,1,1,0,2,1,
10312,花蓮縣秀林鄉,崇德村,0,0,0,3,2,1,1,1,
10312,花蓮縣秀林鄉,文蘭村,1,1,0,0,0,0,1,1,
10312,花蓮縣秀林鄉,景美村,2,2,0,3,3,0,3,1,
10312,花蓮縣秀林鄉,水源村,0,0,0,1,1,0,3,0,
10312,花蓮縣秀林鄉,秀林村,3,2,1,2,0,2,1,1,
10312,花蓮縣秀林鄉,銅門村,4,2,2,1,1,0,2,0,
10312,花蓮縣萬榮鄉,明利村,0,0,0,0,0,0,2,0,
10312,花蓮縣萬榮鄉,紅葉村,0,0,0,3,3,0,2,0,
10312,花蓮縣萬榮鄉,萬榮村,0,0,0,0,0,0,0,0,
10312,花蓮縣萬榮鄉,西林村,6,2,4,0,0,0,0,0,
10312,花蓮縣萬榮鄉,見晴村,0,0,0,0,0,0,0,0,
10312,花蓮縣萬榮鄉,馬遠村,2,0,2,0,0,0,2,0,
10312,花蓮縣卓溪鄉,卓清村,2,0,2,1,0,1,0,0,
10312,花蓮縣卓溪鄉,卓溪村,0,0,0,3,2,1,0,0,
10312,花蓮縣卓溪鄉,古風村,1,1,0,2,0,2,0,0,
10312,花蓮縣卓溪鄉,太平村,0,0,0,2,1,1,0,0,
10312,花蓮縣卓溪鄉,崙山村,2,0,2,0,0,0,2,0,
10312,花蓮縣卓溪鄉,立山村,2,2,0,2,1,1,2,0,
10312,澎湖縣馬公市,中央里,0,0,0,1,1,0,0,0,
10312,澎湖縣馬公市,中興里,0,0,0,0,0,0,0,0,
10312,澎湖縣馬公市,五德里,0,0,0,0,0,0,0,0,
10312,澎湖縣馬公市,井垵里,0,0,0,0,0,0,1,0,
10312,澎湖縣馬公市,光復里,3,1,2,2,1,1,0,1,
10312,澎湖縣馬公市,光明里,1,1,0,1,1,0,0,0,
10312,澎湖縣馬公市,光榮里,3,2,1,7,4,3,6,0,
10312,澎湖縣馬公市,光華里,2,1,1,1,0,1,0,0,
10312,澎湖縣馬公市,前寮里,0,0,0,0,0,0,1,0,
10312,澎湖縣馬公市,啟明里,0,0,0,1,1,0,2,0,
10312,澎湖縣馬公市,安宅里,0,0,0,1,1,0,0,0,
10312,澎湖縣馬公市,山水里,0,0,0,1,1,0,1,0,
10312,澎湖縣馬公市,復興里,0,0,0,0,0,0,1,0,
10312,澎湖縣馬公市,朝陽里,6,2,4,3,2,1,1,1,
10312,澎湖縣馬公市,東文里,1,1,0,1,1,0,5,1,
10312,澎湖縣馬公市,東衛里,0,0,0,0,0,0,3,1,
10312,澎湖縣馬公市,案山里,1,1,0,0,0,0,2,0,
10312,澎湖縣馬公市,桶盤里,1,1,0,0,0,0,1,0,
10312,澎湖縣馬公市,烏崁里,1,0,1,0,0,0,2,0,
10312,澎湖縣馬公市,石泉里,6,2,4,2,1,1,4,3,
10312,澎湖縣馬公市,興仁里,1,0,1,2,0,2,4,0,
10312,澎湖縣馬公市,菜園里,0,0,0,0,0,0,1,0,
10312,澎湖縣馬公市,虎井里,0,0,0,1,1,0,0,0,
10312,澎湖縣馬公市,西文里,3,3,0,0,0,0,2,1,
10312,澎湖縣馬公市,西衛里,6,2,4,1,1,0,4,0,
10312,澎湖縣馬公市,重光里,0,0,0,2,2,0,2,0,
10312,澎湖縣馬公市,重慶里,1,1,0,2,2,0,1,0,
10312,澎湖縣馬公市,鎖港里,3,2,1,2,1,1,2,1,
10312,澎湖縣馬公市,鐵線里,0,0,0,0,0,0,0,0,
10312,澎湖縣馬公市,長安里,0,0,0,0,0,0,0,0,
10312,澎湖縣馬公市,陽明里,0,0,0,4,2,2,2,0,
10312,澎湖縣馬公市,風櫃里,2,1,1,0,0,0,1,1,
10312,澎湖縣馬公市,󼱹裡里,0,0,0,1,1,0,1,0,
10312,澎湖縣湖西鄉,中西村,1,1,0,0,0,0,0,0,
10312,澎湖縣湖西鄉,北寮村,0,0,0,0,0,0,0,0,
10312,澎湖縣湖西鄉,南寮村,0,0,0,0,0,0,0,0,
10312,澎湖縣湖西鄉,城北村,0,0,0,0,0,0,0,0,
10312,澎湖縣湖西鄉,太武村,0,0,0,0,0,0,0,0,
10312,澎湖縣湖西鄉,尖山村,1,1,0,1,0,1,1,0,
10312,澎湖縣湖西鄉,成功村,0,0,0,0,0,0,0,0,
10312,澎湖縣湖西鄉,東石村,0,0,0,0,0,0,0,0,
10312,澎湖縣湖西鄉,林投村,0,0,0,0,0,0,0,0,
10312,澎湖縣湖西鄉,沙港村,0,0,0,0,0,0,0,0,
10312,澎湖縣湖西鄉,湖東村,0,0,0,1,0,1,0,0,
10312,澎湖縣湖西鄉,湖西村,4,1,3,0,0,0,0,0,
10312,澎湖縣湖西鄉,潭邊村,0,0,0,1,1,0,0,0,
10312,澎湖縣湖西鄉,白坑村,0,0,0,0,0,0,0,0,
10312,澎湖縣湖西鄉,紅羅村,2,1,1,0,0,0,0,0,
10312,澎湖縣湖西鄉,菓葉村,2,0,2,0,0,0,0,0,
10312,澎湖縣湖西鄉,西溪村,0,0,0,0,0,0,1,0,
10312,澎湖縣湖西鄉,許家村,0,0,0,0,0,0,0,0,
10312,澎湖縣湖西鄉,隘門村,0,0,0,1,1,0,0,0,
10312,澎湖縣湖西鄉,青螺村,0,0,0,0,0,0,0,0,
10312,澎湖縣湖西鄉,鼎灣村,2,1,1,1,1,0,0,0,
10312,澎湖縣湖西鄉,龍門村,3,2,1,1,0,1,2,0,
10312,澎湖縣白沙鄉,中屯村,0,0,0,1,1,0,1,0,
10312,澎湖縣白沙鄉,吉貝村,1,1,0,2,1,1,0,0,
10312,澎湖縣白沙鄉,員貝村,0,0,0,0,0,0,0,0,
10312,澎湖縣白沙鄉,城前村,0,0,0,0,0,0,1,0,
10312,澎湖縣白沙鄉,大倉村,0,0,0,0,0,0,0,0,
10312,澎湖縣白沙鄉,小赤村,0,0,0,0,0,0,0,0,
10312,澎湖縣白沙鄉,岐頭村,0,0,0,1,1,0,0,0,
10312,澎湖縣白沙鄉,後寮村,1,0,1,1,0,1,0,0,
10312,澎湖縣白沙鄉,港子村,3,2,1,0,0,0,1,0,
10312,澎湖縣白沙鄉,瓦硐村,0,0,0,0,0,0,0,0,
10312,澎湖縣白沙鄉,講美村,1,0,1,1,1,0,1,0,
10312,澎湖縣白沙鄉,赤崁村,4,3,1,0,0,0,0,0,
10312,澎湖縣白沙鄉,通梁村,0,0,0,0,0,0,0,0,
10312,澎湖縣白沙鄉,鎮海村,0,0,0,0,0,0,0,0,
10312,澎湖縣白沙鄉,鳥嶼村,3,2,1,1,0,1,0,0,
10312,澎湖縣西嶼鄉,二崁村,0,0,0,0,0,0,0,0,
10312,澎湖縣西嶼鄉,內垵村,2,0,2,2,1,1,0,2,
10312,澎湖縣西嶼鄉,合界村,1,1,0,0,0,0,0,0,
10312,澎湖縣西嶼鄉,外垵村,3,3,0,3,1,2,0,0,
10312,澎湖縣西嶼鄉,大池村,1,1,0,0,0,0,0,0,
10312,澎湖縣西嶼鄉,小門村,0,0,0,0,0,0,0,0,
10312,澎湖縣西嶼鄉,橫礁村,0,0,0,0,0,0,0,0,
10312,澎湖縣西嶼鄉,池東村,0,0,0,0,0,0,0,0,
10312,澎湖縣西嶼鄉,池西村,0,0,0,1,0,1,0,0,
10312,澎湖縣西嶼鄉,竹灣村,2,2,0,0,0,0,0,0,
10312,澎湖縣西嶼鄉,赤馬村,1,0,1,0,0,0,1,0,
10312,澎湖縣望安鄉,中社村,0,0,0,0,0,0,0,0,
10312,澎湖縣望安鄉,將軍村,0,0,0,3,3,0,1,0,
10312,澎湖縣望安鄉,東吉村,0,0,0,0,0,0,0,0,
10312,澎湖縣望安鄉,東坪村,3,3,0,1,0,1,0,0,
10312,澎湖縣望安鄉,東安村,1,0,1,0,0,0,0,0,
10312,澎湖縣望安鄉,水垵村,0,0,0,0,0,0,0,0,
10312,澎湖縣望安鄉,花嶼村,0,0,0,0,0,0,0,0,
10312,澎湖縣望安鄉,西坪村,1,0,1,0,0,0,0,0,
10312,澎湖縣望安鄉,西安村,0,0,0,0,0,0,0,0,
10312,澎湖縣七美鄉,中和村,0,0,0,1,1,0,0,0,
10312,澎湖縣七美鄉,南港村,3,2,1,0,0,0,0,0,
10312,澎湖縣七美鄉,平和村,0,0,0,0,0,0,0,0,
10312,澎湖縣七美鄉,東湖村,0,0,0,1,1,0,0,0,
10312,澎湖縣七美鄉,海豐村,0,0,0,0,0,0,0,0,
10312,澎湖縣七美鄉,西湖村,0,0,0,0,0,0,0,0,
10312,基隆市中正區,中正里,0,0,0,0,0,0,2,0,
10312,基隆市中正區,中濱里,0,0,0,1,0,1,1,0,
10312,基隆市中正區,中砂里,2,0,2,1,0,1,0,0,
10312,基隆市中正區,中船里,0,0,0,2,1,1,0,0,
10312,基隆市中正區,信義里,1,0,1,0,0,0,2,0,
10312,基隆市中正區,入船里,1,1,0,3,2,1,0,0,
10312,基隆市中正區,八斗里,0,0,0,2,0,2,0,1,
10312,基隆市中正區,和憲里,2,1,1,0,0,0,2,0,
10312,基隆市中正區,平寮里,0,0,0,2,0,2,0,0,
10312,基隆市中正區,建國里,0,0,0,3,2,1,2,1,
10312,基隆市中正區,德義里,0,0,0,0,0,0,0,0,
10312,基隆市中正區,新富里,5,1,4,2,2,0,5,1,
10312,基隆市中正區,新豐里,4,2,2,1,1,0,6,2,
10312,基隆市中正區,正濱里,1,0,1,2,2,0,0,0,
10312,基隆市中正區,正砂里,2,2,0,2,0,2,2,0,
10312,基隆市中正區,正義里,0,0,0,1,1,0,0,0,
10312,基隆市中正區,正船里,1,0,1,3,2,1,2,0,
10312,基隆市中正區,海濱里,0,0,0,1,0,1,0,0,
10312,基隆市中正區,港通里,1,0,1,5,2,3,0,0,
10312,基隆市中正區,真砂里,1,0,1,0,0,0,2,0,
10312,基隆市中正區,砂子里,3,2,1,4,3,1,2,1,
10312,基隆市中正區,砂灣里,0,0,0,2,2,0,2,1,
10312,基隆市中正區,碧砂里,1,1,0,0,0,0,0,0,
10312,基隆市中正區,社寮里,0,0,0,1,1,0,2,0,
10312,基隆市中正區,義重里,0,0,0,0,0,0,1,0,
10312,基隆市中正區,長潭里,0,0,0,0,0,0,1,0,
10312,基隆市七堵區,八德里,2,1,1,4,2,2,2,1,
10312,基隆市七堵區,六堵里,1,1,0,2,2,0,2,0,
10312,基隆市七堵區,友一里,2,2,0,2,2,0,0,0,
10312,基隆市七堵區,友二里,0,0,0,1,0,1,0,1,
10312,基隆市七堵區,堵北里,4,3,1,0,0,0,3,1,
10312,基隆市七堵區,堵南里,0,0,0,3,0,3,0,1,
10312,基隆市七堵區,富民里,2,0,2,6,4,2,3,1,
10312,基隆市七堵區,實踐里,3,2,1,1,0,1,3,0,
10312,基隆市七堵區,正光里,2,2,0,0,0,0,0,0,
10312,基隆市七堵區,正明里,3,2,1,1,1,0,2,1,
10312,基隆市七堵區,永安里,1,0,1,0,0,0,0,1,
10312,基隆市七堵區,永平里,0,0,0,3,1,2,0,0,
10312,基隆市七堵區,泰安里,4,2,2,4,2,2,3,1,
10312,基隆市七堵區,瑪南里,1,1,0,0,0,0,0,0,
10312,基隆市七堵區,瑪東里,0,0,0,0,0,0,0,0,
10312,基隆市七堵區,瑪西里,0,0,0,0,0,0,0,0,
10312,基隆市七堵區,百福里,7,2,5,4,3,1,4,2,
10312,基隆市七堵區,自強里,1,1,0,1,0,1,0,0,
10312,基隆市七堵區,長安里,1,1,0,1,1,0,5,1,
10312,基隆市七堵區,長興里,4,2,2,3,2,1,4,1,
10312,基隆市暖暖區,八中里,0,0,0,0,0,0,0,0,
10312,基隆市暖暖區,八南里,0,0,0,0,0,0,0,1,
10312,基隆市暖暖區,八堵里,0,0,0,0,0,0,0,0,
10312,基隆市暖暖區,八西里,1,1,0,0,0,0,2,0,
10312,基隆市暖暖區,暖同里,1,1,0,3,2,1,5,0,
10312,基隆市暖暖區,暖暖里,3,3,0,2,1,1,3,1,
10312,基隆市暖暖區,暖東里,1,0,1,1,1,0,0,0,
10312,基隆市暖暖區,暖西里,1,1,0,2,1,1,3,1,
10312,基隆市暖暖區,碇內里,1,0,1,2,1,1,1,0,
10312,基隆市暖暖區,碇和里,2,1,1,4,2,2,2,0,
10312,基隆市暖暖區,碇安里,4,3,1,1,1,0,9,0,
10312,基隆市暖暖區,碇祥里,3,0,3,2,1,1,7,2,
10312,基隆市暖暖區,過港里,1,1,0,1,1,0,0,0,
10312,基隆市仁愛區,仁德里,0,0,0,0,0,0,0,0,
10312,基隆市仁愛區,兆連里,0,0,0,3,1,2,0,0,
10312,基隆市仁愛區,光華里,1,0,1,3,1,2,5,0,
10312,基隆市仁愛區,博愛里,0,0,0,2,2,0,2,1,
10312,基隆市仁愛區,吉仁里,1,1,0,2,1,1,2,1,
10312,基隆市仁愛區,同風里,0,0,0,0,0,0,0,0,
10312,基隆市仁愛區,和明里,0,0,0,0,0,0,2,1,
10312,基隆市仁愛區,崇文里,1,1,0,0,0,0,0,0,
10312,基隆市仁愛區,德厚里,3,2,1,3,1,2,4,0,
10312,基隆市仁愛區,忠勇里,2,2,0,1,0,1,0,0,
10312,基隆市仁愛區,文安里,0,0,0,1,1,0,0,0,
10312,基隆市仁愛區,文昌里,1,0,1,0,0,0,0,0,
10312,基隆市仁愛區,新店里,0,0,0,0,0,0,0,0,
10312,基隆市仁愛區,明德里,0,0,0,1,1,0,0,0,
10312,基隆市仁愛區,智仁里,2,2,0,3,2,1,2,0,
10312,基隆市仁愛區,曲水里,0,0,0,0,0,0,0,0,
10312,基隆市仁愛區,書院里,0,0,0,0,0,0,1,0,
10312,基隆市仁愛區,朝棟里,0,0,0,4,4,0,2,1,
10312,基隆市仁愛區,林泉里,0,0,0,3,2,1,1,1,
10312,基隆市仁愛區,水錦里,0,0,0,0,0,0,0,1,
10312,基隆市仁愛區,獅球里,1,1,0,1,1,0,0,0,
10312,基隆市仁愛區,玉田里,0,0,0,2,0,2,0,0,
10312,基隆市仁愛區,福仁里,0,0,0,0,0,0,0,2,
10312,基隆市仁愛區,育仁里,1,1,0,1,0,1,0,0,
10312,基隆市仁愛區,花崗里,0,0,0,0,0,0,1,0,
10312,基隆市仁愛區,英仁里,0,0,0,0,0,0,2,2,
10312,基隆市仁愛區,虹橋里,0,0,0,3,2,1,0,0,
10312,基隆市仁愛區,誠仁里,2,1,1,0,0,0,0,1,
10312,基隆市仁愛區,龍門里,0,0,0,2,2,0,1,0,
10312,基隆市中山區,中和里,5,3,2,2,2,0,7,1,
10312,基隆市中山區,中山里,1,1,0,1,1,0,0,1,
10312,基隆市中山區,中興里,2,2,0,3,2,1,1,0,
10312,基隆市中山區,仁正里,0,0,0,2,1,1,2,0,
10312,基隆市中山區,仙洞里,0,0,0,1,0,1,1,1,
10312,基隆市中山區,健民里,0,0,0,1,0,1,1,1,
10312,基隆市中山區,協和里,0,0,0,1,1,0,1,0,
10312,基隆市中山區,和平里,1,0,1,0,0,0,2,0,
10312,基隆市中山區,和慶里,4,3,1,1,1,0,8,5,
10312,基隆市中山區,太白里,1,1,0,2,1,1,0,2,
10312,基隆市中山區,安平里,1,1,0,1,0,1,0,0,
10312,基隆市中山區,安民里,0,0,0,2,0,2,0,0,
10312,基隆市中山區,居仁里,1,0,1,3,2,1,1,1,
10312,基隆市中山區,德和里,3,1,2,8,3,5,7,1,
10312,基隆市中山區,德安里,1,1,0,0,0,0,5,0,
10312,基隆市中山區,文化里,2,2,0,0,0,0,0,0,
10312,基隆市中山區,新建里,1,0,1,0,0,0,0,0,
10312,基隆市中山區,民治里,1,1,0,1,0,1,0,0,
10312,基隆市中山區,西定里,2,1,1,0,0,0,0,0,
10312,基隆市中山區,西康里,1,0,1,1,0,1,1,1,
10312,基隆市中山區,西榮里,0,0,0,0,0,0,2,0,
10312,基隆市中山區,西華里,1,0,1,0,0,0,1,0,
10312,基隆市中山區,通化里,0,0,0,0,0,0,3,0,
10312,基隆市中山區,通明里,2,1,1,2,1,1,0,0,
10312,基隆市安樂區,七賢里,4,0,4,1,1,0,1,1,
10312,基隆市安樂區,三民里,3,1,2,4,2,2,3,0,
10312,基隆市安樂區,中崙里,2,0,2,0,0,0,1,0,
10312,基隆市安樂區,五福里,3,1,2,2,2,0,4,1,
10312,基隆市安樂區,內寮里,3,3,0,4,1,3,4,1,
10312,基隆市安樂區,六合里,3,1,2,3,3,0,1,1,
10312,基隆市安樂區,嘉仁里,0,0,0,4,4,0,4,0,
10312,基隆市安樂區,四維里,5,3,2,3,2,1,2,0,
10312,基隆市安樂區,壯觀里,4,3,1,3,2,1,2,0,
10312,基隆市安樂區,外寮里,1,1,0,3,3,0,3,2,
10312,基隆市安樂區,安和里,0,0,0,1,1,0,0,0,
10312,基隆市安樂區,定國里,0,0,0,4,3,1,0,2,
10312,基隆市安樂區,定邦里,0,0,0,0,0,0,1,1,
10312,基隆市安樂區,干城里,2,0,2,4,4,0,1,0,
10312,基隆市安樂區,慈仁里,1,1,0,1,0,1,1,0,
10312,基隆市安樂區,新崙里,2,2,0,1,0,1,1,2,
10312,基隆市安樂區,新西里,0,0,0,1,0,1,0,0,
10312,基隆市安樂區,樂一里,0,0,0,0,0,0,0,1,
10312,基隆市安樂區,武崙里,5,2,3,1,0,1,8,1,
10312,基隆市安樂區,永康里,0,0,0,1,1,0,0,1,
10312,基隆市安樂區,興寮里,6,2,4,6,4,2,7,1,
10312,基隆市安樂區,西川里,0,0,0,0,0,0,1,0,
10312,基隆市安樂區,長樂里,2,0,2,0,0,0,6,0,
10312,基隆市安樂區,鶯安里,0,0,0,2,1,1,0,1,
10312,基隆市安樂區,鶯歌里,2,2,0,2,0,2,2,1,
10312,基隆市信義區,仁壽里,0,0,0,1,1,0,1,0,
10312,基隆市信義區,仁義里,2,0,2,1,0,1,2,0,
10312,基隆市信義區,信綠里,1,1,0,1,0,1,0,1,
10312,基隆市信義區,孝岡里,0,0,0,3,0,3,2,2,
10312,基隆市信義區,孝德里,0,0,0,1,0,1,2,3,
10312,基隆市信義區,孝忠里,4,3,1,3,3,0,4,2,
10312,基隆市信義區,孝深里,7,4,3,3,1,2,4,1,
10312,基隆市信義區,孝賢里,2,1,1,2,2,0,3,0,
10312,基隆市信義區,智慧里,2,2,0,1,0,1,1,0,
10312,基隆市信義區,智誠里,1,1,0,2,2,0,1,0,
10312,基隆市信義區,東信里,1,1,0,2,1,1,6,0,
10312,基隆市信義區,東光里,1,1,0,1,0,1,0,1,
10312,基隆市信義區,東安里,1,1,0,2,2,0,3,1,
10312,基隆市信義區,東明里,0,0,0,3,3,0,1,1,
10312,基隆市信義區,禮儀里,1,1,0,0,0,0,3,1,
10312,基隆市信義區,禮東里,0,0,0,1,1,0,0,0,
10312,基隆市信義區,義和里,0,0,0,0,0,0,0,0,
10312,基隆市信義區,義幸里,3,2,1,1,1,0,2,0,
10312,基隆市信義區,義昭里,1,0,1,1,0,1,0,0,
10312,基隆市信義區,義民里,0,0,0,1,1,0,0,1,
10312,新竹市東 區,三民里,4,2,2,4,2,2,4,3,
10312,新竹市東 區,下竹里,5,2,3,1,1,0,1,0,
10312,新竹市東 區,中正里,2,2,0,0,0,0,0,0,
10312,新竹市東 區,仙宮里,0,0,0,1,1,0,2,0,
10312,新竹市東 區,仙水里,4,1,3,3,1,2,1,0,
10312,新竹市東 區,光復里,3,1,2,1,1,0,1,0,
10312,新竹市東 區,光明里,3,1,2,1,0,1,1,0,
10312,新竹市東 區,光鎮里,3,3,0,2,1,1,1,2,
10312,新竹市東 區,公園里,6,2,4,2,1,1,5,0,
10312,新竹市東 區,前溪里,4,0,4,3,1,2,4,0,
10312,新竹市東 區,千甲里,1,1,0,0,0,0,1,0,
10312,新竹市東 區,南大里,3,1,2,0,0,0,2,1,
10312,新竹市東 區,南市里,0,0,0,1,1,0,1,0,
10312,新竹市東 區,南門里,0,0,0,0,0,0,0,0,
10312,新竹市東 區,埔頂里,17,4,13,2,1,1,2,0,
10312,新竹市東 區,寺前里,0,0,0,0,0,0,0,0,
10312,新竹市東 區,建功里,5,0,5,8,3,5,8,0,
10312,新竹市東 區,建華里,5,0,5,0,0,0,3,0,
10312,新竹市東 區,復中里,4,3,1,2,2,0,3,3,
10312,新竹市東 區,復興里,9,3,6,0,0,0,4,3,
10312,新竹市東 區,成功里,2,0,2,2,1,1,0,0,
10312,新竹市東 區,振興里,13,8,5,1,0,1,6,0,
10312,新竹市東 區,文華里,10,6,4,5,3,2,6,3,
10312,新竹市東 區,新光里,3,0,3,2,2,0,1,0,
10312,新竹市東 區,新興里,0,0,0,1,0,1,2,0,
10312,新竹市東 區,新莊里,9,4,5,4,4,0,8,1,
10312,新竹市東 區,明湖里,9,3,6,2,2,0,11,1,
10312,新竹市東 區,東勢里,4,1,3,1,0,1,1,1,
10312,新竹市東 區,東園里,19,11,8,7,6,1,7,0,
10312,新竹市東 區,東山里,4,2,2,1,0,1,0,0,
10312,新竹市東 區,東門里,0,0,0,1,1,0,0,0,
10312,新竹市東 區,柴橋里,5,3,2,3,3,0,3,0,
10312,新竹市東 區,榮光里,0,0,0,0,0,0,0,0,
10312,新竹市東 區,武功里,5,1,4,2,2,0,4,2,
10312,新竹市東 區,水源里,3,1,2,1,0,1,3,1,
10312,新竹市東 區,湖濱里,4,3,1,5,1,4,6,2,
10312,新竹市東 區,福德里,1,1,0,1,1,0,0,0,
10312,新竹市東 區,科園里,8,4,4,3,0,3,4,0,
10312,新竹市東 區,立功里,1,0,1,0,0,0,1,0,
10312,新竹市東 區,竹蓮里,2,1,1,0,0,0,1,0,
10312,新竹市東 區,綠水里,9,3,6,4,2,2,3,0,
10312,新竹市東 區,育賢里,0,0,0,2,2,0,2,0,
10312,新竹市東 區,親仁里,3,1,2,1,0,1,1,0,
10312,新竹市東 區,豐功里,11,7,4,0,0,0,1,1,
10312,新竹市東 區,軍功里,2,1,1,2,1,1,4,1,
10312,新竹市東 區,金山里,4,1,3,3,1,2,4,0,
10312,新竹市東 區,錦華里,2,1,1,1,0,1,1,0,
10312,新竹市東 區,關帝里,1,1,0,0,0,0,0,0,
10312,新竹市東 區,關新里,13,6,7,1,1,0,2,2,
10312,新竹市東 區,關東里,4,3,1,4,2,2,7,2,
10312,新竹市東 區,頂竹里,5,1,4,6,4,2,2,0,
10312,新竹市東 區,高峰里,10,4,6,5,0,5,8,0,
10312,新竹市東 區,龍山里,21,10,11,2,1,1,12,0,
10312,新竹市北 區,中央里,0,0,0,2,1,1,1,0,
10312,新竹市北 區,中寮里,4,3,1,1,1,0,5,2,
10312,新竹市北 區,中山里,1,1,0,3,2,1,1,0,
10312,新竹市北 區,中興里,0,0,0,2,2,0,0,0,
10312,新竹市北 區,中雅里,5,3,2,1,1,0,4,1,
10312,新竹市北 區,仁德里,0,0,0,0,0,0,0,0,
10312,新竹市北 區,光田里,5,5,0,4,2,2,3,0,
10312,新竹市北 區,光華里,8,1,7,4,2,2,3,2,
10312,新竹市北 區,北門里,1,1,0,2,2,0,2,1,
10312,新竹市北 區,南勢里,5,0,5,0,0,0,2,3,
10312,新竹市北 區,南寮里,12,8,4,4,1,3,5,2,
10312,新竹市北 區,古賢里,2,1,1,3,2,1,1,0,
10312,新竹市北 區,台溪里,2,1,1,1,1,0,2,0,
10312,新竹市北 區,境福里,7,3,4,2,1,1,2,3,
10312,新竹市北 區,士林里,4,2,2,1,1,0,0,0,
10312,新竹市北 區,大同里,0,0,0,1,1,0,1,0,
10312,新竹市北 區,大鵬里,4,1,3,1,1,0,0,0,
10312,新竹市北 區,客雅里,5,1,4,0,0,0,1,0,
10312,新竹市北 區,崇禮里,0,0,0,1,1,0,2,0,
10312,新竹市北 區,康樂里,3,2,1,1,1,0,5,2,
10312,新竹市北 區,文雅里,4,0,4,2,2,0,5,0,
10312,新竹市北 區,新民里,0,0,0,1,0,1,2,1,
10312,新竹市北 區,新雅里,8,5,3,2,1,1,7,1,
10312,新竹市北 區,曲溪里,6,3,3,2,2,0,10,1,
10312,新竹市北 區,武陵里,9,6,3,9,5,4,8,0,
10312,新竹市北 區,民富里,6,4,2,2,0,2,3,1,
10312,新竹市北 區,水田里,3,1,2,2,1,1,2,0,
10312,新竹市北 區,海濱里,10,5,5,0,0,0,7,1,
10312,新竹市北 區,港北里,4,2,2,1,1,0,0,0,
10312,新竹市北 區,湳中里,9,3,6,3,1,2,6,1,
10312,新竹市北 區,湳雅里,4,2,2,2,1,1,3,0,
10312,新竹市北 區,潛園里,1,0,1,2,1,1,0,0,
10312,新竹市北 區,石坊里,3,2,1,2,1,1,0,0,
10312,新竹市北 區,磐石里,6,2,4,3,2,1,10,1,
10312,新竹市北 區,福林里,4,3,1,2,2,0,1,0,
10312,新竹市北 區,育英里,11,3,8,2,2,0,4,0,
10312,新竹市北 區,興南里,4,3,1,0,0,0,0,0,
10312,新竹市北 區,舊港里,0,0,0,2,1,1,0,0,
10312,新竹市北 區,舊社里,10,5,5,3,2,1,5,2,
10312,新竹市北 區,西門里,0,0,0,0,0,0,0,0,
10312,新竹市北 區,西雅里,4,3,1,4,3,1,0,0,
10312,新竹市北 區,金竹里,7,5,2,4,4,0,9,0,
10312,新竹市北 區,金華里,5,2,3,4,3,1,5,1,
10312,新竹市北 區,金雅里,2,0,2,0,0,0,3,0,
10312,新竹市北 區,長和里,4,2,2,1,0,1,4,0,
10312,新竹市香山區,中埔里,1,0,1,1,0,1,2,1,
10312,新竹市香山區,中隘里,2,1,1,2,1,1,1,0,
10312,新竹市香山區,內湖里,5,3,2,3,2,1,4,1,
10312,新竹市香山區,南港里,2,1,1,3,1,2,1,0,
10312,新竹市香山區,南隘里,1,0,1,1,1,0,0,1,
10312,新竹市香山區,埔前里,6,4,2,2,1,1,3,1,
10312,新竹市香山區,大庄里,6,3,3,0,0,0,6,0,
10312,新竹市香山區,大湖里,0,0,0,0,0,0,1,0,
10312,新竹市香山區,朝山里,4,2,2,1,1,0,3,1,
10312,新竹市香山區,東香里,7,5,2,1,0,1,3,0,
10312,新竹市香山區,樹下里,2,0,2,0,0,0,2,0,
10312,新竹市香山區,海山里,3,1,2,2,1,1,5,0,
10312,新竹市香山區,浸水里,6,4,2,2,2,0,2,0,
10312,新竹市香山區,港南里,9,4,5,2,2,0,2,0,
10312,新竹市香山區,牛埔里,8,4,4,2,1,1,6,1,
10312,新竹市香山區,美山里,1,0,1,1,0,1,2,1,
10312,新竹市香山區,茄苳里,0,0,0,1,0,1,1,0,
10312,新竹市香山區,虎山里,13,7,6,2,1,1,7,2,
10312,新竹市香山區,虎林里,4,2,2,2,2,0,0,1,
10312,新竹市香山區,頂埔里,17,6,11,2,2,0,9,5,
10312,新竹市香山區,頂福里,10,7,3,0,0,0,4,3,
10312,新竹市香山區,香山里,6,4,2,3,2,1,5,4,
10312,新竹市香山區,香村里,6,3,3,2,1,1,3,0,
10312,新竹市香山區,鹽水里,7,4,3,1,0,1,0,0,
10312,嘉義市東 區,中央里,1,0,1,1,0,1,1,1,
10312,嘉義市東 區,中山里,0,0,0,3,3,0,0,0,
10312,嘉義市東 區,中庄里,3,1,2,2,2,0,3,0,
10312,嘉義市東 區,仁義里,6,1,5,0,0,0,3,3,
10312,嘉義市東 區,北門里,2,2,0,1,1,0,1,0,
10312,嘉義市東 區,圳頭里,3,2,1,7,4,3,5,1,
10312,嘉義市東 區,太平里,4,3,1,6,4,2,3,1,
10312,嘉義市東 區,安寮里,1,0,1,6,3,3,2,2,
10312,嘉義市東 區,安業里,1,1,0,3,2,1,1,1,
10312,嘉義市東 區,宣信里,1,1,0,3,3,0,2,1,
10312,嘉義市東 區,後庄里,3,1,2,4,3,1,2,2,
10312,嘉義市東 區,後湖里,5,3,2,2,2,0,4,1,
10312,嘉義市東 區,文雅里,5,3,2,3,2,1,0,0,
10312,嘉義市東 區,新店里,1,1,0,3,2,1,1,1,
10312,嘉義市東 區,新開里,3,3,0,0,0,0,0,0,
10312,嘉義市東 區,朝陽里,1,1,0,1,1,0,4,2,
10312,嘉義市東 區,東川里,0,0,0,0,0,0,1,0,
10312,嘉義市東 區,東興里,1,0,1,0,0,0,3,0,
10312,嘉義市東 區,林森里,5,2,3,2,2,0,2,1,
10312,嘉義市東 區,民族里,3,1,2,4,2,2,0,1,
10312,嘉義市東 區,王田里,1,1,0,0,0,0,1,1,
10312,嘉義市東 區,盧厝里,1,1,0,1,1,0,1,0,
10312,嘉義市東 區,短竹里,0,0,0,1,1,0,1,0,
10312,嘉義市東 區,義教里,1,1,0,2,2,0,3,0,
10312,嘉義市東 區,興仁里,1,1,0,4,3,1,5,0,
10312,嘉義市東 區,興南里,1,1,0,3,1,2,1,1,
10312,嘉義市東 區,興安里,4,1,3,4,2,2,2,1,
10312,嘉義市東 區,興村里,7,4,3,1,1,0,4,2,
10312,嘉義市東 區,芳安里,1,0,1,0,0,0,1,0,
10312,嘉義市東 區,芳草里,1,0,1,1,0,1,5,1,
10312,嘉義市東 區,荖藤里,4,2,2,5,4,1,4,1,
10312,嘉義市東 區,華南里,1,1,0,4,2,2,3,0,
10312,嘉義市東 區,蘭潭里,0,0,0,1,1,0,3,0,
10312,嘉義市東 區,豐年里,2,1,1,0,0,0,0,0,
10312,嘉義市東 區,過溝里,0,0,0,2,1,1,1,0,
10312,嘉義市東 區,長竹里,3,2,1,1,0,1,1,0,
10312,嘉義市東 區,頂寮里,5,3,2,4,2,2,4,0,
10312,嘉義市東 區,頂庄里,1,1,0,5,3,2,2,0,
10312,嘉義市東 區,鹿寮里,1,1,0,0,0,0,0,0,
10312,嘉義市西 區,下埤里,5,3,2,0,0,0,3,0,
10312,嘉義市西 區,保安里,3,2,1,2,1,1,3,0,
10312,嘉義市西 區,保生里,3,3,0,3,1,2,5,2,
10312,嘉義市西 區,保福里,3,3,0,1,1,0,7,2,
10312,嘉義市西 區,光路里,4,3,1,1,1,0,3,1,
10312,嘉義市西 區,劉厝里,10,7,3,4,3,1,6,2,
10312,嘉義市西 區,北新里,3,1,2,1,1,0,1,0,
10312,嘉義市西 區,北榮里,4,2,2,0,0,0,0,0,
10312,嘉義市西 區,北湖里,1,1,0,2,1,1,4,1,
10312,嘉義市西 區,國華里,0,0,0,0,0,0,2,0,
10312,嘉義市西 區,垂楊里,0,0,0,1,1,0,2,0,
10312,嘉義市西 區,培元里,1,0,1,1,1,0,1,0,
10312,嘉義市西 區,大溪里,4,2,2,1,0,1,1,0,
10312,嘉義市西 區,導明里,2,1,1,2,1,1,0,0,
10312,嘉義市西 區,後驛里,1,0,1,1,0,1,1,0,
10312,嘉義市西 區,慶安里,3,2,1,1,0,1,2,3,
10312,嘉義市西 區,文化里,1,0,1,0,0,0,1,2,
10312,嘉義市西 區,新厝里,6,1,5,1,1,0,2,1,
10312,嘉義市西 區,新富里,2,1,1,4,2,2,0,2,
10312,嘉義市西 區,新西里,3,3,0,2,2,0,1,2,
10312,嘉義市西 區,書院里,4,3,1,2,2,0,1,1,
10312,嘉義市西 區,永和里,2,0,2,2,0,2,2,0,
10312,嘉義市西 區,港坪里,5,1,4,1,0,1,4,1,
10312,嘉義市西 區,湖內里,7,3,4,2,0,2,5,0,
10312,嘉義市西 區,湖邊里,2,0,2,1,0,1,4,0,
10312,嘉義市西 區,獅子里,2,1,1,1,1,0,1,1,
10312,嘉義市西 區,番社里,0,0,0,1,1,0,0,0,
10312,嘉義市西 區,磚󿾨里,7,4,3,3,3,0,4,2,
10312,嘉義市西 區,福全里,3,3,0,2,1,1,7,3,
10312,嘉義市西 區,福安里,6,3,3,0,0,0,2,1,
10312,嘉義市西 區,福民里,7,3,4,3,2,1,7,0,
10312,嘉義市西 區,竹圍里,4,2,2,5,2,3,4,1,
10312,嘉義市西 區,竹村里,1,0,1,0,0,0,1,0,
10312,嘉義市西 區,紅瓦里,2,1,1,0,0,0,2,1,
10312,嘉義市西 區,美源里,7,5,2,2,1,1,2,1,
10312,嘉義市西 區,翠岱里,3,2,1,0,0,0,0,1,
10312,嘉義市西 區,育英里,3,0,3,0,0,0,1,0,
10312,嘉義市西 區,自強里,1,0,1,0,0,0,0,2,
10312,嘉義市西 區,致遠里,1,0,1,2,0,2,1,2,
10312,嘉義市西 區,西平里,5,1,4,0,0,0,3,0,
10312,嘉義市西 區,西榮里,0,0,0,1,1,0,2,1,
10312,嘉義市西 區,車店里,9,5,4,4,2,2,3,1,
10312,嘉義市西 區,重興里,1,0,1,2,2,0,3,1,
10312,嘉義市西 區,頭港里,1,0,1,1,0,1,0,0,
10312,嘉義市西 區,香湖里,0,0,0,1,1,0,1,0,
10312,臺北市松山區,三民里,6,4,2,7,3,4,6,2,
10312,臺北市松山區,中崙里,6,3,3,3,1,2,3,1,
10312,臺北市松山區,中正里,8,2,6,4,2,2,3,4,
10312,臺北市松山區,中華里,3,1,2,5,3,2,6,0,
10312,臺北市松山區,介壽里,4,3,1,0,0,0,1,2,
10312,臺北市松山區,吉仁里,7,3,4,3,2,1,4,0,
10312,臺北市松山區,吉祥里,7,2,5,2,1,1,5,1,
10312,臺北市松山區,安平里,5,5,0,8,6,2,8,4,
10312,臺北市松山區,富泰里,5,2,3,3,1,2,1,0,
10312,臺北市松山區,富錦里,6,2,4,3,2,1,1,2,
10312,臺北市松山區,復勢里,1,1,0,3,2,1,4,2,
10312,臺北市松山區,復建里,10,7,3,1,0,1,0,1,
10312,臺北市松山區,復源里,4,1,3,1,0,1,1,0,
10312,臺北市松山區,復盛里,4,4,0,3,0,3,6,1,
10312,臺北市松山區,慈祐里,10,5,5,3,1,2,8,3,
10312,臺北市松山區,敦化里,2,0,2,7,4,3,5,0,
10312,臺北市松山區,新東里,5,4,1,2,2,0,7,3,
10312,臺北市松山區,新益里,3,0,3,4,3,1,5,1,
10312,臺北市松山區,新聚里,15,4,11,4,2,2,8,2,
10312,臺北市松山區,東光里,4,2,2,9,6,3,5,1,
10312,臺北市松山區,東勢里,5,2,3,6,2,4,3,0,
10312,臺北市松山區,東昌里,3,0,3,0,0,0,0,0,
10312,臺北市松山區,東榮里,5,4,1,5,4,1,8,1,
10312,臺北市松山區,松基里,5,3,2,0,0,0,2,0,
10312,臺北市松山區,民有里,13,7,6,3,3,0,11,0,
10312,臺北市松山區,民福里,9,4,5,8,1,7,3,2,
10312,臺北市松山區,福成里,0,0,0,1,0,1,3,0,
10312,臺北市松山區,精忠里,5,3,2,4,4,0,4,3,
10312,臺北市松山區,美仁里,3,2,1,0,0,0,3,2,
10312,臺北市松山區,自強里,7,3,4,6,5,1,9,1,
10312,臺北市松山區,莊敬里,6,4,2,4,3,1,5,0,
10312,臺北市松山區,鵬程里,5,3,2,4,3,1,7,1,
10312,臺北市松山區,龍田里,10,7,3,6,0,6,8,1,
10312,臺北市信義區,三張里,3,0,3,6,5,1,5,2,
10312,臺北市信義區,三犁里,5,3,2,2,2,0,5,1,
10312,臺北市信義區,中坡里,3,2,1,3,1,2,3,0,
10312,臺北市信義區,中興里,5,2,3,1,0,1,4,1,
10312,臺北市信義區,中行里,6,2,4,4,3,1,10,0,
10312,臺北市信義區,五全里,5,3,2,4,3,1,5,2,
10312,臺北市信義區,五常里,5,3,2,4,1,3,4,0,
10312,臺北市信義區,六合里,8,5,3,3,2,1,4,0,
10312,臺北市信義區,六藝里,6,3,3,4,3,1,6,1,
10312,臺北市信義區,嘉興里,9,4,5,0,0,0,4,0,
10312,臺北市信義區,四維里,6,2,4,3,3,0,7,0,
10312,臺北市信義區,四育里,5,2,3,7,5,2,9,2,
10312,臺北市信義區,國業里,8,5,3,4,1,3,4,1,
10312,臺北市信義區,大仁里,5,1,4,3,1,2,3,2,
10312,臺北市信義區,大道里,8,6,2,3,2,1,7,1,
10312,臺北市信義區,安康里,11,4,7,3,1,2,6,1,
10312,臺北市信義區,富台里,3,0,3,2,1,1,2,1,
10312,臺北市信義區,廣居里,14,7,7,5,2,3,6,0,
10312,臺北市信義區,惠安里,9,6,3,2,1,1,4,2,
10312,臺北市信義區,敦厚里,9,3,6,2,1,1,8,1,
10312,臺北市信義區,新仁里,1,1,0,1,1,0,4,0,
10312,臺北市信義區,景勤里,4,3,1,4,2,2,5,1,
10312,臺北市信義區,景新里,5,1,4,3,2,1,3,0,
10312,臺北市信義區,景聯里,3,2,1,3,2,1,2,0,
10312,臺北市信義區,松光里,7,3,4,3,2,1,2,1,
10312,臺北市信義區,松友里,10,9,1,6,5,1,6,0,
10312,臺北市信義區,松隆里,1,1,0,1,0,1,7,0,
10312,臺北市信義區,正和里,3,1,2,4,1,3,1,1,
10312,臺北市信義區,永吉里,9,5,4,1,1,0,3,1,
10312,臺北市信義區,永春里,6,2,4,5,4,1,1,1,
10312,臺北市信義區,泰和里,11,4,7,6,4,2,11,2,
10312,臺北市信義區,興隆里,2,1,1,3,1,2,4,0,
10312,臺北市信義區,興雅里,5,3,2,5,1,4,4,1,
10312,臺北市信義區,西村里,1,1,0,11,4,7,0,1,
10312,臺北市信義區,長春里,3,3,0,2,1,1,3,1,
10312,臺北市信義區,雅祥里,4,2,2,0,0,0,9,0,
10312,臺北市信義區,雙和里,11,5,6,4,1,3,7,1,
10312,臺北市信義區,黎安里,1,1,0,5,5,0,3,0,
10312,臺北市信義區,黎平里,9,7,2,7,3,4,8,0,
10312,臺北市信義區,黎忠里,9,6,3,0,0,0,4,1,
10312,臺北市信義區,黎順里,2,1,1,1,0,1,4,1,
10312,臺北市大安區,仁愛里,2,2,0,6,1,5,3,0,
10312,臺北市大安區,仁慈里,7,6,1,3,3,0,3,1,
10312,臺北市大安區,住安里,3,2,1,7,5,2,6,1,
10312,臺北市大安區,光信里,4,1,3,5,4,1,3,1,
10312,臺北市大安區,光明里,5,2,3,2,2,0,1,0,
10312,臺北市大安區,光武里,8,4,4,10,4,6,2,1,
10312,臺北市大安區,全安里,4,3,1,2,2,0,4,0,
10312,臺北市大安區,古莊里,9,6,3,6,3,3,6,1,
10312,臺北市大安區,古風里,3,3,0,0,0,0,1,2,
10312,臺北市大安區,和安里,6,4,2,5,3,2,2,1,
10312,臺北市大安區,大學里,6,3,3,2,1,1,6,0,
10312,臺北市大安區,學府里,0,0,0,2,1,1,1,1,
10312,臺北市大安區,建倫里,2,1,1,6,4,2,2,2,
10312,臺北市大安區,建安里,3,1,2,1,1,0,3,0,
10312,臺北市大安區,德安里,5,1,4,4,2,2,3,2,
10312,臺北市大安區,敦安里,4,1,3,5,2,3,4,0,
10312,臺北市大安區,敦煌里,11,5,6,1,1,0,9,2,
10312,臺北市大安區,新龍里,3,0,3,3,1,2,7,0,
10312,臺北市大安區,昌隆里,4,3,1,0,0,0,2,0,
10312,臺北市大安區,正聲里,11,6,5,2,2,0,5,0,
10312,臺北市大安區,民炤里,11,6,5,5,3,2,8,1,
10312,臺北市大安區,民輝里,7,3,4,2,2,0,10,2,
10312,臺北市大安區,永康里,6,2,4,1,1,0,2,1,
10312,臺北市大安區,法治里,4,3,1,4,4,0,2,0,
10312,臺北市大安區,福住里,8,3,5,2,1,1,4,1,
10312,臺北市大安區,群英里,7,5,2,4,3,1,6,2,
10312,臺北市大安區,群賢里,8,4,4,6,2,4,6,3,
10312,臺北市大安區,義安里,7,3,4,1,0,1,2,2,
10312,臺北市大安區,義村里,7,3,4,2,1,1,5,3,
10312,臺北市大安區,臥龍里,2,0,2,1,0,1,3,1,
10312,臺北市大安區,臨江里,3,2,1,3,3,0,3,0,
10312,臺北市大安區,芳和里,5,1,4,4,2,2,2,0,
10312,臺北市大安區,華聲里,4,2,2,2,0,2,3,0,
10312,臺北市大安區,虎嘯里,1,1,0,2,2,0,2,2,
10312,臺北市大安區,誠安里,6,4,2,2,1,1,3,1,
10312,臺北市大安區,車層里,10,6,4,4,1,3,5,1,
10312,臺北市大安區,通化里,15,7,8,9,8,1,6,2,
10312,臺北市大安區,通安里,5,3,2,3,1,2,3,1,
10312,臺北市大安區,錦安里,12,7,5,2,1,1,6,0,
10312,臺北市大安區,錦泰里,4,1,3,0,0,0,4,0,
10312,臺北市大安區,錦華里,10,4,6,0,0,0,5,0,
10312,臺北市大安區,黎元里,3,2,1,5,3,2,9,0,
10312,臺北市大安區,黎和里,4,1,3,1,1,0,3,1,
10312,臺北市大安區,黎孝里,11,4,7,7,2,5,1,1,
10312,臺北市大安區,龍圖里,10,4,6,5,1,4,7,1,
10312,臺北市大安區,龍坡里,6,3,3,4,3,1,5,1,
10312,臺北市大安區,龍安里,6,4,2,3,3,0,5,0,
10312,臺北市大安區,龍泉里,4,4,0,1,1,0,4,2,
10312,臺北市大安區,龍淵里,12,6,6,4,2,2,1,1,
10312,臺北市大安區,龍生里,6,3,3,5,2,3,4,1,
10312,臺北市大安區,龍門里,3,2,1,3,2,1,3,0,
10312,臺北市大安區,龍陣里,1,0,1,2,1,1,3,0,
10312,臺北市大安區,龍雲里,7,3,4,3,1,2,3,0,
10312,臺北市中山區,下埤里,18,7,11,4,2,2,8,1,
10312,臺北市中山區,中原里,6,2,4,8,4,4,4,0,
10312,臺北市中山區,中吉里,4,3,1,3,3,0,7,3,
10312,臺北市中山區,中央里,5,1,4,4,2,2,0,2,
10312,臺北市中山區,中山里,8,1,7,3,2,1,9,3,
10312,臺北市中山區,中庄里,7,3,4,2,2,0,2,1,
10312,臺北市中山區,劍潭里,7,3,4,2,2,0,4,0,
10312,臺北市中山區,力行里,8,5,3,3,3,0,4,0,
10312,臺北市中山區,北安里,3,1,2,2,2,0,4,0,
10312,臺北市中山區,圓山里,4,2,2,6,4,2,1,2,
10312,臺北市中山區,埤頭里,2,2,0,6,1,5,4,0,
10312,臺北市中山區,大佳里,1,0,1,2,1,1,0,0,
10312,臺北市中山區,大直里,13,6,7,7,4,3,4,2,
10312,臺北市中山區,康樂里,3,2,1,2,2,0,1,0,
10312,臺北市中山區,復華里,7,2,5,3,0,3,4,0,
10312,臺北市中山區,恆安里,7,4,3,2,1,1,6,1,
10312,臺北市中山區,成功里,11,8,3,0,0,0,5,1,
10312,臺北市中山區,新喜里,10,7,3,2,1,1,5,1,
10312,臺北市中山區,新庄里,6,3,3,1,1,0,5,3,
10312,臺北市中山區,新生里,5,0,5,2,1,1,1,0,
10312,臺北市中山區,新福里,2,0,2,3,2,1,6,2,
10312,臺北市中山區,晴光里,5,2,3,2,2,0,4,1,
10312,臺北市中山區,朱園里,4,2,2,2,1,1,5,0,
10312,臺北市中山區,朱崙里,6,3,3,3,2,1,0,0,
10312,臺北市中山區,朱馥里,3,1,2,3,2,1,5,1,
10312,臺北市中山區,松江里,7,3,4,2,2,0,5,1,
10312,臺北市中山區,正守里,4,2,2,0,0,0,1,1,
10312,臺北市中山區,正得里,4,3,1,3,0,3,5,2,
10312,臺北市中山區,正義里,4,3,1,3,1,2,6,0,
10312,臺北市中山區,民安里,6,2,4,5,2,3,3,1,
10312,臺北市中山區,永安里,12,6,6,8,4,4,7,0,
10312,臺北市中山區,江寧里,15,7,8,3,0,3,4,2,
10312,臺北市中山區,江山里,7,3,4,3,1,2,6,2,
10312,臺北市中山區,聚盛里,10,5,5,6,5,1,6,2,
10312,臺北市中山區,聚葉里,7,4,3,3,1,2,2,0,
10312,臺北市中山區,興亞里,4,1,3,2,1,1,5,0,
10312,臺北市中山區,行仁里,12,6,6,3,3,0,12,1,
10312,臺北市中山區,行孝里,5,3,2,4,4,0,7,1,
10312,臺北市中山區,行政里,11,5,6,8,6,2,5,2,
10312,臺北市中山區,金泰里,13,4,9,5,3,2,7,1,
10312,臺北市中山區,集英里,7,3,4,7,3,4,4,2,
10312,臺北市中山區,龍洲里,5,4,1,6,2,4,1,0,
10312,臺北市中正區,三愛里,7,4,3,2,0,2,6,0,
10312,臺北市中正區,光復里,5,1,4,3,1,2,2,0,
10312,臺北市中正區,南福里,7,3,4,6,3,3,13,2,
10312,臺北市中正區,南門里,0,0,0,1,0,1,2,2,
10312,臺北市中正區,富水里,2,2,0,2,0,2,3,2,
10312,臺北市中正區,幸市里,5,5,0,4,3,1,3,0,
10312,臺北市中正區,幸福里,6,4,2,2,2,0,5,0,
10312,臺北市中正區,廈安里,5,4,1,2,2,0,4,0,
10312,臺北市中正區,建國里,3,3,0,0,0,0,3,1,
10312,臺北市中正區,忠勤里,7,5,2,12,7,5,4,3,
10312,臺北市中正區,愛國里,1,0,1,0,0,0,1,0,
10312,臺北市中正區,文北里,7,4,3,6,3,3,7,1,
10312,臺北市中正區,文盛里,1,0,1,3,2,1,5,1,
10312,臺北市中正區,文祥里,11,2,9,5,4,1,3,0,
10312,臺北市中正區,新營里,14,9,5,9,8,1,4,2,
10312,臺北市中正區,東門里,5,1,4,6,3,3,4,2,
10312,臺北市中正區,板溪里,4,2,2,1,1,0,9,0,
10312,臺北市中正區,林興里,8,3,5,2,1,1,5,1,
10312,臺北市中正區,梅花里,5,4,1,3,1,2,3,0,
10312,臺北市中正區,水源里,4,0,4,1,1,0,3,0,
10312,臺北市中正區,永功里,12,5,7,7,4,3,3,1,
10312,臺北市中正區,永昌里,7,4,3,5,2,3,6,0,
10312,臺北市中正區,河堤里,7,4,3,2,1,1,2,0,
10312,臺北市中正區,網溪里,6,3,3,4,3,1,5,0,
10312,臺北市中正區,螢圃里,2,0,2,2,1,1,7,2,
10312,臺北市中正區,螢雪里,4,1,3,5,4,1,3,1,
10312,臺北市中正區,頂東里,4,1,3,6,5,1,4,0,
10312,臺北市中正區,黎明里,4,3,1,4,2,2,5,1,
10312,臺北市中正區,龍光里,3,2,1,2,1,1,3,0,
10312,臺北市中正區,龍福里,5,3,2,5,4,1,4,2,
10312,臺北市中正區,龍興里,9,5,4,1,0,1,3,0,
10312,臺北市大同區,保安里,7,3,4,6,6,0,6,1,
10312,臺北市大同區,光能里,8,2,6,2,1,1,5,1,
10312,臺北市大同區,南芳里,7,2,5,5,3,2,4,0,
10312,臺北市大同區,國慶里,7,4,3,2,2,0,3,3,
10312,臺北市大同區,國順里,7,4,3,2,1,1,4,3,
10312,臺北市大同區,大有里,2,0,2,2,1,1,4,2,
10312,臺北市大同區,延平里,7,5,2,6,2,4,0,1,
10312,臺北市大同區,建功里,4,2,2,1,1,0,1,1,
10312,臺北市大同區,建明里,2,1,1,2,2,0,5,0,
10312,臺北市大同區,建泰里,4,4,0,2,1,1,6,2,
10312,臺北市大同區,揚雅里,1,1,0,8,6,2,1,0,
10312,臺北市大同區,斯文里,5,1,4,1,0,1,5,1,
10312,臺北市大同區,星明里,7,5,2,4,2,2,6,3,
10312,臺北市大同區,景星里,2,1,1,1,1,0,4,0,
10312,臺北市大同區,朝陽里,6,3,3,5,4,1,2,0,
10312,臺北市大同區,民權里,7,1,6,3,2,1,7,1,
10312,臺北市大同區,永樂里,8,6,2,6,3,3,5,1,
10312,臺北市大同區,玉泉里,1,1,0,1,1,0,1,0,
10312,臺北市大同區,老師里,5,4,1,3,2,1,4,2,
10312,臺北市大同區,至聖里,6,3,3,3,1,2,9,2,
10312,臺北市大同區,蓬萊里,11,2,9,5,4,1,4,3,
10312,臺北市大同區,鄰江里,14,4,10,4,4,0,2,1,
10312,臺北市大同區,重慶里,10,7,3,2,0,2,7,1,
10312,臺北市大同區,隆和里,4,3,1,1,0,1,3,1,
10312,臺北市大同區,雙連里,11,2,9,6,3,3,6,3,
10312,臺北市萬華區,仁德里,5,2,3,1,0,1,4,1,
10312,臺北市萬華區,保德里,1,0,1,3,3,0,0,1,
10312,臺北市萬華區,全德里,10,6,4,3,0,3,2,2,
10312,臺北市萬華區,凌霄里,2,0,2,2,1,1,2,1,
10312,臺北市萬華區,和平里,10,7,3,7,4,3,7,0,
10312,臺北市萬華區,和德里,4,3,1,3,3,0,10,1,
10312,臺北市萬華區,壽德里,7,1,6,7,5,2,6,0,
10312,臺北市萬華區,孝德里,7,2,5,1,0,1,1,1,
10312,臺北市萬華區,富民里,3,1,2,5,5,0,2,1,
10312,臺北市萬華區,富福里,7,5,2,10,9,1,10,1,
10312,臺北市萬華區,忠德里,7,4,3,3,2,1,4,1,
10312,臺北市萬華區,忠貞里,5,3,2,5,5,0,2,1,
10312,臺北市萬華區,新和里,15,6,9,8,5,3,7,1,
10312,臺北市萬華區,新安里,4,2,2,6,2,4,1,2,
10312,臺北市萬華區,新忠里,2,2,0,4,3,1,2,2,
10312,臺北市萬華區,新起里,8,2,6,2,1,1,3,0,
10312,臺北市萬華區,日善里,3,1,2,1,1,0,4,0,
10312,臺北市萬華區,日祥里,5,3,2,9,8,1,3,1,
10312,臺北市萬華區,柳鄉里,7,2,5,4,1,3,3,1,
10312,臺北市萬華區,榮德里,3,2,1,4,2,2,1,1,
10312,臺北市萬華區,福星里,6,4,2,9,4,5,8,0,
10312,臺北市萬華區,福音里,4,2,2,1,0,1,4,1,
10312,臺北市萬華區,糖廍里,5,1,4,1,0,1,8,0,
10312,臺北市萬華區,綠堤里,6,2,4,6,4,2,5,1,
10312,臺北市萬華區,興德里,4,1,3,4,1,3,2,1,
10312,臺北市萬華區,菜園里,15,7,8,5,2,3,5,0,
10312,臺北市萬華區,華中里,7,2,5,5,4,1,2,1,
10312,臺北市萬華區,華江里,10,4,6,6,4,2,11,1,
10312,臺北市萬華區,萬壽里,4,3,1,5,4,1,2,0,
10312,臺北市萬華區,西門里,9,5,4,1,0,1,4,0,
10312,臺北市萬華區,銘德里,5,1,4,3,3,0,3,0,
10312,臺北市萬華區,錦德里,8,4,4,1,0,1,6,1,
10312,臺北市萬華區,雙園里,6,3,3,4,1,3,5,0,
10312,臺北市萬華區,青山里,13,6,7,3,1,2,3,0,
10312,臺北市萬華區,頂碩里,7,2,5,3,2,1,12,0,
10312,臺北市萬華區,騰雲里,6,2,4,2,1,1,4,0,
10312,臺北市文山區,博嘉里,5,4,1,3,1,2,13,0,
10312,臺北市文山區,忠順里,8,3,5,1,0,1,2,1,
10312,臺北市文山區,指南里,5,4,1,4,3,1,6,0,
10312,臺北市文山區,政大里,5,3,2,4,2,2,8,0,
10312,臺北市文山區,明義里,5,3,2,3,3,0,2,0,
10312,臺北市文山區,明興里,15,9,6,8,5,3,5,0,
10312,臺北市文山區,景仁里,10,6,4,1,1,0,5,0,
10312,臺北市文山區,景慶里,5,3,2,6,1,5,4,5,
10312,臺北市文山區,景東里,8,4,4,1,0,1,6,3,
10312,臺北市文山區,景美里,5,2,3,3,2,1,2,2,
10312,臺北市文山區,景華里,8,4,4,4,3,1,6,0,
10312,臺北市文山區,景行里,4,0,4,4,3,1,2,3,
10312,臺北市文山區,木新里,7,3,4,9,4,5,12,2,
10312,臺北市文山區,木柵里,7,4,3,4,3,1,5,2,
10312,臺北市文山區,樟文里,8,6,2,4,3,1,7,0,
10312,臺北市文山區,樟新里,12,4,8,3,2,1,2,1,
10312,臺北市文山區,樟林里,8,4,4,4,3,1,6,2,
10312,臺北市文山區,樟樹里,3,2,1,2,2,0,4,2,
10312,臺北市文山區,樟腳里,4,2,2,3,2,1,4,2,
10312,臺北市文山區,老泉里,0,0,0,1,0,1,2,1,
10312,臺北市文山區,興光里,3,2,1,1,0,1,3,1,
10312,臺北市文山區,興安里,7,4,3,3,0,3,2,1,
10312,臺北市文山區,興家里,10,5,5,7,3,4,9,1,
10312,臺北市文山區,興得里,5,4,1,4,4,0,6,1,
10312,臺北市文山區,興旺里,12,6,6,3,2,1,14,1,
10312,臺北市文山區,興昌里,2,1,1,3,0,3,5,1,
10312,臺北市文山區,興業里,6,1,5,1,0,1,10,0,
10312,臺北市文山區,興泰里,5,2,3,1,1,0,6,1,
10312,臺北市文山區,興福里,9,3,6,0,0,0,2,1,
10312,臺北市文山區,興豐里,6,2,4,0,0,0,3,1,
10312,臺北市文山區,興邦里,6,5,1,2,1,1,3,1,
10312,臺北市文山區,華興里,14,10,4,2,1,1,2,2,
10312,臺北市文山區,萬和里,1,0,1,0,0,0,3,0,
10312,臺北市文山區,萬年里,5,3,2,2,1,1,4,0,
10312,臺北市文山區,萬有里,7,6,1,5,2,3,5,0,
10312,臺北市文山區,萬盛里,3,0,3,4,1,3,4,0,
10312,臺北市文山區,萬祥里,9,3,6,2,1,1,4,0,
10312,臺北市文山區,萬美里,10,5,5,2,1,1,7,3,
10312,臺北市文山區,萬興里,8,4,4,4,3,1,2,0,
10312,臺北市文山區,萬芳里,12,7,5,3,0,3,9,2,
10312,臺北市文山區,萬隆里,6,4,2,2,2,0,5,3,
10312,臺北市文山區,試院里,6,2,4,4,3,1,3,0,
10312,臺北市文山區,順興里,7,4,3,4,2,2,7,1,
10312,臺北市南港區,三重里,11,5,6,4,1,3,11,0,
10312,臺北市南港區,中南里,5,2,3,4,4,0,4,1,
10312,臺北市南港區,中研里,10,4,6,10,7,3,6,3,
10312,臺北市南港區,九如里,11,6,5,1,0,1,3,0,
10312,臺北市南港區,仁福里,4,2,2,0,0,0,3,3,
10312,臺北市南港區,南港里,8,3,5,4,3,1,13,1,
10312,臺北市南港區,合成里,8,4,4,6,5,1,3,1,
10312,臺北市南港區,成福里,8,3,5,8,5,3,6,3,
10312,臺北市南港區,新光里,1,1,0,2,2,0,5,2,
10312,臺北市南港區,新富里,1,0,1,1,1,0,7,1,
10312,臺北市南港區,東新里,14,4,10,4,2,2,3,3,
10312,臺北市南港區,東明里,3,1,2,1,1,0,7,1,
10312,臺北市南港區,玉成里,6,2,4,6,6,0,4,1,
10312,臺北市南港區,百福里,2,1,1,1,1,0,6,4,
10312,臺北市南港區,聯成里,7,3,4,3,2,1,5,2,
10312,臺北市南港區,舊莊里,15,7,8,6,1,5,8,3,
10312,臺北市南港區,萬福里,4,1,3,2,1,1,7,2,
10312,臺北市南港區,西新里,6,2,4,3,3,0,5,1,
10312,臺北市南港區,重陽里,8,4,4,4,3,1,7,0,
10312,臺北市南港區,鴻福里,5,2,3,2,2,0,4,1,
10312,臺北市內湖區,五分里,11,7,4,5,5,0,5,2,
10312,臺北市內湖區,內湖里,9,3,6,0,0,0,5,1,
10312,臺北市內湖區,內溝里,5,4,1,2,1,1,3,3,
10312,臺北市內湖區,南湖里,7,3,4,3,1,2,4,0,
10312,臺北市內湖區,大湖里,7,4,3,2,2,0,5,2,
10312,臺北市內湖區,安泰里,10,6,4,1,0,1,3,0,
10312,臺北市內湖區,安湖里,10,4,6,2,1,1,2,2,
10312,臺北市內湖區,寶湖里,15,6,9,3,0,3,10,3,
10312,臺北市內湖區,康寧里,9,3,6,0,0,0,6,4,
10312,臺北市內湖區,明湖里,9,4,5,3,2,1,4,0,
10312,臺北市內湖區,東湖里,7,4,3,2,2,0,10,0,
10312,臺北市內湖區,樂康里,11,5,6,5,3,2,10,2,
10312,臺北市內湖區,清白里,4,1,3,2,2,0,2,4,
10312,臺北市內湖區,港墘里,5,4,1,2,2,0,5,1,
10312,臺北市內湖區,港富里,7,3,4,6,4,2,13,3,
10312,臺北市內湖區,港華里,12,7,5,3,2,1,5,1,
10312,臺北市內湖區,港都里,7,4,3,1,0,1,4,1,
10312,臺北市內湖區,湖元里,6,4,2,1,1,0,8,4,
10312,臺北市內湖區,湖濱里,6,3,3,8,2,6,9,1,
10312,臺北市內湖區,湖興里,11,5,6,5,4,1,7,3,
10312,臺北市內湖區,瑞光里,3,3,0,10,5,5,6,1,
10312,臺北市內湖區,瑞陽里,6,4,2,5,3,2,4,3,
10312,臺北市內湖區,石潭里,3,1,2,2,0,2,5,0,
10312,臺北市內湖區,碧山里,3,2,1,2,2,0,8,1,
10312,臺北市內湖區,秀湖里,5,4,1,1,0,1,6,2,
10312,臺北市內湖區,紫星里,12,5,7,4,3,1,6,1,
10312,臺北市內湖區,紫陽里,9,6,3,4,2,2,8,0,
10312,臺北市內湖區,紫雲里,8,5,3,4,2,2,6,1,
10312,臺北市內湖區,葫洲里,10,7,3,4,2,2,5,1,
10312,臺北市內湖區,蘆洲里,4,3,1,0,0,0,1,0,
10312,臺北市內湖區,行善里,8,2,6,8,4,4,9,3,
10312,臺北市內湖區,西安里,6,5,1,0,0,0,6,1,
10312,臺北市內湖區,西康里,14,7,7,4,3,1,13,1,
10312,臺北市內湖區,西湖里,11,5,6,7,6,1,5,0,
10312,臺北市內湖區,週美里,11,7,4,3,1,2,10,3,
10312,臺北市內湖區,金湖里,7,3,4,4,1,3,12,6,
10312,臺北市內湖區,金瑞里,5,2,3,4,3,1,3,0,
10312,臺北市內湖區,金龍里,10,5,5,2,2,0,4,1,
10312,臺北市內湖區,麗山里,10,3,7,1,1,0,6,0,
10312,臺北市士林區,三玉里,11,8,3,1,1,0,4,2,
10312,臺北市士林區,仁勇里,4,3,1,4,2,2,5,0,
10312,臺北市士林區,公館里,4,0,4,0,0,0,2,0,
10312,臺北市士林區,前港里,10,6,4,3,2,1,3,0,
10312,臺北市士林區,名山里,10,4,6,3,3,0,4,3,
10312,臺北市士林區,天和里,6,4,2,4,2,2,7,0,
10312,臺北市士林區,天壽里,8,4,4,1,0,1,2,2,
10312,臺北市士林區,天山里,5,2,3,6,3,3,3,2,
10312,臺北市士林區,天母里,6,1,5,3,1,2,3,1,
10312,臺北市士林區,天玉里,11,4,7,2,0,2,8,0,
10312,臺北市士林區,天祿里,5,2,3,3,1,2,6,0,
10312,臺北市士林區,天福里,9,1,8,5,2,3,8,0,
10312,臺北市士林區,富光里,2,0,2,4,3,1,7,1,
10312,臺北市士林區,富洲里,12,5,7,5,2,3,8,0,
10312,臺北市士林區,岩山里,2,1,1,0,0,0,1,0,
10312,臺北市士林區,平等里,0,0,0,1,1,0,2,0,
10312,臺北市士林區,後港里,11,7,4,5,2,3,2,1,
10312,臺北市士林區,德華里,4,2,2,2,0,2,2,0,
10312,臺北市士林區,德行里,2,2,0,2,2,0,6,0,
10312,臺北市士林區,忠誠里,6,3,3,1,1,0,4,3,
10312,臺北市士林區,承德里,6,5,1,6,3,3,4,1,
10312,臺北市士林區,新安里,3,3,0,0,0,0,2,0,
10312,臺北市士林區,明勝里,9,4,5,5,3,2,2,4,
10312,臺北市士林區,東山里,4,3,1,1,0,1,4,0,
10312,臺北市士林區,永倫里,8,3,5,7,4,3,8,2,
10312,臺北市士林區,永福里,1,0,1,3,3,0,0,0,
10312,臺北市士林區,溪山里,3,0,3,0,0,0,0,0,
10312,臺北市士林區,百齡里,17,8,9,3,1,2,7,3,
10312,臺北市士林區,社園里,7,5,2,4,3,1,7,1,
10312,臺北市士林區,社子里,8,2,6,3,1,2,5,2,
10312,臺北市士林區,社新里,8,6,2,5,3,2,7,1,
10312,臺北市士林區,福中里,9,5,4,3,2,1,9,4,
10312,臺北市士林區,福佳里,13,6,7,4,3,1,10,0,
10312,臺北市士林區,福安里,6,2,4,5,5,0,7,1,
10312,臺北市士林區,福德里,4,3,1,5,5,0,0,1,
10312,臺北市士林區,福志里,5,2,3,8,5,3,3,4,
10312,臺北市士林區,福林里,8,2,6,4,2,2,3,0,
10312,臺北市士林區,福華里,7,4,3,3,1,2,4,3,
10312,臺北市士林區,福順里,7,1,6,5,1,4,5,3,
10312,臺北市士林區,義信里,5,3,2,4,3,1,3,1,
10312,臺北市士林區,翠山里,1,0,1,3,2,1,2,0,
10312,臺北市士林區,聖山里,6,5,1,3,3,0,3,1,
10312,臺北市士林區,臨溪里,2,1,1,1,1,0,0,0,
10312,臺北市士林區,舊佳里,10,4,6,9,4,5,5,2,
10312,臺北市士林區,芝山里,11,3,8,4,1,3,7,1,
10312,臺北市士林區,菁山里,5,4,1,4,2,2,1,1,
10312,臺北市士林區,葫東里,7,1,6,1,0,1,3,1,
10312,臺北市士林區,葫蘆里,14,7,7,2,0,2,7,3,
10312,臺北市士林區,蘭興里,4,1,3,2,2,0,10,1,
10312,臺北市士林區,蘭雅里,8,3,5,6,2,4,3,0,
10312,臺北市士林區,陽明里,1,0,1,1,1,0,0,0,
10312,臺北市北投區,一德里,2,0,2,5,4,1,6,0,
10312,臺北市北投區,中和里,4,1,3,1,1,0,8,0,
10312,臺北市北投區,中央里,14,7,7,8,4,4,8,1,
10312,臺北市北投區,中庸里,4,1,3,1,1,0,2,0,
10312,臺北市北投區,中心里,8,2,6,2,1,1,3,1,
10312,臺北市北投區,八仙里,0,0,0,2,1,1,0,0,
10312,臺北市北投區,吉利里,10,6,4,1,0,1,4,0,
10312,臺北市北投區,吉慶里,10,5,5,4,2,2,3,1,
10312,臺北市北投區,大同里,9,4,5,3,3,0,4,2,
10312,臺北市北投區,大屯里,1,0,1,0,0,0,0,0,
10312,臺北市北投區,奇岩里,12,8,4,2,1,1,5,3,
10312,臺北市北投區,尊賢里,5,3,2,1,0,1,2,1,
10312,臺北市北投區,建民里,5,4,1,3,3,0,4,3,
10312,臺北市北投區,振華里,6,1,5,2,1,1,6,2,
10312,臺北市北投區,文化里,4,3,1,4,3,1,2,0,
10312,臺北市北投區,文林里,11,6,5,3,1,2,3,0,
10312,臺北市北投區,智仁里,12,5,7,4,4,0,4,1,
10312,臺北市北投區,東華里,2,1,1,2,1,1,2,2,
10312,臺北市北投區,林泉里,0,0,0,0,0,0,4,1,
10312,臺北市北投區,桃源里,10,5,5,3,1,2,13,0,
10312,臺北市北投區,榮光里,14,4,10,4,2,2,7,0,
10312,臺北市北投區,榮華里,9,7,2,4,2,2,6,3,
10312,臺北市北投區,永和里,8,5,3,3,1,2,5,3,
10312,臺北市北投區,永明里,8,3,5,1,0,1,4,1,
10312,臺北市北投區,永欣里,10,6,4,4,4,0,9,2,
10312,臺北市北投區,泉源里,0,0,0,4,2,2,1,2,
10312,臺北市北投區,洲美里,2,0,2,1,1,0,2,0,
10312,臺北市北投區,清江里,14,6,8,7,4,3,6,2,
10312,臺北市北投區,湖山里,0,0,0,3,3,0,4,1,
10312,臺北市北投區,湖田里,1,0,1,1,0,1,0,0,
10312,臺北市北投區,溫泉里,7,4,3,2,2,0,6,0,
10312,臺北市北投區,石牌里,9,4,5,2,2,0,6,2,
10312,臺北市北投區,福興里,7,3,4,4,2,2,6,3,
10312,臺北市北投區,秀山里,4,0,4,1,1,0,2,2,
10312,臺北市北投區,稻香里,8,5,3,2,2,0,9,1,
10312,臺北市北投區,立賢里,9,3,6,5,4,1,7,1,
10312,臺北市北投區,立農里,12,6,6,2,1,1,7,3,
10312,臺北市北投區,裕民里,11,5,6,4,3,1,3,0,
10312,臺北市北投區,豐年里,12,7,5,2,2,0,4,0,
10312,臺北市北投區,長安里,1,1,0,4,1,3,6,1,
10312,臺北市北投區,開明里,5,3,2,0,0,0,5,2,
10312,臺北市北投區,關渡里,14,4,10,13,8,5,14,0,
10312,高雄市鹽埕區,中原里,0,0,0,0,0,0,0,0,
10312,高雄市鹽埕區,中山里,1,0,1,2,2,0,1,0,
10312,高雄市鹽埕區,光明里,2,1,1,0,0,0,1,0,
10312,高雄市鹽埕區,南端里,0,0,0,0,0,0,0,0,
10312,高雄市鹽埕區,博愛里,0,0,0,1,1,0,0,0,
10312,高雄市鹽埕區,壽星里,1,1,0,1,0,1,1,1,
10312,高雄市鹽埕區,府北里,0,0,0,3,3,0,2,0,
10312,高雄市鹽埕區,慈愛里,0,0,0,1,0,1,0,0,
10312,高雄市鹽埕區,教仁里,1,0,1,4,3,1,2,1,
10312,高雄市鹽埕區,新化里,1,1,0,1,1,0,1,0,
10312,高雄市鹽埕區,新樂里,2,1,1,1,1,0,0,1,
10312,高雄市鹽埕區,新豐里,2,2,0,0,0,0,0,0,
10312,高雄市鹽埕區,江南里,0,0,0,0,0,0,1,0,
10312,高雄市鹽埕區,江西里,0,0,0,3,3,0,1,0,
10312,高雄市鹽埕區,沙地里,0,0,0,1,1,0,0,0,
10312,高雄市鹽埕區,河濱里,1,1,0,0,0,0,0,2,
10312,高雄市鹽埕區,港都里,0,0,0,1,0,1,1,0,
10312,高雄市鹽埕區,瀨南里,0,0,0,2,0,2,1,0,
10312,高雄市鹽埕區,育仁里,1,1,0,1,0,1,0,0,
10312,高雄市鹽埕區,藍橋里,0,0,0,1,1,0,0,0,
10312,高雄市鹽埕區,陸橋里,0,0,0,2,1,1,1,0,
10312,高雄市鼓山區,光化里,0,0,0,2,2,0,0,0,
10312,高雄市鼓山區,光榮里,3,0,3,4,3,1,3,0,
10312,高雄市鼓山區,內惟里,3,3,0,1,0,1,0,1,
10312,高雄市鼓山區,前峰里,3,3,0,3,1,2,2,0,
10312,高雄市鼓山區,厚生里,2,1,1,1,1,0,3,1,
10312,高雄市鼓山區,哨船頭里,0,0,0,0,0,0,2,0,
10312,高雄市鼓山區,壽山里,0,0,0,1,1,0,0,0,
10312,高雄市鼓山區,寶樹里,0,0,0,1,1,0,1,1,
10312,高雄市鼓山區,山下里,1,1,0,2,1,1,0,1,
10312,高雄市鼓山區,峰南里,0,0,0,1,1,0,0,0,
10312,高雄市鼓山區,平和里,2,2,0,6,4,2,4,0,
10312,高雄市鼓山區,延平里,1,0,1,0,0,0,0,0,
10312,高雄市鼓山區,建國里,3,3,0,2,2,0,1,0,
10312,高雄市鼓山區,忠正里,2,1,1,6,4,2,3,1,
10312,高雄市鼓山區,惠安里,2,1,1,0,0,0,1,2,
10312,高雄市鼓山區,新民里,0,0,0,3,1,2,2,1,
10312,高雄市鼓山區,明誠里,15,4,11,10,6,4,17,9,
10312,高雄市鼓山區,桃源里,0,0,0,0,0,0,1,0,
10312,高雄市鼓山區,樹德里,0,0,0,1,1,0,1,0,
10312,高雄市鼓山區,正德里,2,2,0,0,0,0,6,0,
10312,高雄市鼓山區,民強里,2,1,1,2,2,0,2,0,
10312,高雄市鼓山區,民族里,1,1,0,3,0,3,0,1,
10312,高雄市鼓山區,河邊里,2,0,2,2,1,1,0,0,
10312,高雄市鼓山區,登山里,0,0,0,2,2,0,0,0,
10312,高雄市鼓山區,綠川里,0,0,0,2,2,0,3,0,
10312,高雄市鼓山區,維生里,0,0,0,3,1,2,0,0,
10312,高雄市鼓山區,自強里,0,0,0,0,0,0,0,0,
10312,高雄市鼓山區,興宗里,2,2,0,0,0,0,2,0,
10312,高雄市鼓山區,華豐里,2,0,2,1,1,0,1,0,
10312,高雄市鼓山區,裕興里,2,2,0,4,2,2,3,0,
10312,高雄市鼓山區,裕豐里,2,2,0,4,2,2,6,0,
10312,高雄市鼓山區,雄峰里,1,1,0,3,2,1,1,0,
10312,高雄市鼓山區,麗興里,0,0,0,2,1,1,2,0,
10312,高雄市鼓山區,鼓岩里,1,1,0,1,1,0,2,1,
10312,高雄市鼓山區,鼓峰里,3,3,0,3,2,1,1,0,
10312,高雄市鼓山區,龍井里,3,1,2,1,1,0,1,0,
10312,高雄市鼓山區,龍子里,31,14,17,5,4,1,13,3,
10312,高雄市鼓山區,龍水里,41,28,13,2,1,1,16,5,
10312,高雄市左營區,中北里,0,0,0,1,0,1,0,0,
10312,高雄市左營區,中南里,0,0,0,1,1,0,0,0,
10312,高雄市左營區,光輝里,3,2,1,1,1,0,3,0,
10312,高雄市左營區,合群里,2,2,0,5,3,2,2,0,
10312,高雄市左營區,城南里,0,0,0,0,0,0,0,0,
10312,高雄市左營區,埤北里,1,1,0,0,0,0,1,0,
10312,高雄市左營區,埤東里,2,1,1,3,1,2,1,0,
10312,高雄市左營區,埤西里,0,0,0,1,0,1,2,0,
10312,高雄市左營區,尾北里,2,1,1,4,1,3,4,1,
10312,高雄市左營區,尾南里,0,0,0,0,0,0,1,0,
10312,高雄市左營區,尾西里,0,0,0,3,1,2,1,1,
10312,高雄市左營區,屏山里,0,0,0,6,6,0,1,0,
10312,高雄市左營區,崇實里,7,1,6,1,0,1,12,0,
10312,高雄市左營區,廍北里,1,0,1,1,1,0,1,0,
10312,高雄市左營區,廍南里,0,0,0,2,1,1,0,0,
10312,高雄市左營區,廟北里,1,1,0,3,1,2,1,0,
10312,高雄市左營區,廟東里,0,0,0,0,0,0,1,0,
10312,高雄市左營區,新上里,23,12,11,15,9,6,20,3,
10312,高雄市左營區,新下里,9,8,1,9,6,3,7,3,
10312,高雄市左營區,新中里,8,3,5,4,2,2,2,1,
10312,高雄市左營區,新光里,15,9,6,3,2,1,9,3,
10312,高雄市左營區,明建里,3,0,3,1,1,0,0,0,
10312,高雄市左營區,果峰里,1,0,1,4,4,0,2,1,
10312,高雄市左營區,果惠里,1,1,0,2,0,2,1,1,
10312,高雄市左營區,果貿里,2,0,2,11,8,3,3,2,
10312,高雄市左營區,永清里,2,0,2,5,5,0,0,0,
10312,高雄市左營區,海勝里,6,3,3,13,6,7,4,2,
10312,高雄市左營區,祥和里,0,0,0,0,0,0,0,0,
10312,高雄市左營區,福山里,36,23,13,11,6,5,32,8,
10312,高雄市左營區,聖南里,1,0,1,0,0,0,1,1,
10312,高雄市左營區,聖后里,0,0,0,2,2,0,0,0,
10312,高雄市左營區,聖西里,0,0,0,0,0,0,0,0,
10312,高雄市左營區,自助里,0,0,0,0,0,0,0,1,
10312,高雄市左營區,莒光里,0,0,0,2,1,1,1,1,
10312,高雄市左營區,菜公里,30,13,17,14,12,2,31,7,
10312,高雄市左營區,路東里,0,0,0,1,1,0,3,0,
10312,高雄市左營區,進學里,1,1,0,4,4,0,1,0,
10312,高雄市左營區,頂北里,1,0,1,1,1,0,0,0,
10312,高雄市左營區,頂西里,2,0,2,0,0,0,1,0,
10312,高雄市楠梓區,中和里,3,0,3,3,2,1,2,0,
10312,高雄市楠梓區,中興里,3,2,1,0,0,0,1,1,
10312,高雄市楠梓區,中陽里,0,0,0,2,1,1,1,0,
10312,高雄市楠梓區,久昌里,3,3,0,2,1,1,4,0,
10312,高雄市楠梓區,五常里,3,2,1,6,5,1,7,1,
10312,高雄市楠梓區,享平里,4,2,2,0,0,0,1,2,
10312,高雄市楠梓區,仁昌里,7,4,3,4,1,3,3,0,
10312,高雄市楠梓區,加昌里,22,13,9,4,2,2,10,3,
10312,高雄市楠梓區,和昌里,1,1,0,2,2,0,0,1,
10312,高雄市楠梓區,國昌里,3,3,0,3,2,1,6,1,
10312,高雄市楠梓區,大昌里,1,0,1,2,1,1,1,0,
10312,高雄市楠梓區,宏南里,0,0,0,0,0,0,2,0,
10312,高雄市楠梓區,宏昌里,4,1,3,1,0,1,5,2,
10312,高雄市楠梓區,宏榮里,3,2,1,2,2,0,2,0,
10312,高雄市楠梓區,宏毅里,0,0,0,2,2,0,2,1,
10312,高雄市楠梓區,廣昌里,4,2,2,4,1,3,1,0,
10312,高雄市楠梓區,建昌里,1,1,0,7,6,1,5,2,
10312,高雄市楠梓區,惠楠里,2,1,1,2,2,0,7,0,
10312,高雄市楠梓區,惠民里,4,2,2,4,3,1,4,0,
10312,高雄市楠梓區,惠豐里,4,2,2,2,1,1,3,2,
10312,高雄市楠梓區,慶昌里,2,0,2,2,1,1,2,1,
10312,高雄市楠梓區,東寧里,5,4,1,0,0,0,5,0,
10312,高雄市楠梓區,泰昌里,2,2,0,3,2,1,1,1,
10312,高雄市楠梓區,清豐里,32,15,17,8,3,5,27,2,
10312,高雄市楠梓區,玉屏里,3,0,3,3,3,0,1,0,
10312,高雄市楠梓區,瑞屏里,3,2,1,2,0,2,2,1,
10312,高雄市楠梓區,盛昌里,3,2,1,2,2,0,2,1,
10312,高雄市楠梓區,福昌里,1,1,0,0,0,0,3,0,
10312,高雄市楠梓區,秀昌里,1,0,1,3,3,0,2,0,
10312,高雄市楠梓區,稔田里,1,0,1,1,1,0,0,0,
10312,高雄市楠梓區,翠屏里,14,7,7,7,6,1,8,3,
10312,高雄市楠梓區,興昌里,6,4,2,3,3,0,3,2,
10312,高雄市楠梓區,藍田里,4,1,3,2,0,2,5,1,
10312,高雄市楠梓區,裕昌里,6,2,4,3,1,2,7,1,
10312,高雄市楠梓區,金田里,4,2,2,0,0,0,0,0,
10312,高雄市楠梓區,錦屏里,4,2,2,0,0,0,4,0,
10312,高雄市楠梓區,隆昌里,1,0,1,2,1,1,1,2,
10312,高雄市三民一,力行里,2,1,1,0,0,0,0,0,
10312,高雄市三民一,十全里,3,2,1,3,2,1,0,0,
10312,高雄市三民一,十美里,2,2,0,2,1,1,0,1,
10312,高雄市三民一,千北里,0,0,0,2,2,0,0,0,
10312,高雄市三民一,千歲里,0,0,0,0,0,0,1,0,
10312,高雄市三民一,千秋里,1,1,0,3,3,0,5,1,
10312,高雄市三民一,博惠里,4,3,1,2,2,0,3,1,
10312,高雄市三民一,博愛里,1,0,1,0,0,0,2,0,
10312,高雄市三民一,同德里,3,2,1,2,1,1,3,0,
10312,高雄市三民一,安和里,2,1,1,4,3,1,0,0,
10312,高雄市三民一,安宜里,1,1,0,3,0,3,3,0,
10312,高雄市三民一,安東里,2,1,1,3,2,1,4,0,
10312,高雄市三民一,安泰里,5,4,1,3,3,0,6,0,
10312,高雄市三民一,安生里,0,0,0,4,2,2,1,1,
10312,高雄市三民一,安邦里,3,1,2,1,1,0,3,0,
10312,高雄市三民一,川東里,1,1,0,1,1,0,0,1,
10312,高雄市三民一,建東里,1,0,1,2,2,0,1,0,
10312,高雄市三民一,德仁里,4,3,1,2,1,1,3,1,
10312,高雄市三民一,德北里,1,1,0,4,3,1,0,0,
10312,高雄市三民一,德智里,4,1,3,0,0,0,0,1,
10312,高雄市三民一,德東里,3,0,3,2,1,1,0,0,
10312,高雄市三民一,德行里,2,2,0,2,1,1,1,0,
10312,高雄市三民一,德西里,0,0,0,3,3,0,0,0,
10312,高雄市三民一,民享里,3,2,1,3,2,1,2,0,
10312,高雄市三民一,港新里,0,0,0,1,1,0,1,1,
10312,高雄市三民一,港東里,0,0,0,0,0,0,2,0,
10312,高雄市三民一,港西里,0,0,0,1,0,1,0,1,
10312,高雄市三民一,立德里,0,0,0,0,0,0,1,2,
10312,高雄市三民一,立業里,0,0,0,0,0,0,2,0,
10312,高雄市三民一,立誠里,1,0,1,2,2,0,1,0,
10312,高雄市三民一,精華里,2,0,2,2,0,2,0,1,
10312,高雄市三民一,興德里,4,3,1,1,1,0,0,0,
10312,高雄市三民一,裕民里,2,1,1,1,0,1,1,1,
10312,高雄市三民一,豐裕里,1,0,1,4,2,2,1,0,
10312,高雄市三民一,達仁里,2,1,1,1,0,1,2,0,
10312,高雄市三民一,達勇里,0,0,0,0,0,0,3,0,
10312,高雄市三民一,達德里,1,1,0,2,1,1,2,0,
10312,高雄市三民一,達明里,2,1,1,4,3,1,1,0,
10312,高雄市三民一,長明里,0,0,0,1,1,0,1,0,
10312,高雄市三民一,鳳北里,1,0,1,3,2,1,0,0,
10312,高雄市三民一,鳳南里,0,0,0,1,1,0,0,0,
10312,高雄市三民二,安吉里,8,6,2,5,1,4,3,1,
10312,高雄市三民二,安寧里,1,0,1,2,1,1,1,0,
10312,高雄市三民二,安康里,2,1,1,2,0,2,1,2,
10312,高雄市三民二,安發里,5,0,5,4,3,1,6,0,
10312,高雄市三民二,寶中里,4,2,2,2,1,1,2,2,
10312,高雄市三民二,寶國里,8,4,4,4,3,1,2,1,
10312,高雄市三民二,寶安里,8,5,3,6,4,2,2,2,
10312,高雄市三民二,寶德里,3,1,2,2,1,1,3,1,
10312,高雄市三民二,寶慶里,1,1,0,2,1,1,1,2,
10312,高雄市三民二,寶業里,4,2,2,5,4,1,4,2,
10312,高雄市三民二,寶民里,4,4,0,1,0,1,2,0,
10312,高雄市三民二,寶泰里,3,2,1,1,0,1,4,2,
10312,高雄市三民二,寶獅里,3,3,0,2,2,0,4,1,
10312,高雄市三民二,寶玉里,7,3,4,1,1,0,7,2,
10312,高雄市三民二,寶珠里,7,2,5,2,0,2,5,0,
10312,高雄市三民二,寶盛里,6,4,2,3,3,0,6,1,
10312,高雄市三民二,寶興里,2,2,0,3,2,1,4,1,
10312,高雄市三民二,寶華里,2,1,1,1,0,1,2,2,
10312,高雄市三民二,寶龍里,2,2,0,2,1,1,10,1,
10312,高雄市三民二,本上里,9,4,5,4,1,3,3,0,
10312,高雄市三民二,本元里,6,3,3,7,5,2,5,1,
10312,高雄市三民二,本和里,7,4,3,0,0,0,9,1,
10312,高雄市三民二,本安里,4,0,4,3,2,1,1,0,
10312,高雄市三民二,本揚里,8,5,3,6,4,2,7,2,
10312,高雄市三民二,本文里,2,1,1,1,0,1,2,1,
10312,高雄市三民二,本武里,2,1,1,0,0,0,0,0,
10312,高雄市三民二,本館里,7,4,3,8,6,2,3,3,
10312,高雄市三民二,正興里,12,8,4,6,5,1,10,1,
10312,高雄市三民二,正順里,7,4,3,0,0,0,4,1,
10312,高雄市三民二,灣中里,4,2,2,4,3,1,9,2,
10312,高雄市三民二,灣利里,3,2,1,1,1,0,0,0,
10312,高雄市三民二,灣勝里,0,0,0,4,3,1,1,1,
10312,高雄市三民二,灣子里,3,2,1,0,0,0,4,0,
10312,高雄市三民二,灣復里,7,0,7,5,2,3,1,0,
10312,高雄市三民二,灣愛里,1,0,1,2,2,0,1,0,
10312,高雄市三民二,灣成里,1,1,0,3,2,1,1,2,
10312,高雄市三民二,灣興里,2,1,1,1,1,0,3,1,
10312,高雄市三民二,灣華里,3,0,3,2,1,1,1,1,
10312,高雄市三民二,鼎中里,1,1,0,1,1,0,4,1,
10312,高雄市三民二,鼎力里,2,0,2,4,1,3,4,1,
10312,高雄市三民二,鼎強里,7,5,2,1,1,0,2,2,
10312,高雄市三民二,鼎泰里,18,13,5,5,4,1,19,3,
10312,高雄市三民二,鼎盛里,4,1,3,8,4,4,5,0,
10312,高雄市三民二,鼎西里,15,9,6,1,1,0,14,2,
10312,高雄市三民二,鼎金里,5,2,3,2,2,0,5,0,
10312,高雄市新興區,中東里,3,3,0,1,0,1,2,1,
10312,高雄市新興區,仁聲里,1,0,1,1,0,1,0,0,
10312,高雄市新興區,光耀里,1,0,1,1,1,0,0,0,
10312,高雄市新興區,南港里,2,0,2,1,1,0,4,1,
10312,高雄市新興區,大明里,1,0,1,2,1,1,1,0,
10312,高雄市新興區,建興里,0,0,0,0,0,0,1,0,
10312,高雄市新興區,建華里,0,0,0,2,1,1,0,0,
10312,高雄市新興區,德政里,1,1,0,1,1,0,0,0,
10312,高雄市新興區,德望里,1,1,0,0,0,0,1,0,
10312,高雄市新興區,德生里,2,0,2,0,0,0,2,0,
10312,高雄市新興區,愛平里,1,0,1,0,0,0,1,0,
10312,高雄市新興區,成功里,0,0,0,0,0,0,1,0,
10312,高雄市新興區,振成里,3,2,1,3,0,3,0,0,
10312,高雄市新興區,振華里,0,0,0,2,1,1,0,1,
10312,高雄市新興區,文昌里,0,0,0,0,0,0,0,1,
10312,高雄市新興區,新江里,2,1,1,1,1,0,0,0,
10312,高雄市新興區,明莊里,0,0,0,1,0,1,0,0,
10312,高雄市新興區,東坡里,1,1,0,2,1,1,2,0,
10312,高雄市新興區,榮治里,0,0,0,2,0,2,0,1,
10312,高雄市新興區,正氣里,0,0,0,2,0,2,0,1,
10312,高雄市新興區,永寧里,2,0,2,3,2,1,1,0,
10312,高雄市新興區,浩然里,0,0,0,1,1,0,2,0,
10312,高雄市新興區,漢民里,0,0,0,1,1,0,0,0,
10312,高雄市新興區,玉衡里,0,0,0,1,0,1,1,0,
10312,高雄市新興區,秋山里,1,0,1,2,1,1,1,0,
10312,高雄市新興區,興昌里,1,0,1,3,3,0,2,0,
10312,高雄市新興區,華聲里,1,1,0,1,1,0,0,0,
10312,高雄市新興區,蕉園里,1,1,0,2,1,1,0,0,
10312,高雄市新興區,長驛里,4,2,2,4,3,1,1,0,
10312,高雄市新興區,開平里,4,3,1,1,0,1,2,0,
10312,高雄市新興區,順昌里,2,1,1,2,1,1,1,2,
10312,高雄市新興區,黎明里,0,0,0,1,1,0,2,0,
10312,高雄市前金區,三川里,1,0,1,0,0,0,0,0,
10312,高雄市前金區,北金里,0,0,0,0,0,0,0,1,
10312,高雄市前金區,博孝里,0,0,0,2,2,0,1,0,
10312,高雄市前金區,國民里,0,0,0,2,1,1,0,0,
10312,高雄市前金區,後金里,0,0,0,2,0,2,1,0,
10312,高雄市前金區,復元里,0,0,0,0,0,0,0,1,
10312,高雄市前金區,文東里,2,1,1,1,1,0,1,1,
10312,高雄市前金區,文西里,1,0,1,0,0,0,0,0,
10312,高雄市前金區,新生里,4,2,2,3,3,0,5,2,
10312,高雄市前金區,東金里,1,1,0,0,0,0,4,0,
10312,高雄市前金區,林投里,2,1,1,2,0,2,1,0,
10312,高雄市前金區,榮復里,0,0,0,1,1,0,0,0,
10312,高雄市前金區,民生里,0,0,0,1,0,1,0,0,
10312,高雄市前金區,社東里,1,1,0,3,3,0,4,0,
10312,高雄市前金區,社西里,0,0,0,0,0,0,0,0,
10312,高雄市前金區,草江里,0,0,0,1,1,0,3,0,
10312,高雄市前金區,長城里,0,0,0,2,0,2,4,0,
10312,高雄市前金區,長生里,1,0,1,0,0,0,1,0,
10312,高雄市前金區,長興里,0,0,0,2,1,1,0,0,
10312,高雄市前金區,青山里,4,2,2,1,1,0,2,0,
10312,高雄市苓雅區,中正里,7,2,5,1,0,1,1,0,
10312,高雄市苓雅區,五權里,3,2,1,3,2,1,1,1,
10312,高雄市苓雅區,五福里,7,3,4,3,2,1,3,1,
10312,高雄市苓雅區,人和里,3,1,2,0,0,0,1,1,
10312,高雄市苓雅區,仁政里,0,0,0,1,0,1,1,0,
10312,高雄市苓雅區,光華里,2,2,0,1,1,0,1,1,
10312,高雄市苓雅區,凱旋里,2,2,0,1,0,1,1,1,
10312,高雄市苓雅區,博仁里,1,0,1,1,0,1,0,0,
10312,高雄市苓雅區,同慶里,6,3,3,2,2,0,1,1,
10312,高雄市苓雅區,和煦里,1,0,1,1,0,1,2,1,
10312,高雄市苓雅區,城北里,1,0,1,1,1,0,1,0,
10312,高雄市苓雅區,城東里,2,1,1,0,0,0,2,1,
10312,高雄市苓雅區,城西里,0,0,0,0,0,0,1,0,
10312,高雄市苓雅區,奏捷里,0,0,0,1,1,0,1,1,
10312,高雄市苓雅區,安祥里,0,0,0,1,0,1,0,0,
10312,高雄市苓雅區,尚義里,0,0,0,0,0,0,1,0,
10312,高雄市苓雅區,廣澤里,3,1,2,2,1,1,0,1,
10312,高雄市苓雅區,建軍里,1,0,1,2,1,1,3,1,
10312,高雄市苓雅區,意誠里,5,1,4,2,1,1,3,2,
10312,高雄市苓雅區,文昌里,2,0,2,1,1,0,5,2,
10312,高雄市苓雅區,日中里,0,0,0,1,1,0,3,1,
10312,高雄市苓雅區,普天里,2,1,1,3,2,1,1,0,
10312,高雄市苓雅區,普照里,7,5,2,1,0,1,4,0,
10312,高雄市苓雅區,晴朗里,1,0,1,3,3,0,0,0,
10312,高雄市苓雅區,朝陽里,2,2,0,3,2,1,1,0,
10312,高雄市苓雅區,林中里,3,1,2,3,2,1,2,2,
10312,高雄市苓雅區,林南里,6,3,3,3,2,1,1,0,
10312,高雄市苓雅區,林圍里,2,1,1,1,1,0,0,0,
10312,高雄市苓雅區,林安里,3,1,2,1,0,1,0,1,
10312,高雄市苓雅區,林富里,2,2,0,1,1,0,3,0,
10312,高雄市苓雅區,林德里,1,1,0,2,0,2,1,1,
10312,高雄市苓雅區,林榮里,2,2,0,3,2,1,3,0,
10312,高雄市苓雅區,林泉里,2,2,0,1,1,0,3,2,
10312,高雄市苓雅區,林興里,0,0,0,1,0,1,1,0,
10312,高雄市苓雅區,林華里,3,2,1,5,2,3,1,0,
10312,高雄市苓雅區,林西里,0,0,0,0,0,0,1,0,
10312,高雄市苓雅區,林貴里,1,0,1,2,1,1,4,0,
10312,高雄市苓雅區,林靖里,1,0,1,2,1,1,0,0,
10312,高雄市苓雅區,正仁里,3,2,1,2,2,0,2,0,
10312,高雄市苓雅區,正大里,6,6,0,2,2,0,7,2,
10312,高雄市苓雅區,正心里,2,0,2,1,1,0,3,0,
10312,高雄市苓雅區,正文里,1,0,1,3,1,2,3,0,
10312,高雄市苓雅區,正義里,5,3,2,4,2,2,1,0,
10312,高雄市苓雅區,正言里,5,1,4,1,1,0,3,1,
10312,高雄市苓雅區,正道里,4,1,3,3,2,1,3,3,
10312,高雄市苓雅區,民主里,2,1,1,2,0,2,2,1,
10312,高雄市苓雅區,永康里,2,2,0,2,1,1,1,0,
10312,高雄市苓雅區,田西里,1,0,1,2,1,1,1,0,
10312,高雄市苓雅區,福人里,2,1,1,1,1,0,0,1,
10312,高雄市苓雅區,福南里,0,0,0,2,0,2,1,1,
10312,高雄市苓雅區,福地里,1,1,0,4,3,1,2,0,
10312,高雄市苓雅區,福壽里,0,0,0,2,1,1,0,0,
10312,高雄市苓雅區,福居里,3,0,3,2,1,1,2,0,
10312,高雄市苓雅區,福康里,2,1,1,2,1,1,4,0,
10312,高雄市苓雅區,福東里,0,0,0,1,1,0,3,1,
10312,高雄市苓雅區,福海里,2,0,2,1,0,1,0,0,
10312,高雄市苓雅區,福祥里,0,0,0,1,1,0,0,1,
10312,高雄市苓雅區,福西里,3,1,2,2,0,2,3,1,
10312,高雄市苓雅區,福隆里,0,0,0,2,2,0,2,0,
10312,高雄市苓雅區,美田里,2,0,2,1,1,0,0,0,
10312,高雄市苓雅區,苓中里,7,2,5,2,0,2,1,1,
10312,高雄市苓雅區,苓昇里,1,0,1,2,2,0,0,2,
10312,高雄市苓雅區,苓東里,1,1,0,2,2,0,2,1,
10312,高雄市苓雅區,苓洲里,2,1,1,0,0,0,1,0,
10312,高雄市苓雅區,苓雅里,1,1,0,3,2,1,1,0,
10312,高雄市苓雅區,英明里,0,0,0,1,0,1,1,0,
10312,高雄市苓雅區,華堂里,1,1,0,0,0,0,3,0,
10312,高雄市苓雅區,衛武里,0,0,0,6,4,2,0,0,
10312,高雄市苓雅區,鼓中里,0,0,0,2,2,0,1,0,
10312,高雄市前鎮區,仁愛里,3,1,2,3,2,1,0,0,
10312,高雄市前鎮區,信德里,3,1,2,4,1,3,2,1,
10312,高雄市前鎮區,信義里,2,2,0,1,1,0,0,0,
10312,高雄市前鎮區,前鎮里,2,1,1,2,2,0,0,0,
10312,高雄市前鎮區,平昌里,0,0,0,2,1,1,0,0,
10312,高雄市前鎮區,平等里,1,0,1,1,1,0,3,1,
10312,高雄市前鎮區,建隆里,2,1,1,0,0,0,1,1,
10312,高雄市前鎮區,復國里,1,1,0,3,2,1,0,0,
10312,高雄市前鎮區,德昌里,1,0,1,4,3,1,1,0,
10312,高雄市前鎮區,忠孝里,5,2,3,1,1,0,4,2,
10312,高雄市前鎮區,忠純里,2,2,0,6,3,3,2,0,
10312,高雄市前鎮區,忠誠里,2,1,1,4,4,0,2,0,
10312,高雄市前鎮區,振興里,3,2,1,1,0,1,2,0,
10312,高雄市前鎮區,明孝里,4,2,2,2,2,0,3,0,
10312,高雄市前鎮區,明正里,8,5,3,0,0,0,5,1,
10312,高雄市前鎮區,明禮里,1,1,0,2,1,1,1,0,
10312,高雄市前鎮區,明義里,4,2,2,1,1,0,1,1,
10312,高雄市前鎮區,明道里,0,0,0,3,1,2,3,0,
10312,高雄市前鎮區,民權里,5,3,2,1,1,0,3,0,
10312,高雄市前鎮區,瑞北里,1,1,0,2,1,1,4,2,
10312,高雄市前鎮區,瑞南里,7,2,5,5,3,2,4,2,
10312,高雄市前鎮區,瑞和里,0,0,0,3,2,1,0,0,
10312,高雄市前鎮區,瑞崗里,3,3,0,1,1,0,2,0,
10312,高雄市前鎮區,瑞平里,4,2,2,2,2,0,3,0,
10312,高雄市前鎮區,瑞文里,0,0,0,4,4,0,2,0,
10312,高雄市前鎮區,瑞昌里,3,1,2,0,0,0,6,2,
10312,高雄市前鎮區,瑞東里,1,1,0,0,0,0,1,1,
10312,高雄市前鎮區,瑞祥里,4,1,3,3,1,2,3,1,
10312,高雄市前鎮區,瑞竹里,2,1,1,3,3,0,2,0,
10312,高雄市前鎮區,瑞興里,4,2,2,1,1,0,2,3,
10312,高雄市前鎮區,瑞華里,6,2,4,1,1,0,3,0,
10312,高雄市前鎮區,瑞西里,2,1,1,0,0,0,2,1,
10312,高雄市前鎮區,瑞誠里,5,3,2,0,0,0,4,1,
10312,高雄市前鎮區,瑞豐里,1,0,1,4,2,2,2,1,
10312,高雄市前鎮區,瑞隆里,6,1,5,2,2,0,3,1,
10312,高雄市前鎮區,盛興里,2,0,2,1,0,1,0,0,
10312,高雄市前鎮區,盛豐里,1,0,1,4,3,1,0,0,
10312,高雄市前鎮區,竹中里,4,2,2,2,1,1,5,2,
10312,高雄市前鎮區,竹內里,3,1,2,3,1,2,1,0,
10312,高雄市前鎮區,竹北里,2,2,0,1,1,0,3,1,
10312,高雄市前鎮區,竹南里,13,11,2,1,1,0,3,7,
10312,高雄市前鎮區,竹東里,1,1,0,3,1,2,1,0,
10312,高雄市前鎮區,竹西里,1,0,1,5,5,0,4,2,
10312,高雄市前鎮區,興中里,2,2,0,1,1,0,2,0,
10312,高雄市前鎮區,興仁里,0,0,0,1,1,0,1,0,
10312,高雄市前鎮區,興化里,3,2,1,4,2,2,1,0,
10312,高雄市前鎮區,興東里,8,5,3,3,2,1,6,1,
10312,高雄市前鎮區,興邦里,6,3,3,0,0,0,3,1,
10312,高雄市前鎮區,良和里,3,2,1,1,1,0,1,0,
10312,高雄市前鎮區,草衙里,12,6,6,6,5,1,11,3,
10312,高雄市前鎮區,西山里,3,2,1,1,0,1,1,1,
10312,高雄市前鎮區,西甲里,1,1,0,1,1,0,0,0,
10312,高雄市前鎮區,鎮中里,0,0,0,3,3,0,0,0,
10312,高雄市前鎮區,鎮北里,1,0,1,0,0,0,0,0,
10312,高雄市前鎮區,鎮昌里,3,1,2,7,6,1,1,1,
10312,高雄市前鎮區,鎮東里,2,1,1,3,0,3,3,0,
10312,高雄市前鎮區,鎮榮里,1,1,0,3,1,2,3,0,
10312,高雄市前鎮區,鎮海里,3,2,1,6,4,2,4,0,
10312,高雄市前鎮區,鎮陽里,0,0,0,1,0,1,2,1,
10312,高雄市旗津區,上竹里,7,4,3,2,0,2,1,0,
10312,高雄市旗津區,中洲里,1,0,1,0,0,0,2,0,
10312,高雄市旗津區,中興里,3,0,3,3,3,0,3,2,
10312,高雄市旗津區,中華里,4,3,1,0,0,0,0,0,
10312,高雄市旗津區,北汕里,0,0,0,3,2,1,1,0,
10312,高雄市旗津區,南汕里,2,2,0,1,0,1,0,0,
10312,高雄市旗津區,安順里,0,0,0,0,0,0,1,0,
10312,高雄市旗津區,實踐里,1,1,0,1,1,0,1,0,
10312,高雄市旗津區,復興里,7,5,2,1,0,1,5,3,
10312,高雄市旗津區,慈愛里,3,1,2,3,3,0,2,0,
10312,高雄市旗津區,振興里,4,1,3,0,0,0,2,2,
10312,高雄市旗津區,旗下里,3,1,2,1,1,0,2,0,
10312,高雄市旗津區,永安里,0,0,0,3,2,1,2,1,
10312,高雄市小港區,三苓里,4,4,0,0,0,0,1,0,
10312,高雄市小港區,中厝里,4,3,1,1,1,0,1,0,
10312,高雄市小港區,二苓里,6,4,2,4,3,1,3,0,
10312,高雄市小港區,六苓里,3,1,2,0,0,0,2,0,
10312,高雄市小港區,合作里,7,6,1,2,1,1,5,0,
10312,高雄市小港區,坪頂里,8,5,3,1,0,1,8,2,
10312,高雄市小港區,大坪里,2,1,1,2,1,1,2,1,
10312,高雄市小港區,大苓里,3,3,0,2,2,0,1,0,
10312,高雄市小港區,孔宅里,1,0,1,1,0,1,3,1,
10312,高雄市小港區,宏亮里,4,2,2,1,0,1,3,1,
10312,高雄市小港區,小港里,3,1,2,1,0,1,3,0,
10312,高雄市小港區,山明里,10,4,6,7,4,3,9,2,
10312,高雄市小港區,山東里,5,2,3,3,3,0,1,4,
10312,高雄市小港區,店鎮里,6,3,3,5,4,1,4,2,
10312,高雄市小港區,廈莊里,4,1,3,0,0,0,5,1,
10312,高雄市小港區,松山里,8,4,4,1,1,0,6,2,
10312,高雄市小港區,松金里,0,0,0,1,0,1,1,0,
10312,高雄市小港區,桂林里,10,8,2,4,4,0,5,4,
10312,高雄市小港區,正苓里,4,2,2,0,0,0,4,2,
10312,高雄市小港區,泰山里,2,2,0,0,0,0,4,1,
10312,高雄市小港區,港南里,1,0,1,3,2,1,1,1,
10312,高雄市小港區,港口里,3,1,2,1,1,0,1,0,
10312,高雄市小港區,港后里,3,2,1,1,0,1,4,0,
10312,高雄市小港區,港墘里,2,1,1,1,1,0,0,1,
10312,高雄市小港區,港明里,3,1,2,2,1,1,2,2,
10312,高雄市小港區,港正里,2,1,1,3,2,1,1,1,
10312,高雄市小港區,港興里,3,2,1,1,0,1,5,0,
10312,高雄市小港區,濟南里,2,2,0,2,1,1,4,0,
10312,高雄市小港區,青島里,1,0,1,1,0,1,0,1,
10312,高雄市小港區,順苓里,1,0,1,2,2,0,1,1,
10312,高雄市小港區,高松里,7,6,1,2,1,1,1,1,
10312,高雄市小港區,鳳宮里,5,1,4,6,5,1,3,0,
10312,高雄市小港區,鳳林里,0,0,0,4,2,2,0,0,
10312,高雄市小港區,鳳森里,3,2,1,3,1,2,0,0,
10312,高雄市小港區,鳳源里,4,3,1,2,2,0,2,1,
10312,高雄市小港區,鳳興里,0,0,0,3,0,3,1,0,
10312,高雄市小港區,鳳鳴里,7,4,3,5,5,0,1,2,
10312,高雄市小港區,龍鳳里,5,4,1,3,1,2,1,0,
10312,高雄市鳳山一,三民里,2,1,1,1,1,0,1,0,
10312,高雄市鳳山一,中和里,1,0,1,2,2,0,0,0,
10312,高雄市鳳山一,中正里,0,0,0,3,2,1,1,1,
10312,高雄市鳳山一,光明里,0,0,0,2,2,0,3,0,
10312,高雄市鳳山一,北門里,5,1,4,0,0,0,1,1,
10312,高雄市鳳山一,協和里,1,1,0,3,3,0,3,0,
10312,高雄市鳳山一,南興里,0,0,0,0,0,0,0,0,
10312,高雄市鳳山一,和德里,1,0,1,1,0,1,1,1,
10312,高雄市鳳山一,和興里,5,1,4,1,1,0,1,1,
10312,高雄市鳳山一,埤頂里,3,1,2,2,1,1,9,3,
10312,高雄市鳳山一,忠孝里,5,2,3,6,4,2,8,1,
10312,高雄市鳳山一,忠義里,3,2,1,2,1,1,4,1,
10312,高雄市鳳山一,忠誠里,3,0,3,2,2,0,5,0,
10312,高雄市鳳山一,成功里,0,0,0,1,0,1,0,0,
10312,高雄市鳳山一,文山里,1,1,0,3,1,2,2,0,
10312,高雄市鳳山一,文德里,6,3,3,2,2,0,9,1,
10312,高雄市鳳山一,文福里,9,3,6,3,2,1,7,2,
10312,高雄市鳳山一,文英里,3,3,0,0,0,0,6,0,
10312,高雄市鳳山一,文華里,11,7,4,11,4,7,5,1,
10312,高雄市鳳山一,文衡里,6,3,3,2,2,0,7,0,
10312,高雄市鳳山一,新興里,0,0,0,6,5,1,1,0,
10312,高雄市鳳山一,曹公里,1,0,1,3,3,0,2,0,
10312,高雄市鳳山一,東門里,2,1,1,6,3,3,8,1,
10312,高雄市鳳山一,武松里,3,2,1,0,0,0,3,0,
10312,高雄市鳳山一,海光里,2,1,1,2,2,0,5,0,
10312,高雄市鳳山一,瑞竹里,1,1,0,5,1,4,3,0,
10312,高雄市鳳山一,瑞興里,4,2,2,2,1,1,3,1,
10312,高雄市鳳山一,生明里,3,1,2,2,1,1,3,1,
10312,高雄市鳳山一,縣口里,0,0,0,1,1,0,0,1,
10312,高雄市鳳山一,縣衙里,0,0,0,1,0,1,2,0,
10312,高雄市鳳山一,興中里,0,0,0,3,1,2,0,0,
10312,高雄市鳳山一,興仁里,5,1,4,0,0,0,2,2,
10312,高雄市鳳山一,誠信里,2,1,1,3,1,2,0,0,
10312,高雄市鳳山一,誠德里,2,0,2,4,1,3,1,0,
10312,高雄市鳳山一,誠智里,0,0,0,1,1,0,1,0,
10312,高雄市鳳山一,誠義里,4,4,0,4,2,2,5,1,
10312,高雄市鳳山一,鎮北里,11,7,4,4,3,1,15,4,
10312,高雄市鳳山一,鎮東里,1,0,1,1,0,1,1,0,
10312,高雄市鳳山一,鎮西里,4,2,2,4,3,1,5,2,
10312,高雄市鳳山一,鳳崗里,0,0,0,1,1,0,0,0,
10312,高雄市鳳山一,鳳東里,10,5,5,2,2,0,6,0,
10312,高雄市鳳山二,一甲里,6,3,3,0,0,0,1,1,
10312,高雄市鳳山二,中崙里,3,1,2,1,1,0,2,0,
10312,高雄市鳳山二,中榮里,1,1,0,2,1,1,6,0,
10312,高雄市鳳山二,中民里,8,5,3,5,3,2,7,0,
10312,高雄市鳳山二,二甲里,5,3,2,1,1,0,5,3,
10312,高雄市鳳山二,五福里,1,1,0,2,1,1,1,1,
10312,高雄市鳳山二,保安里,6,4,2,3,1,2,9,3,
10312,高雄市鳳山二,南和里,2,1,1,2,2,0,1,0,
10312,高雄市鳳山二,南成里,19,12,7,4,3,1,9,1,
10312,高雄市鳳山二,善美里,4,2,2,4,1,3,4,3,
10312,高雄市鳳山二,國光里,0,0,0,1,1,0,2,1,
10312,高雄市鳳山二,國富里,3,3,0,2,0,2,2,0,
10312,高雄市鳳山二,國泰里,1,1,0,6,4,2,4,2,
10312,高雄市鳳山二,國隆里,3,1,2,1,0,1,2,0,
10312,高雄市鳳山二,大德里,4,3,1,2,1,1,0,0,
10312,高雄市鳳山二,天興里,4,1,3,0,0,0,7,1,
10312,高雄市鳳山二,富榮里,1,0,1,1,1,0,2,2,
10312,高雄市鳳山二,富甲里,2,2,0,3,2,1,3,1,
10312,高雄市鳳山二,新富里,2,1,1,2,0,2,5,0,
10312,高雄市鳳山二,新強里,4,1,3,3,3,0,7,2,
10312,高雄市鳳山二,新樂里,2,2,0,1,0,1,2,0,
10312,高雄市鳳山二,新武里,2,2,0,1,1,0,3,1,
10312,高雄市鳳山二,新泰里,4,1,3,1,0,1,1,2,
10312,高雄市鳳山二,新甲里,1,0,1,1,0,1,5,0,
10312,高雄市鳳山二,正義里,7,5,2,8,6,2,5,3,
10312,高雄市鳳山二,武慶里,1,1,0,0,0,0,4,0,
10312,高雄市鳳山二,武漢里,8,4,4,4,3,1,4,2,
10312,高雄市鳳山二,海洋里,3,1,2,1,0,1,6,2,
10312,高雄市鳳山二,福祥里,3,1,2,2,2,0,3,0,
10312,高雄市鳳山二,福興里,3,3,0,3,3,0,5,1,
10312,高雄市鳳山二,福誠里,4,2,2,2,2,0,5,1,
10312,高雄市鳳山二,老爺里,8,4,4,2,1,1,4,4,
10312,高雄市鳳山二,過埤里,15,7,8,8,7,1,11,7,
10312,高雄市鳳山二,鎮南里,5,3,2,2,1,1,1,3,
10312,高雄市鳳山二,龍成里,3,0,3,1,0,1,2,4,
10312,高雄市林園區,中厝里,4,1,3,4,4,0,0,0,
10312,高雄市林園區,中汕里,0,0,0,3,3,0,2,0,
10312,高雄市林園區,中芸里,2,2,0,2,2,0,1,0,
10312,高雄市林園區,中門里,3,1,2,3,0,3,3,0,
10312,高雄市林園區,五福里,4,1,3,2,1,1,6,2,
10312,高雄市林園區,仁愛里,3,2,1,1,1,0,2,1,
10312,高雄市林園區,北汕里,2,1,1,4,4,0,1,0,
10312,高雄市林園區,廣應里,2,0,2,1,0,1,2,1,
10312,高雄市林園區,文賢里,1,1,0,5,3,2,3,1,
10312,高雄市林園區,東林里,1,1,0,3,2,1,1,0,
10312,高雄市林園區,東汕里,2,1,1,2,0,2,1,1,
10312,高雄市林園區,林內里,2,0,2,3,1,2,4,1,
10312,高雄市林園區,林園里,3,3,0,1,0,1,5,0,
10312,高雄市林園區,林家里,1,1,0,2,2,0,1,0,
10312,高雄市林園區,港嘴里,0,0,0,3,2,1,2,1,
10312,高雄市林園區,港埔里,2,0,2,2,0,2,2,1,
10312,高雄市林園區,溪州里,2,1,1,7,6,1,1,1,
10312,高雄市林園區,潭頭里,2,1,1,3,1,2,0,0,
10312,高雄市林園區,王公里,5,4,1,3,1,2,5,2,
10312,高雄市林園區,西汕里,1,1,0,1,0,1,1,0,
10312,高雄市林園區,西溪里,6,1,5,5,3,2,2,0,
10312,高雄市林園區,頂厝里,8,5,3,2,2,0,7,0,
10312,高雄市林園區,鳳芸里,0,0,0,3,2,1,1,0,
10312,高雄市林園區,龔厝里,0,0,0,1,1,0,3,0,
10312,高雄市大寮區,三隆里,3,1,2,1,1,0,4,2,
10312,高雄市大寮區,上寮里,4,1,3,1,0,1,2,0,
10312,高雄市大寮區,中庄里,16,9,7,5,2,3,8,3,
10312,高雄市大寮區,中興里,1,1,0,11,8,3,4,2,
10312,高雄市大寮區,光武里,0,0,0,2,2,0,0,0,
10312,高雄市大寮區,內坑里,4,1,3,3,2,1,5,3,
10312,高雄市大寮區,前庄里,0,0,0,2,1,1,0,1,
10312,高雄市大寮區,大寮里,3,0,3,4,2,2,8,2,
10312,高雄市大寮區,山頂里,7,4,3,13,9,4,10,1,
10312,高雄市大寮區,後庄里,8,5,3,2,1,1,4,1,
10312,高雄市大寮區,忠義里,0,0,0,2,1,1,0,0,
10312,高雄市大寮區,拷潭里,2,2,0,1,0,1,1,0,
10312,高雄市大寮區,新厝里,2,1,1,2,1,1,2,0,
10312,高雄市大寮區,昭明里,4,2,2,6,5,1,2,1,
10312,高雄市大寮區,會社里,7,7,0,6,2,4,3,1,
10312,高雄市大寮區,會結里,4,1,3,0,0,0,0,0,
10312,高雄市大寮區,永芳里,4,2,2,4,2,2,8,0,
10312,高雄市大寮區,江山里,0,0,0,1,1,0,0,0,
10312,高雄市大寮區,溪寮里,2,1,1,0,0,0,1,0,
10312,高雄市大寮區,潮寮里,2,1,1,3,1,2,3,3,
10312,高雄市大寮區,琉球里,6,5,1,7,6,1,5,2,
10312,高雄市大寮區,義仁里,4,2,2,1,0,1,1,2,
10312,高雄市大寮區,義和里,3,2,1,1,1,0,3,0,
10312,高雄市大寮區,翁園里,3,2,1,3,1,2,6,1,
10312,高雄市大寮區,過溪里,0,0,0,3,1,2,3,2,
10312,高雄市大樹區,三和里,0,0,0,3,2,1,1,0,
10312,高雄市大樹區,久堂里,4,2,2,4,3,1,3,0,
10312,高雄市大樹區,九曲里,1,0,1,5,2,3,4,0,
10312,高雄市大樹區,井腳里,1,1,0,2,2,0,2,0,
10312,高雄市大樹區,和山里,0,0,0,0,0,0,0,0,
10312,高雄市大樹區,大坑里,2,2,0,3,2,1,1,0,
10312,高雄市大樹區,大樹里,1,0,1,1,1,0,4,0,
10312,高雄市大樹區,姑山里,7,5,2,1,1,0,2,0,
10312,高雄市大樹區,小坪里,1,0,1,1,1,0,4,0,
10312,高雄市大樹區,檨腳里,5,1,4,7,5,2,3,0,
10312,高雄市大樹區,水安里,1,0,1,2,1,1,2,0,
10312,高雄市大樹區,水寮里,2,1,1,4,3,1,1,1,
10312,高雄市大樹區,溪埔里,1,1,0,0,0,0,0,0,
10312,高雄市大樹區,竹寮里,3,1,2,0,0,0,0,0,
10312,高雄市大樹區,統嶺里,2,1,1,1,1,0,1,0,
10312,高雄市大樹區,興山里,1,1,0,3,1,2,0,0,
10312,高雄市大樹區,興田里,0,0,0,1,0,1,0,0,
10312,高雄市大樹區,龍目里,1,1,0,3,1,2,3,0,
10312,高雄市大社區,三奶里,2,1,1,1,1,0,0,1,
10312,高雄市大社區,中里里,2,1,1,4,3,1,2,0,
10312,高雄市大社區,保安里,3,1,2,2,1,1,3,2,
10312,高雄市大社區,保社里,3,1,2,0,0,0,0,0,
10312,高雄市大社區,嘉誠里,2,1,1,2,1,1,1,0,
10312,高雄市大社區,大社里,2,2,0,1,0,1,5,0,
10312,高雄市大社區,神農里,4,3,1,3,3,0,8,0,
10312,高雄市大社區,翠屏里,3,2,1,0,0,0,3,0,
10312,高雄市大社區,觀音里,10,7,3,5,3,2,1,2,
10312,高雄市仁武區,中華里,2,1,1,1,1,0,3,0,
10312,高雄市仁武區,五和里,5,1,4,0,0,0,7,2,
10312,高雄市仁武區,仁和里,4,2,2,3,1,2,3,0,
10312,高雄市仁武區,仁慈里,3,3,0,2,0,2,5,0,
10312,高雄市仁武區,仁武里,2,1,1,2,2,0,8,1,
10312,高雄市仁武區,仁福里,1,0,1,1,1,0,0,0,
10312,高雄市仁武區,八卦里,25,14,11,7,5,2,14,1,
10312,高雄市仁武區,大灣里,3,2,1,1,0,1,7,2,
10312,高雄市仁武區,後安里,1,0,1,0,0,0,1,0,
10312,高雄市仁武區,文武里,16,8,8,7,6,1,14,1,
10312,高雄市仁武區,灣內里,14,7,7,6,5,1,9,3,
10312,高雄市仁武區,烏林里,5,3,2,6,3,3,3,2,
10312,高雄市仁武區,竹後里,2,2,0,0,0,0,1,1,
10312,高雄市仁武區,考潭里,3,1,2,1,1,0,2,0,
10312,高雄市仁武區,赤山里,8,2,6,3,3,0,9,0,
10312,高雄市仁武區,高楠里,1,0,1,4,2,2,2,0,
10312,高雄市鳥松區,仁美里,13,10,3,1,1,0,7,2,
10312,高雄市鳥松區,坔埔里,4,3,1,1,1,0,3,0,
10312,高雄市鳥松區,夢裡里,0,0,0,1,1,0,3,1,
10312,高雄市鳥松區,大竹里,2,2,0,1,0,1,1,0,
10312,高雄市鳥松區,大華里,9,7,2,7,3,4,8,3,
10312,高雄市鳥松區,華美里,5,4,1,1,1,0,5,0,
10312,高雄市鳥松區,鳥松里,11,6,5,4,2,2,11,2,
10312,高雄市岡山區,三和里,0,0,0,0,0,0,0,0,
10312,高雄市岡山區,仁壽里,1,0,1,0,0,0,3,0,
10312,高雄市岡山區,仁義里,1,1,0,2,1,1,0,0,
10312,高雄市岡山區,信義里,2,1,1,2,1,1,1,0,
10312,高雄市岡山區,前峰里,5,3,2,4,2,2,1,2,
10312,高雄市岡山區,劉厝里,0,0,0,2,2,0,2,0,
10312,高雄市岡山區,協和里,4,2,2,6,2,4,7,1,
10312,高雄市岡山區,協榮里,1,0,1,2,1,1,2,2,
10312,高雄市岡山區,台上里,5,3,2,3,2,1,5,0,
10312,高雄市岡山區,和平里,0,0,0,0,0,0,2,0,
10312,高雄市岡山區,嘉峰里,2,2,0,2,2,0,0,1,
10312,高雄市岡山區,嘉興里,1,1,0,2,1,1,3,1,
10312,高雄市岡山區,壽天里,3,2,1,1,1,0,1,0,
10312,高雄市岡山區,壽峰里,3,1,2,1,1,0,2,1,
10312,高雄市岡山區,大莊里,2,1,1,4,2,2,1,0,
10312,高雄市岡山區,大遼里,1,1,0,0,0,0,1,1,
10312,高雄市岡山區,岡山里,3,2,1,1,0,1,3,2,
10312,高雄市岡山區,平安里,0,0,0,2,2,0,2,0,
10312,高雄市岡山區,後協里,14,8,6,4,4,0,5,0,
10312,高雄市岡山區,後紅里,5,3,2,3,0,3,3,1,
10312,高雄市岡山區,忠孝里,2,2,0,1,0,1,2,1,
10312,高雄市岡山區,本洲里,4,1,3,2,2,0,0,1,
10312,高雄市岡山區,潭底里,0,0,0,0,0,0,1,0,
10312,高雄市岡山區,灣裡里,2,2,0,1,1,0,6,0,
10312,高雄市岡山區,為隨里,2,2,0,0,0,0,2,0,
10312,高雄市岡山區,白米里,1,0,1,1,1,0,3,0,
10312,高雄市岡山區,石潭里,3,1,2,3,1,2,2,0,
10312,高雄市岡山區,碧紅里,4,2,2,4,2,2,2,2,
10312,高雄市岡山區,福興里,1,0,1,3,3,0,0,0,
10312,高雄市岡山區,程香里,4,2,2,1,0,1,5,0,
10312,高雄市岡山區,竹圍里,9,6,3,3,3,0,4,4,
10312,高雄市岡山區,維仁里,1,0,1,2,0,2,2,0,
10312,高雄市岡山區,華崗里,1,0,1,2,2,0,0,0,
10312,高雄市橋頭區,三德里,0,0,0,0,0,0,0,0,
10312,高雄市橋頭區,中崎里,0,0,0,2,2,0,3,0,
10312,高雄市橋頭區,仕和里,0,0,0,0,0,0,1,0,
10312,高雄市橋頭區,仕豐里,3,2,1,4,2,2,3,0,
10312,高雄市橋頭區,仕隆里,2,0,2,1,1,0,0,0,
10312,高雄市橋頭區,德松里,4,3,1,0,0,0,0,0,
10312,高雄市橋頭區,新莊里,1,0,1,3,2,1,3,0,
10312,高雄市橋頭區,東林里,2,1,1,0,0,0,3,0,
10312,高雄市橋頭區,橋南里,0,0,0,0,0,0,0,0,
10312,高雄市橋頭區,橋頭里,2,1,1,3,2,1,1,0,
10312,高雄市橋頭區,甲北里,2,1,1,3,1,2,1,0,
10312,高雄市橋頭區,甲南里,3,3,0,0,0,0,3,1,
10312,高雄市橋頭區,白樹里,3,2,1,4,3,1,6,1,
10312,高雄市橋頭區,筆秀里,1,1,0,2,2,0,2,0,
10312,高雄市橋頭區,芋寮里,5,1,4,0,0,0,3,0,
10312,高雄市橋頭區,西林里,0,0,0,0,0,0,0,0,
10312,高雄市橋頭區,頂鹽里,0,0,0,2,1,1,0,0,
10312,高雄市燕巢區,南燕里,3,3,0,0,0,0,1,1,
10312,高雄市燕巢區,安招里,4,2,2,10,10,0,2,0,
10312,高雄市燕巢區,尖山里,1,1,0,0,0,0,1,1,
10312,高雄市燕巢區,東燕里,5,1,4,2,2,0,0,0,
10312,高雄市燕巢區,橫山里,5,3,2,1,1,0,0,1,
10312,高雄市燕巢區,深水里,2,1,1,1,0,1,2,0,
10312,高雄市燕巢區,瓊林里,3,2,1,2,2,0,3,1,
10312,高雄市燕巢區,西燕里,3,2,1,3,1,2,0,1,
10312,高雄市燕巢區,角宿里,3,1,2,0,0,0,1,0,
10312,高雄市燕巢區,金山里,0,0,0,1,1,0,1,0,
10312,高雄市燕巢區,鳳雄里,0,0,0,5,3,2,3,1,
10312,高雄市田寮區,七星里,0,0,0,0,0,0,0,0,
10312,高雄市田寮區,三和里,0,0,0,1,0,1,0,0,
10312,高雄市田寮區,南安里,1,0,1,0,0,0,0,0,
10312,高雄市田寮區,古亭里,0,0,0,3,2,1,0,0,
10312,高雄市田寮區,大同里,0,0,0,0,0,0,0,1,
10312,高雄市田寮區,崇德里,2,1,1,1,1,0,1,0,
10312,高雄市田寮區,新興里,0,0,0,3,3,0,0,0,
10312,高雄市田寮區,田寮里,0,0,0,1,1,0,1,0,
10312,高雄市田寮區,西德里,1,0,1,2,1,1,0,0,
10312,高雄市田寮區,鹿埔里,0,0,0,0,0,0,0,0,
10312,高雄市阿蓮區,中路里,5,1,4,2,1,1,0,2,
10312,高雄市阿蓮區,南蓮里,0,0,0,2,0,2,6,2,
10312,高雄市阿蓮區,和蓮里,2,1,1,0,0,0,0,1,
10312,高雄市阿蓮區,峯山里,2,0,2,1,1,0,2,1,
10312,高雄市阿蓮區,崗山里,1,1,0,1,1,0,0,0,
10312,高雄市阿蓮區,復安里,4,2,2,1,0,1,0,0,
10312,高雄市阿蓮區,清蓮里,3,1,2,6,4,2,1,0,
10312,高雄市阿蓮區,港後里,0,0,0,2,2,0,2,1,
10312,高雄市阿蓮區,玉庫里,1,1,0,1,1,0,1,1,
10312,高雄市阿蓮區,石安里,3,2,1,1,1,0,3,0,
10312,高雄市阿蓮區,阿蓮里,10,5,5,0,0,0,7,1,
10312,高雄市阿蓮區,青旗里,2,1,1,1,0,1,1,1,
10312,高雄市路竹區,三爺里,2,0,2,1,1,0,1,0,
10312,高雄市路竹區,下坑里,4,1,3,4,3,1,1,0,
10312,高雄市路竹區,北嶺里,1,0,1,4,2,2,1,0,
10312,高雄市路竹區,後鄉里,0,0,0,0,0,0,1,0,
10312,高雄市路竹區,文北里,5,5,0,3,1,2,1,0,
10312,高雄市路竹區,文南里,3,2,1,0,0,0,1,0,
10312,高雄市路竹區,新達里,1,1,0,0,0,0,2,0,
10312,高雄市路竹區,甲北里,0,0,0,3,2,1,1,0,
10312,高雄市路竹區,甲南里,3,2,1,4,1,3,3,0,
10312,高雄市路竹區,社中里,2,1,1,2,0,2,0,0,
10312,高雄市路竹區,社南里,8,4,4,3,1,2,4,0,
10312,高雄市路竹區,社東里,2,0,2,2,2,0,2,0,
10312,高雄市路竹區,社西里,3,3,0,1,1,0,1,0,
10312,高雄市路竹區,竹南里,0,0,0,2,1,1,1,2,
10312,高雄市路竹區,竹園里,2,2,0,3,3,0,1,0,
10312,高雄市路竹區,竹東里,8,5,3,3,3,0,5,2,
10312,高雄市路竹區,竹滬里,1,1,0,4,2,2,1,0,
10312,高雄市路竹區,竹西里,2,2,0,0,0,0,3,0,
10312,高雄市路竹區,頂寮里,0,0,0,1,1,0,1,1,
10312,高雄市路竹區,鴨寮里,3,3,0,2,2,0,1,0,
10312,高雄市湖內區,中賢里,2,2,0,2,2,0,2,2,
10312,高雄市湖內區,公舘里,1,0,1,2,2,0,1,0,
10312,高雄市湖內區,劉家里,0,0,0,1,0,1,2,1,
10312,高雄市湖內區,大湖里,10,8,2,2,1,1,4,0,
10312,高雄市湖內區,太爺里,1,1,0,2,2,0,1,1,
10312,高雄市湖內區,忠興里,0,0,0,2,1,1,2,0,
10312,高雄市湖內區,文賢里,1,1,0,1,0,1,1,0,
10312,高雄市湖內區,海埔里,3,3,0,1,1,0,2,0,
10312,高雄市湖內區,海山里,2,0,2,0,0,0,1,0,
10312,高雄市湖內區,湖內里,5,3,2,0,0,0,3,0,
10312,高雄市湖內區,湖東里,2,1,1,1,1,0,1,0,
10312,高雄市湖內區,田尾里,1,1,0,0,0,0,0,0,
10312,高雄市湖內區,葉厝里,2,1,1,1,1,0,2,0,
10312,高雄市湖內區,逸賢里,1,0,1,3,1,2,1,0,
10312,高雄市茄萣區,保定里,2,1,1,3,3,0,2,0,
10312,高雄市茄萣區,光定里,2,1,1,0,0,0,1,0,
10312,高雄市茄萣區,吉定里,1,1,0,1,0,1,0,0,
10312,高雄市茄萣區,和協里,1,1,0,0,0,0,1,0,
10312,高雄市茄萣區,嘉安里,2,1,1,1,1,0,0,0,
10312,高雄市茄萣區,嘉定里,1,0,1,4,3,1,3,0,
10312,高雄市茄萣區,嘉樂里,2,1,1,2,2,0,1,0,
10312,高雄市茄萣區,嘉泰里,3,2,1,1,0,1,1,0,
10312,高雄市茄萣區,嘉福里,0,0,0,0,0,0,0,1,
10312,高雄市茄萣區,嘉賜里,4,3,1,0,0,0,2,1,
10312,高雄市茄萣區,大定里,0,0,0,0,0,0,1,1,
10312,高雄市茄萣區,崎漏里,1,1,0,1,0,1,2,0,
10312,高雄市茄萣區,白雲里,2,2,0,0,0,0,2,0,
10312,高雄市茄萣區,福德里,1,0,1,2,2,0,0,0,
10312,高雄市茄萣區,萬福里,0,0,0,1,0,1,0,0,
10312,高雄市永安區,保寧里,5,2,3,0,0,0,4,0,
10312,高雄市永安區,新港里,4,2,2,5,4,1,1,0,
10312,高雄市永安區,永安里,1,1,0,1,1,0,1,2,
10312,高雄市永安區,永華里,3,1,2,6,2,4,0,0,
10312,高雄市永安區,維新里,6,2,4,5,3,2,7,0,
10312,高雄市永安區,鹽田里,0,0,0,1,0,1,0,0,
10312,高雄市彌陀區,光和里,2,2,0,0,0,0,2,0,
10312,高雄市彌陀區,南寮里,1,0,1,2,2,0,0,2,
10312,高雄市彌陀區,彌仁里,0,0,0,0,0,0,0,0,
10312,高雄市彌陀區,彌壽里,1,1,0,2,0,2,0,1,
10312,高雄市彌陀區,彌陀里,2,1,1,2,0,2,0,0,
10312,高雄市彌陀區,彌靖里,2,0,2,3,1,2,1,0,
10312,高雄市彌陀區,文安里,1,1,0,3,2,1,1,0,
10312,高雄市彌陀區,海尾里,1,1,0,1,1,0,1,0,
10312,高雄市彌陀區,漯底里,0,0,0,1,0,1,2,0,
10312,高雄市彌陀區,舊港里,0,0,0,3,2,1,0,0,
10312,高雄市彌陀區,過港里,3,3,0,3,2,1,0,1,
10312,高雄市彌陀區,鹽埕里,1,0,1,3,2,1,1,1,
10312,高雄市梓官區,中崙里,4,1,3,0,0,0,2,0,
10312,高雄市梓官區,信蚵里,1,0,1,1,1,0,3,1,
10312,高雄市梓官區,典寶里,3,3,0,5,3,2,3,0,
10312,高雄市梓官區,同安里,2,1,1,1,1,0,1,0,
10312,高雄市梓官區,大舍里,3,1,2,2,1,1,2,1,
10312,高雄市梓官區,智蚵里,3,1,2,4,4,0,1,1,
10312,高雄市梓官區,梓信里,2,1,1,2,2,0,1,0,
10312,高雄市梓官區,梓和里,1,1,0,2,1,1,3,0,
10312,高雄市梓官區,梓平里,2,2,0,2,0,2,0,1,
10312,高雄市梓官區,梓義里,2,1,1,3,1,2,2,0,
10312,高雄市梓官區,禮蚵里,1,0,1,3,3,0,2,0,
10312,高雄市梓官區,茄苳里,2,2,0,4,4,0,4,0,
10312,高雄市梓官區,赤崁里,2,0,2,1,1,0,1,0,
10312,高雄市梓官區,赤東里,4,2,2,3,3,0,3,1,
10312,高雄市梓官區,赤西里,1,0,1,1,1,0,0,0,
10312,高雄市旗山區,三協里,0,0,0,2,1,1,2,0,
10312,高雄市旗山區,上洲里,1,1,0,0,0,0,1,0,
10312,高雄市旗山區,中寮里,0,0,0,1,1,0,0,0,
10312,高雄市旗山區,中正里,0,0,0,2,0,2,1,0,
10312,高雄市旗山區,中洲里,1,1,0,3,2,1,0,1,
10312,高雄市旗山區,南勝里,2,2,0,2,2,0,2,0,
10312,高雄市旗山區,南洲里,0,0,0,2,1,1,0,0,
10312,高雄市旗山區,圓富里,0,0,0,3,2,1,1,1,
10312,高雄市旗山區,大山里,0,0,0,4,2,2,0,0,
10312,高雄市旗山區,大德里,0,0,0,2,0,2,5,0,
10312,高雄市旗山區,大林里,1,1,0,1,1,0,1,0,
10312,高雄市旗山區,太平里,2,1,1,2,2,0,4,0,
10312,高雄市旗山區,廣福里,0,0,0,1,0,1,0,0,
10312,高雄市旗山區,新光里,0,0,0,1,1,0,1,0,
10312,高雄市旗山區,東平里,0,0,0,2,1,1,0,0,
10312,高雄市旗山區,東昌里,0,0,0,1,1,0,1,0,
10312,高雄市旗山區,永和里,1,0,1,0,0,0,2,0,
10312,高雄市旗山區,湄洲里,0,0,0,4,1,3,3,1,
10312,高雄市旗山區,瑞吉里,0,0,0,1,0,1,0,2,
10312,高雄市旗山區,竹峰里,0,0,0,5,4,1,0,0,
10312,高雄市旗山區,鯤洲里,0,0,0,2,1,1,0,0,
10312,高雄市美濃區,中圳里,3,1,2,2,0,2,0,0,
10312,高雄市美濃區,中壇里,0,0,0,2,0,2,3,0,
10312,高雄市美濃區,合和里,4,2,2,0,0,0,0,1,
10312,高雄市美濃區,吉和里,1,0,1,2,0,2,0,0,
10312,高雄市美濃區,吉東里,1,0,1,1,0,1,0,0,
10312,高雄市美濃區,吉洋里,2,0,2,3,3,0,3,0,
10312,高雄市美濃區,廣德里,0,0,0,1,0,1,1,0,
10312,高雄市美濃區,廣林里,0,0,0,1,1,0,2,2,
10312,高雄市美濃區,德興里,0,0,0,2,1,1,1,0,
10312,高雄市美濃區,東門里,0,0,0,3,2,1,0,1,
10312,高雄市美濃區,泰安里,2,0,2,1,1,0,2,1,
10312,高雄市美濃區,清水里,1,1,0,2,1,1,2,0,
10312,高雄市美濃區,瀰濃里,2,1,1,2,0,2,1,0,
10312,高雄市美濃區,獅山里,1,0,1,1,0,1,3,1,
10312,高雄市美濃區,祿興里,2,1,1,7,6,1,5,1,
10312,高雄市美濃區,福安里,0,0,0,2,1,1,2,1,
10312,高雄市美濃區,興隆里,0,0,0,2,1,1,1,0,
10312,高雄市美濃區,龍山里,0,0,0,5,1,4,1,2,
10312,高雄市美濃區,龍肚里,0,0,0,3,2,1,1,0,
10312,高雄市六龜區,中興里,2,1,1,6,6,0,1,0,
10312,高雄市六龜區,六龜里,0,0,0,0,0,0,0,0,
10312,高雄市六龜區,大津里,0,0,0,0,0,0,0,0,
10312,高雄市六龜區,寶來里,1,0,1,1,0,1,0,0,
10312,高雄市六龜區,文武里,2,1,1,2,1,1,0,0,
10312,高雄市六龜區,新威里,1,0,1,1,0,1,0,0,
10312,高雄市六龜區,新寮里,0,0,0,0,0,0,1,0,
10312,高雄市六龜區,新發里,1,1,0,2,2,0,1,0,
10312,高雄市六龜區,新興里,1,1,0,2,1,1,0,0,
10312,高雄市六龜區,義寶里,0,0,0,2,2,0,3,0,
10312,高雄市六龜區,興龍里,1,1,0,2,1,1,2,0,
10312,高雄市六龜區,荖濃里,0,0,0,2,1,1,0,0,
10312,高雄市甲仙區,和安里,0,0,0,1,1,0,1,0,
10312,高雄市甲仙區,大田里,1,0,1,1,1,0,1,0,
10312,高雄市甲仙區,寶隆里,0,0,0,0,0,0,2,0,
10312,高雄市甲仙區,小林里,2,0,2,1,0,1,0,0,
10312,高雄市甲仙區,東安里,0,0,0,2,1,1,0,0,
10312,高雄市甲仙區,西安里,0,0,0,2,1,1,0,0,
10312,高雄市甲仙區,關山里,1,1,0,0,0,0,0,1,
10312,高雄市杉林區,上平里,0,0,0,3,2,1,1,0,
10312,高雄市杉林區,大愛里,1,0,1,4,2,2,1,0,
10312,高雄市杉林區,新庄里,1,1,0,3,2,1,0,0,
10312,高雄市杉林區,月眉里,0,0,0,3,1,2,0,0,
10312,高雄市杉林區,月美里,0,0,0,1,0,1,0,1,
10312,高雄市杉林區,木梓里,0,0,0,4,2,2,0,0,
10312,高雄市杉林區,杉林里,0,0,0,2,0,2,0,0,
10312,高雄市杉林區,集來里,1,1,0,2,0,2,0,0,
10312,高雄市內門區,三平里,0,0,0,0,0,0,0,1,
10312,高雄市內門區,中埔里,0,0,0,1,0,1,1,0,
10312,高雄市內門區,光興里,1,1,0,1,0,1,0,0,
10312,高雄市內門區,內南里,0,0,0,0,0,0,0,1,
10312,高雄市內門區,內東里,3,1,2,1,0,1,1,0,
10312,高雄市內門區,內興里,1,1,0,1,1,0,0,0,
10312,高雄市內門區,內豊里,0,0,0,2,1,1,1,0,
10312,高雄市內門區,內門里,0,0,0,0,0,0,1,0,
10312,高雄市內門區,木柵里,0,0,0,0,0,0,0,0,
10312,高雄市內門區,東埔里,1,1,0,0,0,0,1,0,
10312,高雄市內門區,永吉里,0,0,0,2,2,0,0,0,
10312,高雄市內門區,永富里,0,0,0,1,1,0,0,0,
10312,高雄市內門區,永興里,0,0,0,0,0,0,0,0,
10312,高雄市內門區,溝坪里,0,0,0,2,0,2,0,0,
10312,高雄市內門區,瑞山里,0,0,0,1,1,0,0,0,
10312,高雄市內門區,石坑里,0,0,0,0,0,0,0,0,
10312,高雄市內門區,觀亭里,2,1,1,2,1,1,1,1,
10312,高雄市內門區,金竹里,2,2,0,3,3,0,0,0,
10312,高雄市茂林區,多納里,1,0,1,0,0,0,1,1,
10312,高雄市茂林區,茂林里,3,1,2,0,0,0,0,0,
10312,高雄市茂林區,萬山里,0,0,0,0,0,0,0,0,
10312,高雄市桃源區,勤和里,1,0,1,0,0,0,1,0,
10312,高雄市桃源區,寶山里,0,0,0,2,0,2,0,0,
10312,高雄市桃源區,建山里,1,0,1,1,0,1,1,0,
10312,高雄市桃源區,復興里,0,0,0,0,0,0,0,0,
10312,高雄市桃源區,拉芙蘭里,1,1,0,0,0,0,0,0,
10312,高雄市桃源區,桃源里,1,0,1,1,0,1,2,1,
10312,高雄市桃源區,梅山里,0,0,0,1,0,1,0,0,
10312,高雄市桃源區,高中里,0,0,0,1,0,1,0,2,
10312,高雄市那瑪夏區,南沙魯里,2,0,2,0,0,0,0,0,
10312,高雄市那瑪夏區,瑪雅里,2,2,0,0,0,0,1,0,
10312,高雄市那瑪夏區,達卡努瓦里,0,0,0,3,3,0,0,0,
10312,新北市板橋區,中山里,2,1,1,4,3,1,1,1,
10312,新北市板橋區,中正里,7,2,5,4,3,1,6,2,
10312,新北市板橋區,九如里,1,0,1,3,2,1,1,0,
10312,新北市板橋區,五權里,4,2,2,1,1,0,4,1,
10312,新北市板橋區,仁愛里,8,4,4,0,0,0,3,2,
10312,新北市板橋區,仁翠里,3,2,1,1,1,0,1,1,
10312,新北市板橋區,介壽里,1,1,0,1,0,1,1,0,
10312,新北市板橋區,信義里,2,1,1,2,1,1,2,0,
10312,新北市板橋區,僑中里,6,3,3,2,2,0,6,1,
10312,新北市板橋區,光仁里,3,2,1,1,1,0,4,0,
10312,新北市板橋區,光復里,5,4,1,2,2,0,3,0,
10312,新北市板橋區,光榮里,3,2,1,2,0,2,4,1,
10312,新北市板橋區,光華里,3,0,3,0,0,0,1,0,
10312,新北市板橋區,公舘里,2,0,2,6,3,3,4,0,
10312,新北市板橋區,吉翠里,13,8,5,1,1,0,2,3,
10312,新北市板橋區,和平里,10,4,6,1,0,1,6,0,
10312,新北市板橋區,國光里,1,0,1,0,0,0,4,0,
10312,新北市板橋區,國泰里,4,2,2,2,2,0,1,1,
10312,新北市板橋區,埔墘里,3,3,0,4,2,2,5,1,
10312,新北市板橋區,埤墘里,8,4,4,1,1,0,2,2,
10312,新北市板橋區,堂春里,4,3,1,3,3,0,5,0,
10312,新北市板橋區,大安里,2,2,0,3,3,0,4,0,
10312,新北市板橋區,大觀里,7,5,2,2,1,1,9,0,
10312,新北市板橋區,大豐里,5,4,1,5,3,2,5,1,
10312,新北市板橋區,宏翠里,4,2,2,2,1,1,5,2,
10312,新北市板橋區,富貴里,3,1,2,1,0,1,2,1,
10312,新北市板橋區,居仁里,6,2,4,0,0,0,4,0,
10312,新北市板橋區,崑崙里,12,7,5,5,2,3,8,1,
10312,新北市板橋區,嵐翠里,5,2,3,2,1,1,4,0,
10312,新北市板橋區,幸福里,4,4,0,3,2,1,3,2,
10312,新北市板橋區,廣德里,3,2,1,4,3,1,10,3,
10312,新北市板橋區,廣新里,4,1,3,2,1,1,3,1,
10312,新北市板橋區,廣福里,3,2,1,2,1,1,3,2,
10312,新北市板橋區,建國里,5,3,2,4,2,2,2,0,
10312,新北市板橋區,後埔里,3,1,2,2,0,2,4,0,
10312,新北市板橋區,復興里,1,0,1,5,4,1,1,0,
10312,新北市板橋區,德翠里,11,7,4,1,1,0,3,3,
10312,新北市板橋區,忠翠里,8,3,5,3,2,1,5,0,
10312,新北市板橋區,忠誠里,2,1,1,3,3,0,5,0,
10312,新北市板橋區,懷翠里,4,2,2,1,0,1,2,2,
10312,新北市板橋區,成和里,7,5,2,1,1,0,6,0,
10312,新北市板橋區,振義里,5,1,4,1,0,1,2,1,
10312,新北市板橋區,振興里,5,3,2,5,3,2,3,1,
10312,新北市板橋區,挹秀里,2,1,1,0,0,0,3,0,
10312,新北市板橋區,文化里,4,1,3,1,0,1,4,2,
10312,新北市板橋區,文德里,3,3,0,5,1,4,0,0,
10312,新北市板橋區,文翠里,3,2,1,2,1,1,5,1,
10312,新北市板橋區,文聖里,1,1,0,1,1,0,3,1,
10312,新北市板橋區,新埔里,0,0,0,0,0,0,1,1,
10312,新北市板橋區,新民里,5,2,3,4,3,1,5,1,
10312,新北市板橋區,新海里,7,2,5,2,2,0,3,1,
10312,新北市板橋區,新生里,10,9,1,2,1,1,5,1,
10312,新北市板橋區,新翠里,6,3,3,2,0,2,13,1,
10312,新北市板橋區,新興里,5,3,2,2,1,1,2,0,
10312,新北市板橋區,明翠里,6,2,4,4,1,3,5,0,
10312,新北市板橋區,景星里,4,1,3,2,0,2,1,0,
10312,新北市板橋區,朝陽里,4,1,3,0,0,0,1,0,
10312,新北市板橋區,東丘里,2,0,2,3,2,1,3,1,
10312,新北市板橋區,東安里,3,1,2,2,0,2,5,0,
10312,新北市板橋區,松柏里,1,1,0,0,0,0,4,0,
10312,新北市板橋區,松翠里,4,3,1,0,0,0,5,1,
10312,新北市板橋區,柏翠里,9,6,3,1,1,0,6,1,
10312,新北市板橋區,歡園里,2,1,1,0,0,0,1,0,
10312,新北市板橋區,正泰里,0,0,0,0,0,0,3,0,
10312,新北市板橋區,民安里,1,0,1,0,0,0,1,0,
10312,新北市板橋區,民族里,3,1,2,1,0,1,5,0,
10312,新北市板橋區,民權里,2,2,0,0,0,0,1,0,
10312,新北市板橋區,民生里,8,8,0,0,0,0,1,2,
10312,新北市板橋區,永安里,3,1,2,5,4,1,5,1,
10312,新北市板橋區,江翠里,5,2,3,2,0,2,4,0,
10312,新北市板橋區,流芳里,4,3,1,1,1,0,1,0,
10312,新北市板橋區,浮洲里,1,0,1,3,3,0,3,0,
10312,新北市板橋區,海山里,5,0,5,2,1,1,9,3,
10312,新北市板橋區,深丘里,10,6,4,3,1,2,10,5,
10312,新北市板橋區,港嘴里,6,5,1,4,4,0,4,2,
10312,新北市板橋區,港尾里,3,2,1,1,0,1,2,1,
10312,新北市板橋區,港德里,4,2,2,3,2,1,7,0,
10312,新北市板橋區,湳興里,6,1,5,6,5,1,5,0,
10312,新北市板橋區,溪北里,4,3,1,3,2,1,1,0,
10312,新北市板橋區,溪洲里,9,4,5,1,1,0,5,2,
10312,新北市板橋區,溪福里,11,5,6,2,1,1,8,8,
10312,新北市板橋區,溪頭里,5,3,2,1,1,0,3,0,
10312,新北市板橋區,滿翠里,5,2,3,4,2,2,4,0,
10312,新北市板橋區,漢生里,3,1,2,1,1,0,7,1,
10312,新北市板橋區,玉光里,9,8,1,4,1,3,3,0,
10312,新北市板橋區,留侯里,3,2,1,0,0,0,0,1,
10312,新北市板橋區,百壽里,1,0,1,1,0,1,1,0,
10312,新北市板橋區,社後里,3,3,0,12,11,1,1,6,
10312,新北市板橋區,福丘里,7,4,3,3,2,1,5,1,
10312,新北市板橋區,福壽里,7,3,4,2,1,1,1,0,
10312,新北市板橋區,福安里,2,0,2,0,0,0,3,0,
10312,新北市板橋區,福德里,4,4,0,6,4,2,3,1,
10312,新北市板橋區,福星里,8,4,4,3,0,3,5,0,
10312,新北市板橋區,福祿里,4,2,2,0,0,0,2,2,
10312,新北市板橋區,福翠里,2,1,1,0,0,0,0,0,
10312,新北市板橋區,純翠里,5,3,2,2,0,2,7,0,
10312,新北市板橋區,聚安里,10,6,4,3,3,0,3,2,
10312,新北市板橋區,聯翠里,4,1,3,1,0,1,1,4,
10312,新北市板橋區,自強里,4,2,2,3,1,2,3,1,
10312,新北市板橋區,自立里,1,0,1,0,0,0,4,1,
10312,新北市板橋區,莊敬里,3,2,1,0,0,0,5,0,
10312,新北市板橋區,莒光里,2,2,0,1,0,1,2,1,
10312,新北市板橋區,華中里,10,5,5,5,3,2,5,0,
10312,新北市板橋區,華德里,5,2,3,5,4,1,3,2,
10312,新北市板橋區,華東里,4,1,3,1,1,0,2,3,
10312,新北市板橋區,華江里,4,2,2,1,1,0,2,2,
10312,新北市板橋區,華福里,2,1,1,2,2,0,1,0,
10312,新北市板橋區,華翠里,1,0,1,0,0,0,3,2,
10312,新北市板橋區,華興里,6,3,3,1,0,1,4,2,
10312,新北市板橋區,華貴里,4,3,1,2,2,0,0,1,
10312,新北市板橋區,西安里,4,2,2,2,1,1,1,1,
10312,新北市板橋區,赤松里,0,0,0,0,0,0,3,0,
10312,新北市板橋區,鄉雲里,3,2,1,0,0,0,2,0,
10312,新北市板橋區,重慶里,10,8,2,3,2,1,9,3,
10312,新北市板橋區,金華里,6,3,3,1,0,1,8,0,
10312,新北市板橋區,長壽里,2,2,0,3,3,0,1,0,
10312,新北市板橋區,長安里,1,0,1,1,0,1,3,0,
10312,新北市板橋區,陽明里,4,1,3,2,1,1,3,0,
10312,新北市板橋區,雙玉里,4,0,4,2,0,2,0,1,
10312,新北市板橋區,青翠里,2,0,2,1,1,0,4,1,
10312,新北市板橋區,香丘里,8,5,3,0,0,0,1,1,
10312,新北市板橋區,香社里,5,1,4,1,0,1,7,1,
10312,新北市板橋區,香雅里,1,0,1,0,0,0,0,0,
10312,新北市板橋區,黃石里,4,1,3,0,0,0,1,0,
10312,新北市板橋區,龍安里,2,2,0,2,1,1,2,0,
10312,新北市板橋區,龍翠里,2,1,1,4,2,2,3,2,
10312,新北市三重區,三安里,1,0,1,3,1,2,3,1,
10312,新北市三重區,三民里,2,0,2,6,5,1,0,1,
10312,新北市三重區,中央里,4,3,1,0,0,0,4,0,
10312,新北市三重區,中山里,0,0,0,1,0,1,2,0,
10312,新北市三重區,中正里,1,1,0,3,1,2,0,1,
10312,新北市三重區,中民里,1,1,0,0,0,0,1,0,
10312,新北市三重區,中興里,2,2,0,1,0,1,3,0,
10312,新北市三重區,二重里,3,2,1,1,1,0,0,0,
10312,新北市三重區,五常里,4,3,1,0,0,0,3,0,
10312,新北市三重區,五福里,6,4,2,3,3,0,2,1,
10312,新北市三重區,五華里,6,1,5,0,0,0,6,3,
10312,新北市三重區,五谷里,1,1,0,0,0,0,0,2,
10312,新北市三重區,五順里,4,3,1,5,3,2,2,1,
10312,新北市三重區,仁德里,2,0,2,0,0,0,1,1,
10312,新北市三重區,仁忠里,4,3,1,4,4,0,2,1,
10312,新北市三重區,仁義里,0,0,0,2,2,0,0,0,
10312,新北市三重區,仁華里,4,4,0,4,3,1,6,2,
10312,新北市三重區,介壽里,3,1,2,1,1,0,1,0,
10312,新北市三重區,信安里,1,0,1,2,1,1,4,0,
10312,新北市三重區,光明里,8,7,1,4,3,1,3,1,
10312,新北市三重區,光榮里,2,1,1,0,0,0,0,0,
10312,新北市三重區,光正里,3,3,0,0,0,0,2,1,
10312,新北市三重區,光田里,3,1,2,3,1,2,4,2,
10312,新北市三重區,光華里,2,1,1,3,2,1,1,1,
10312,新北市三重區,光輝里,2,0,2,1,1,0,1,0,
10312,新北市三重區,光陽里,4,2,2,2,0,2,6,0,
10312,新北市三重區,六合里,1,0,1,1,1,0,4,2,
10312,新北市三重區,六福里,3,1,2,3,2,1,2,2,
10312,新北市三重區,博愛里,4,3,1,2,2,0,7,1,
10312,新北市三重區,厚德里,4,2,2,2,1,1,2,1,
10312,新北市三重區,吉利里,0,0,0,4,2,2,0,0,
10312,新北市三重區,同安里,0,0,0,3,1,2,0,1,
10312,新北市三重區,同慶里,2,1,1,5,3,2,0,0,
10312,新北市三重區,國隆里,2,1,1,1,1,0,1,1,
10312,新北市三重區,培德里,4,0,4,3,2,1,2,0,
10312,新北市三重區,大同里,1,1,0,2,1,1,3,1,
10312,新北市三重區,大園里,3,2,1,4,3,1,1,0,
10312,新北市三重區,大安里,1,1,0,2,1,1,1,2,
10312,新北市三重區,大德里,1,1,0,0,0,0,0,0,
10312,新北市三重區,大有里,10,5,5,2,2,0,10,4,
10312,新北市三重區,奕壽里,3,1,2,4,1,3,0,0,
10312,新北市三重區,安慶里,0,0,0,0,0,0,1,1,
10312,新北市三重區,富福里,3,2,1,2,1,1,5,1,
10312,新北市三重區,富華里,5,2,3,0,0,0,4,0,
10312,新北市三重區,富貴里,7,4,3,3,2,1,7,1,
10312,新北市三重區,尚德里,2,0,2,2,2,0,3,0,
10312,新北市三重區,崇德里,7,5,2,1,1,0,0,0,
10312,新北市三重區,平和里,0,0,0,2,2,0,1,0,
10312,新北市三重區,幸福里,2,1,1,1,1,0,6,2,
10312,新北市三重區,德厚里,0,0,0,0,0,0,0,0,
10312,新北市三重區,忠孝里,0,0,0,1,1,0,3,1,
10312,新北市三重區,慈化里,3,2,1,3,2,1,2,1,
10312,新北市三重區,慈惠里,0,0,0,0,0,0,0,1,
10312,新北市三重區,慈愛里,1,0,1,3,1,2,2,0,
10312,新北市三重區,慈生里,4,1,3,1,1,0,1,1,
10312,新北市三重區,慈祐里,3,1,2,3,3,0,5,0,
10312,新北市三重區,慈福里,3,2,1,4,1,3,2,0,
10312,新北市三重區,成功里,6,3,3,1,0,1,11,0,
10312,新北市三重區,承德里,0,0,0,3,2,1,0,1,
10312,新北市三重區,文化里,1,1,0,1,1,0,1,0,
10312,新北市三重區,正安里,1,1,0,0,0,0,2,1,
10312,新北市三重區,正德里,0,0,0,0,0,0,1,0,
10312,新北市三重區,正義里,4,2,2,2,0,2,1,0,
10312,新北市三重區,民生里,4,2,2,1,0,1,0,0,
10312,新北市三重區,永吉里,0,0,0,2,1,1,3,0,
10312,新北市三重區,永安里,3,2,1,1,1,0,4,0,
10312,新北市三重區,永德里,8,2,6,0,0,0,1,1,
10312,新北市三重區,永春里,4,1,3,1,0,1,2,0,
10312,新北市三重區,永清里,6,5,1,2,1,1,4,3,
10312,新北市三重區,永煇里,3,3,0,2,1,1,1,1,
10312,新北市三重區,永發里,6,4,2,5,2,3,3,1,
10312,新北市三重區,永盛里,4,1,3,2,2,0,1,2,
10312,新北市三重區,永福里,7,4,3,3,2,1,5,0,
10312,新北市三重區,永興里,1,0,1,1,0,1,1,0,
10312,新北市三重區,永豐里,4,2,2,3,2,1,1,4,
10312,新北市三重區,永順里,4,4,0,3,3,0,4,2,
10312,新北市三重區,清和里,3,1,2,2,0,2,3,0,
10312,新北市三重區,溪美里,9,5,4,4,3,1,8,3,
10312,新北市三重區,瑞德里,4,2,2,2,2,0,1,1,
10312,新北市三重區,田中里,2,0,2,4,3,1,4,1,
10312,新北市三重區,田安里,5,2,3,4,2,2,5,1,
10312,新北市三重區,田心里,3,2,1,2,1,1,1,1,
10312,新北市三重區,碧華里,8,5,3,1,0,1,14,3,
10312,新北市三重區,福利里,4,3,1,0,0,0,1,0,
10312,新北市三重區,福安里,0,0,0,2,1,1,0,1,
10312,新北市三重區,福德里,4,0,4,3,2,1,2,3,
10312,新北市三重區,福星里,1,0,1,0,0,0,1,0,
10312,新北市三重區,福樂里,2,2,0,3,2,1,3,1,
10312,新北市三重區,福民里,2,1,1,2,0,2,0,0,
10312,新北市三重區,福田里,2,2,0,1,1,0,1,1,
10312,新北市三重區,福祉里,9,3,6,1,0,1,5,0,
10312,新北市三重區,福隆里,8,2,6,2,0,2,4,2,
10312,新北市三重區,秀江里,0,0,0,1,1,0,2,0,
10312,新北市三重區,立德里,4,1,3,2,2,0,2,1,
10312,新北市三重區,維德里,4,2,2,0,0,0,1,0,
10312,新北市三重區,自強里,1,1,0,0,0,0,0,2,
10312,新北市三重區,菜寮里,0,0,0,3,1,2,4,0,
10312,新北市三重區,萬壽里,2,0,2,1,1,0,4,2,
10312,新北市三重區,谷王里,0,0,0,1,1,0,0,0,
10312,新北市三重區,過田里,4,0,4,7,5,2,4,3,
10312,新北市三重區,重新里,1,0,1,3,2,1,0,1,
10312,新北市三重區,重明里,3,2,1,0,0,0,1,2,
10312,新北市三重區,重陽里,5,1,4,2,1,1,8,0,
10312,新北市三重區,錦安里,0,0,0,2,1,1,1,0,
10312,新北市三重區,錦江里,4,0,4,2,2,0,2,1,
10312,新北市三重區,錦田里,2,1,1,0,0,0,2,0,
10312,新北市三重區,錦通里,1,0,1,1,1,0,4,1,
10312,新北市三重區,長元里,2,1,1,0,0,0,5,0,
10312,新北市三重區,長安里,1,1,0,2,1,1,1,1,
10312,新北市三重區,長江里,2,0,2,1,1,0,2,3,
10312,新北市三重區,長泰里,1,1,0,2,1,1,4,0,
10312,新北市三重區,長生里,1,0,1,1,1,0,0,0,
10312,新北市三重區,長福里,2,2,0,0,0,0,1,0,
10312,新北市三重區,開元里,1,1,0,2,2,0,2,0,
10312,新北市三重區,雙園里,2,1,1,1,0,1,1,1,
10312,新北市三重區,頂崁里,7,1,6,1,1,0,4,0,
10312,新北市三重區,順德里,5,2,3,2,1,1,1,0,
10312,新北市三重區,龍濱里,1,0,1,3,3,0,3,1,
10312,新北市三重區,龍門里,4,1,3,2,2,0,1,1,
10312,新北市中和區,中原里,6,3,3,3,2,1,4,0,
10312,新北市中和區,中安里,1,0,1,1,0,1,4,2,
10312,新北市中和區,中山里,4,1,3,1,0,1,3,0,
10312,新北市中和區,中正里,4,2,2,3,2,1,3,0,
10312,新北市中和區,中興里,5,4,1,1,1,0,8,1,
10312,新北市中和區,仁和里,7,5,2,1,1,0,5,2,
10312,新北市中和區,佳和里,7,6,1,3,2,1,4,0,
10312,新北市中和區,信和里,5,3,2,3,1,2,5,0,
10312,新北市中和區,內南里,3,3,0,5,2,3,3,0,
10312,新北市中和區,冠穗里,3,2,1,0,0,0,3,1,
10312,新北市中和區,力行里,6,3,3,3,0,3,3,2,
10312,新北市中和區,南山里,3,0,3,3,2,1,4,2,
10312,新北市中和區,吉興里,4,2,2,3,2,1,1,1,
10312,新北市中和區,和興里,5,3,2,4,3,1,4,1,
10312,新北市中和區,員富里,7,5,2,5,5,0,2,1,
10312,新北市中和區,員山里,9,6,3,3,2,1,4,1,
10312,新北市中和區,嘉慶里,2,2,0,1,1,0,5,1,
10312,新北市中和區,嘉新里,10,6,4,4,3,1,4,0,
10312,新北市中和區,嘉穗里,2,1,1,1,1,0,4,1,
10312,新北市中和區,國光里,1,0,1,3,3,0,6,1,
10312,新北市中和區,國華里,6,5,1,2,2,0,2,1,
10312,新北市中和區,壽南里,4,2,2,0,0,0,1,0,
10312,新北市中和區,壽德里,7,5,2,2,2,0,4,1,
10312,新北市中和區,外南里,5,3,2,3,3,0,5,0,
10312,新北市中和區,安和里,2,1,1,2,1,1,2,1,
10312,新北市中和區,安平里,2,1,1,1,1,0,6,3,
10312,新北市中和區,安樂里,3,1,2,2,2,0,2,1,
10312,新北市中和區,安穗里,6,1,5,4,3,1,8,0,
10312,新北市中和區,安順里,3,1,2,4,3,1,3,0,
10312,新北市中和區,宜安里,1,1,0,0,0,0,2,1,
10312,新北市中和區,崇南里,1,1,0,0,0,0,5,2,
10312,新北市中和區,平河里,10,4,6,3,3,0,14,6,
10312,新北市中和區,廟美里,5,5,0,2,1,1,4,1,
10312,新北市中和區,建和里,3,2,1,2,1,1,1,0,
10312,新北市中和區,復興里,4,2,2,2,0,2,5,0,
10312,新北市中和區,德穗里,5,3,2,3,1,2,4,0,
10312,新北市中和區,德行里,14,10,4,3,2,1,9,3,
10312,新北市中和區,忠孝里,4,3,1,1,1,0,4,0,
10312,新北市中和區,文元里,5,2,3,3,3,0,3,1,
10312,新北市中和區,新南里,5,2,3,4,1,3,4,1,
10312,新北市中和區,明德里,5,2,3,4,1,3,2,1,
10312,新北市中和區,明穗里,4,3,1,2,1,1,4,0,
10312,新北市中和區,景南里,3,1,2,3,2,1,6,0,
10312,新北市中和區,景安里,6,4,2,1,1,0,4,1,
10312,新北市中和區,景平里,9,4,5,2,1,1,7,2,
10312,新北市中和區,景文里,0,0,0,3,3,0,4,0,
10312,新北市中和區,景新里,4,1,3,2,0,2,5,0,
10312,新北市中和區,景本里,3,3,0,2,2,0,3,1,
10312,新北市中和區,景福里,7,6,1,5,3,2,4,2,
10312,新北市中和區,東南里,1,0,1,2,1,1,3,2,
10312,新北市中和區,枋寮里,2,2,0,1,1,0,1,0,
10312,新北市中和區,橫路里,0,0,0,1,1,0,0,1,
10312,新北市中和區,正南里,2,2,0,6,3,3,5,0,
10312,新北市中和區,正行里,6,4,2,2,1,1,5,0,
10312,新北市中和區,民享里,3,2,1,2,2,0,0,1,
10312,新北市中和區,民安里,3,3,0,2,1,1,6,0,
10312,新北市中和區,民有里,3,0,3,1,1,0,4,1,
10312,新北市中和區,民生里,6,2,4,0,0,0,3,1,
10312,新北市中和區,泰安里,3,2,1,4,3,1,5,0,
10312,新北市中和區,清穗里,8,6,2,1,0,1,1,1,
10312,新北市中和區,漳和里,3,2,1,3,3,0,2,0,
10312,新北市中和區,灰󿾨里,0,0,0,0,0,0,0,1,
10312,新北市中和區,瑞穗里,3,1,2,1,1,0,3,2,
10312,新北市中和區,瓦󿾨里,4,3,1,0,0,0,3,0,
10312,新北市中和區,碧河里,4,2,2,2,1,1,2,0,
10312,新北市中和區,福南里,1,0,1,3,1,2,2,0,
10312,新北市中和區,福和里,3,2,1,0,0,0,7,0,
10312,新北市中和區,福善里,4,2,2,2,1,1,6,0,
10312,新北市中和區,福真里,8,4,4,2,2,0,4,1,
10312,新北市中和區,福祥里,9,5,4,2,1,1,6,3,
10312,新北市中和區,福美里,1,1,0,5,3,2,3,0,
10312,新北市中和區,秀仁里,3,1,2,1,1,0,3,0,
10312,新北市中和區,秀士里,5,5,0,3,2,1,2,1,
10312,新北市中和區,秀山里,4,0,4,0,0,0,4,1,
10312,新北市中和區,秀峰里,7,4,3,3,3,0,2,2,
10312,新北市中和區,秀成里,3,2,1,1,0,1,3,1,
10312,新北市中和區,秀明里,4,2,2,1,1,0,6,0,
10312,新北市中和區,秀景里,2,2,0,6,3,3,8,3,
10312,新北市中和區,秀水里,3,0,3,2,1,1,1,2,
10312,新北市中和區,秀福里,4,3,1,2,1,1,2,1,
10312,新北市中和區,秀義里,4,4,0,1,0,1,3,0,
10312,新北市中和區,積穗里,19,14,5,4,4,0,6,1,
10312,新北市中和區,自強里,12,9,3,2,1,1,4,1,
10312,新北市中和區,興南里,3,3,0,4,2,2,3,1,
10312,新北市中和區,華南里,7,5,2,3,2,1,5,2,
10312,新北市中和區,華新里,10,5,5,2,1,1,8,2,
10312,新北市中和區,連和里,2,1,1,1,1,0,5,1,
10312,新北市中和區,連城里,3,1,2,5,5,0,5,0,
10312,新北市中和區,錦中里,6,5,1,1,1,0,4,1,
10312,新北市中和區,錦和里,4,1,3,1,1,0,4,3,
10312,新北市中和區,錦昌里,7,5,2,2,2,0,3,1,
10312,新北市中和區,錦盛里,7,2,5,5,5,0,3,2,
10312,新北市中和區,頂南里,3,2,1,1,0,1,2,2,
10312,新北市永和區,上林里,4,3,1,2,2,0,1,1,
10312,新北市永和區,上溪里,2,1,1,0,0,0,2,0,
10312,新北市永和區,下溪里,3,2,1,2,1,1,6,2,
10312,新北市永和區,中溪里,5,3,2,0,0,0,3,1,
10312,新北市永和區,中興里,1,1,0,2,1,1,4,0,
10312,新北市永和區,仁愛里,4,2,2,1,0,1,1,0,
10312,新北市永和區,保安里,4,3,1,3,1,2,5,2,
10312,新北市永和區,保平里,9,5,4,1,1,0,3,1,
10312,新北市永和區,保順里,8,2,6,4,2,2,8,2,
10312,新北市永和區,信義里,3,1,2,0,0,0,2,0,
10312,新北市永和區,光復里,0,0,0,0,0,0,3,0,
10312,新北市永和區,光明里,2,1,1,0,0,0,4,2,
10312,新北市永和區,前溪里,2,1,1,0,0,0,7,1,
10312,新北市永和區,勵行里,3,2,1,0,0,0,0,1,
10312,新北市永和區,協和里,2,2,0,1,1,0,4,0,
10312,新北市永和區,和平里,5,3,2,1,1,0,1,2,
10312,新北市永和區,大同里,2,2,0,0,0,0,1,0,
10312,新北市永和區,大新里,1,0,1,0,0,0,0,0,
10312,新北市永和區,安和里,5,3,2,1,0,1,2,1,
10312,新北市永和區,店街里,4,2,2,1,1,0,6,0,
10312,新北市永和區,後溪里,1,1,0,1,0,1,3,0,
10312,新北市永和區,得和里,2,1,1,2,0,2,5,0,
10312,新北市永和區,復興里,1,1,0,2,2,0,4,1,
10312,新北市永和區,忠義里,1,0,1,2,1,1,0,0,
10312,新北市永和區,文化里,2,2,0,2,1,1,0,0,
10312,新北市永和區,新廍里,3,0,3,1,1,0,3,1,
10312,新北市永和區,新生里,1,1,0,0,0,0,0,1,
10312,新北市永和區,智光里,3,2,1,4,2,2,0,1,
10312,新北市永和區,桂林里,2,1,1,5,3,2,5,2,
10312,新北市永和區,正興里,2,2,0,3,2,1,4,0,
10312,新北市永和區,民富里,3,1,2,4,2,2,1,0,
10312,新北市永和區,民族里,2,0,2,0,0,0,4,1,
10312,新北市永和區,民本里,4,3,1,2,1,1,4,2,
10312,新北市永和區,民樂里,2,1,1,6,2,4,5,1,
10312,新北市永和區,民權里,4,2,2,2,2,0,1,2,
10312,新北市永和區,民治里,1,1,0,3,1,2,1,1,
10312,新北市永和區,民生里,6,3,3,2,1,1,5,1,
10312,新北市永和區,水源里,7,3,4,0,0,0,2,2,
10312,新北市永和區,永元里,0,0,0,6,4,2,3,1,
10312,新北市永和區,永安里,4,0,4,5,2,3,0,1,
10312,新北市永和區,永成里,0,0,0,0,0,0,0,0,
10312,新北市永和區,永樂里,0,0,0,0,0,0,4,1,
10312,新北市永和區,永福里,3,2,1,2,1,1,2,1,
10312,新北市永和區,永興里,6,3,3,2,2,0,1,1,
10312,新北市永和區,永貞里,1,0,1,0,0,0,2,2,
10312,新北市永和區,河堤里,2,2,0,1,0,1,4,3,
10312,新北市永和區,河濱里,6,3,3,3,2,1,2,0,
10312,新北市永和區,潭墘里,2,1,1,5,5,0,2,2,
10312,新北市永和區,潭安里,6,4,2,4,2,2,8,1,
10312,新北市永和區,福和里,4,2,2,2,1,1,6,0,
10312,新北市永和區,福林里,3,3,0,0,0,0,3,1,
10312,新北市永和區,秀元里,4,1,3,0,0,0,2,0,
10312,新北市永和區,秀和里,7,4,3,2,1,1,4,1,
10312,新北市永和區,秀得里,4,2,2,0,0,0,4,1,
10312,新北市永和區,秀成里,5,4,1,0,0,0,1,1,
10312,新北市永和區,秀朗里,3,1,2,3,3,0,3,2,
10312,新北市永和區,秀林里,1,0,1,0,0,0,2,0,
10312,新北市永和區,竹林里,2,2,0,0,0,0,4,1,
10312,新北市永和區,網溪里,0,0,0,2,1,1,0,0,
10312,新北市永和區,豫溪里,2,0,2,7,4,3,2,1,
10312,新北市永和區,雙和里,5,2,3,1,0,1,2,1,
10312,新北市永和區,頂溪里,2,2,0,0,0,0,0,1,
10312,新北市新莊區,中信里,8,3,5,1,1,0,8,2,
10312,新北市新莊區,中全里,6,4,2,0,0,0,3,1,
10312,新北市新莊區,中原里,16,8,8,5,5,0,5,1,
10312,新北市新莊區,中和里,8,4,4,6,5,1,4,2,
10312,新北市新莊區,中宏里,2,1,1,1,1,0,2,0,
10312,新北市新莊區,中平里,12,3,9,1,1,0,4,1,
10312,新北市新莊區,中泰里,8,4,4,6,3,3,5,2,
10312,新北市新莊區,中港里,8,6,2,1,0,1,10,1,
10312,新北市新莊區,中美里,6,4,2,4,2,2,7,2,
10312,新北市新莊區,中華里,6,2,4,0,0,0,2,1,
10312,新北市新莊區,中誠里,4,1,3,1,0,1,1,1,
10312,新北市新莊區,中隆里,6,4,2,2,2,0,4,0,
10312,新北市新莊區,丹鳳里,8,4,4,4,4,0,13,2,
10312,新北市新莊區,仁愛里,3,1,2,2,1,1,3,0,
10312,新北市新莊區,仁義里,4,2,2,2,1,1,4,4,
10312,新北市新莊區,信義里,4,4,0,4,3,1,7,2,
10312,新北市新莊區,光和里,3,0,3,1,1,0,3,0,
10312,新北市新莊區,光明里,7,0,7,0,0,0,0,1,
10312,新北市新莊區,光榮里,4,3,1,1,0,1,3,2,
10312,新北市新莊區,光正里,3,2,1,1,0,1,4,3,
10312,新北市新莊區,光華里,13,7,6,2,1,1,2,1,
10312,新北市新莊區,全安里,5,2,3,2,2,0,2,0,
10312,新北市新莊區,全泰里,6,5,1,0,0,0,2,2,
10312,新北市新莊區,八德里,3,1,2,1,1,0,4,2,
10312,新北市新莊區,化成里,6,4,2,0,0,0,5,1,
10312,新北市新莊區,南港里,10,3,7,1,1,0,8,2,
10312,新北市新莊區,合鳳里,5,1,4,0,0,0,2,3,
10312,新北市新莊區,和平里,10,4,6,1,1,0,7,1,
10312,新北市新莊區,四維里,6,2,4,3,2,1,3,2,
10312,新北市新莊區,國泰里,2,2,0,2,2,0,1,0,
10312,新北市新莊區,富國里,0,0,0,2,1,1,2,1,
10312,新北市新莊區,富民里,6,2,4,2,1,1,1,2,
10312,新北市新莊區,幸福里,2,1,1,2,2,0,3,2,
10312,新北市新莊區,建安里,10,6,4,2,2,0,12,0,
10312,新北市新莊區,建福里,3,3,0,4,1,3,4,0,
10312,新北市新莊區,後德里,1,1,0,1,1,0,4,1,
10312,新北市新莊區,後港里,8,3,5,3,3,0,6,0,
10312,新北市新莊區,忠孝里,8,2,6,1,0,1,2,0,
10312,新北市新莊區,思源里,5,4,1,2,2,0,5,1,
10312,新北市新莊區,思賢里,3,3,0,1,0,1,3,1,
10312,新北市新莊區,恆安里,4,0,4,1,1,0,4,0,
10312,新北市新莊區,成德里,6,3,3,1,1,0,8,0,
10312,新北市新莊區,文德里,0,0,0,1,1,0,1,0,
10312,新北市新莊區,文明里,0,0,0,2,0,2,1,0,
10312,新北市新莊區,文聖里,3,0,3,0,0,0,4,0,
10312,新北市新莊區,文衡里,1,0,1,1,1,0,2,0,
10312,新北市新莊區,昌信里,0,0,0,1,0,1,5,0,
10312,新北市新莊區,昌平里,5,3,2,1,1,0,8,2,
10312,新北市新莊區,昌明里,2,0,2,1,0,1,3,0,
10312,新北市新莊區,昌隆里,4,3,1,1,1,0,7,1,
10312,新北市新莊區,榮和里,3,2,1,3,3,0,0,0,
10312,新北市新莊區,民全里,6,2,4,1,1,0,2,0,
10312,新北市新莊區,民安里,6,3,3,0,0,0,2,2,
10312,新北市新莊區,民有里,5,3,2,1,0,1,1,0,
10312,新北市新莊區,民本里,1,1,0,2,1,1,4,1,
10312,新北市新莊區,泰豐里,1,1,0,1,1,0,2,2,
10312,新北市新莊區,海山里,2,1,1,1,1,0,3,1,
10312,新北市新莊區,營盤里,2,0,2,3,2,1,4,0,
10312,新北市新莊區,瓊林里,8,4,4,1,1,0,8,1,
10312,新北市新莊區,祥鳳里,3,2,1,1,1,0,5,0,
10312,新北市新莊區,福基里,4,1,3,2,0,2,3,1,
10312,新北市新莊區,福營里,2,2,0,0,0,0,0,0,
10312,新北市新莊區,福興里,9,6,3,0,0,0,5,0,
10312,新北市新莊區,立人里,4,3,1,1,1,0,3,1,
10312,新北市新莊區,立功里,4,1,3,2,2,0,3,1,
10312,新北市新莊區,立基里,4,2,2,2,2,0,3,2,
10312,新北市新莊區,立廷里,15,3,12,1,1,0,11,1,
10312,新北市新莊區,立德里,5,2,3,1,0,1,0,0,
10312,新北市新莊區,立志里,3,3,0,4,1,3,4,1,
10312,新北市新莊區,立泰里,4,2,2,2,1,1,7,2,
10312,新北市新莊區,立言里,7,3,4,0,0,0,3,1,
10312,新北市新莊區,自信里,2,0,2,0,0,0,1,3,
10312,新北市新莊區,自強里,3,2,1,2,0,2,1,0,
10312,新北市新莊區,自立里,7,5,2,4,2,2,6,2,
10312,新北市新莊區,興漢里,6,5,1,0,0,0,3,0,
10312,新北市新莊區,萬安里,1,0,1,1,1,0,4,1,
10312,新北市新莊區,裕民里,9,5,4,2,2,0,5,1,
10312,新北市新莊區,西盛里,19,12,7,1,1,0,9,2,
10312,新北市新莊區,豐年里,7,5,2,3,0,3,4,2,
10312,新北市新莊區,雙鳳里,8,5,3,1,1,0,9,3,
10312,新北市新莊區,頭前里,7,3,4,1,1,0,9,0,
10312,新北市新莊區,龍安里,1,1,0,1,0,1,2,1,
10312,新北市新莊區,龍福里,1,1,0,2,2,0,2,1,
10312,新北市新莊區,龍鳳里,17,8,9,8,7,1,7,4,
10312,新北市新店區,下城里,1,0,1,0,0,0,2,1,
10312,新北市新店區,中央里,3,1,2,3,1,2,1,3,
10312,新北市新店區,中山里,5,3,2,3,1,2,5,0,
10312,新北市新店區,中正里,10,3,7,4,1,3,5,1,
10312,新北市新店區,中興里,4,1,3,2,2,0,1,0,
10312,新北市新店區,中華里,4,2,2,3,1,2,4,0,
10312,新北市新店區,五峯里,6,5,1,4,2,2,12,0,
10312,新北市新店區,仁愛里,0,0,0,1,0,1,2,0,
10312,新北市新店區,信義里,7,3,4,7,5,2,14,1,
10312,新北市新店區,公崙里,17,6,11,3,2,1,7,4,
10312,新北市新店區,吉祥里,3,2,1,1,0,1,5,1,
10312,新北市新店區,和平里,0,0,0,3,2,1,0,0,
10312,新北市新店區,員潭里,5,3,2,5,4,1,3,0,
10312,新北市新店區,國校里,2,0,2,5,2,3,3,0,
10312,新北市新店區,國豐里,4,2,2,3,3,0,3,1,
10312,新北市新店區,塗潭里,0,0,0,0,0,0,0,1,
10312,新北市新店區,大同里,7,5,2,2,2,0,0,1,
10312,新北市新店區,大豐里,3,2,1,1,0,1,5,2,
10312,新北市新店區,大鵬里,4,1,3,2,0,2,1,1,
10312,新北市新店區,太平里,2,1,1,4,2,2,8,0,
10312,新北市新店區,安和里,3,2,1,4,4,0,9,3,
10312,新北市新店區,安昌里,3,1,2,2,1,1,5,1,
10312,新北市新店區,寶安里,3,0,3,2,1,1,3,0,
10312,新北市新店區,寶福里,4,3,1,6,5,1,6,0,
10312,新北市新店區,寶興里,2,2,0,4,1,3,7,1,
10312,新北市新店區,小城里,2,2,0,4,2,2,3,0,
10312,新北市新店區,屈尺里,3,1,2,4,3,1,1,0,
10312,新北市新店區,廣明里,3,2,1,0,0,0,0,0,
10312,新北市新店區,廣興里,1,0,1,1,1,0,1,1,
10312,新北市新店區,建國里,4,2,2,1,0,1,1,0,
10312,新北市新店區,張北里,7,4,3,8,5,3,5,2,
10312,新北市新店區,張南里,1,1,0,1,1,0,3,1,
10312,新北市新店區,復興里,1,1,0,2,1,1,2,3,
10312,新北市新店區,德安里,6,2,4,5,4,1,4,3,
10312,新北市新店區,忠孝里,0,0,0,2,2,0,2,1,
10312,新北市新店區,忠誠里,2,1,1,2,2,0,2,0,
10312,新北市新店區,文中里,1,1,0,0,0,0,1,0,
10312,新北市新店區,文明里,1,1,0,0,0,0,1,0,
10312,新北市新店區,新和里,4,1,3,2,0,2,7,3,
10312,新北市新店區,新安里,7,2,5,2,1,1,4,1,
10312,新北市新店區,新店里,1,0,1,1,1,0,1,0,
10312,新北市新店區,新德里,1,1,0,2,1,1,1,0,
10312,新北市新店區,新生里,9,4,5,5,5,0,4,2,
10312,新北市新店區,日興里,5,1,4,1,0,1,10,1,
10312,新北市新店區,明城里,0,0,0,0,0,0,4,0,
10312,新北市新店區,明德里,2,1,1,2,2,0,1,1,
10312,新北市新店區,柴埕里,8,3,5,4,3,1,5,1,
10312,新北市新店區,永安里,5,2,3,5,3,2,2,0,
10312,新北市新店區,永平里,7,3,4,2,0,2,3,1,
10312,新北市新店區,江陵里,8,4,4,4,3,1,3,1,
10312,新北市新店區,玫瑰里,1,1,0,5,4,1,5,4,
10312,新北市新店區,百和里,5,3,2,0,0,0,2,0,
10312,新北市新店區,百忍里,3,2,1,1,0,1,4,1,
10312,新北市新店區,百福里,2,0,2,0,0,0,2,1,
10312,新北市新店區,直潭里,0,0,0,1,1,0,1,1,
10312,新北市新店區,福德里,4,1,3,0,0,0,1,2,
10312,新北市新店區,福民里,5,4,1,5,3,2,1,0,
10312,新北市新店區,粗坑里,2,1,1,3,3,0,3,0,
10312,新北市新店區,美城里,6,3,3,1,0,1,0,1,
10312,新北市新店區,美潭里,3,2,1,4,3,1,5,3,
10312,新北市新店區,華城里,0,0,0,0,0,0,2,0,
10312,新北市新店區,達觀里,5,2,3,1,0,1,4,0,
10312,新北市新店區,長春里,1,1,0,1,1,0,3,0,
10312,新北市新店區,雙坑里,0,0,0,1,1,0,1,0,
10312,新北市新店區,雙城里,11,5,6,8,6,2,5,0,
10312,新北市新店區,青潭里,5,2,3,3,3,0,6,2,
10312,新北市新店區,頂城里,1,1,0,3,2,1,0,0,
10312,新北市新店區,香坡里,6,4,2,3,3,0,12,4,
10312,新北市新店區,龜山里,2,0,2,3,3,0,1,1,
10312,新北市樹林區,三多里,6,2,4,1,1,0,3,2,
10312,新北市樹林區,三福里,1,0,1,2,1,1,2,1,
10312,新北市樹林區,三興里,5,2,3,3,2,1,6,3,
10312,新北市樹林區,三龍里,4,3,1,1,1,0,3,0,
10312,新北市樹林區,中山里,4,1,3,3,1,2,4,0,
10312,新北市樹林區,中華里,3,2,1,2,2,0,0,0,
10312,新北市樹林區,保安里,4,2,2,3,1,2,7,2,
10312,新北市樹林區,光興里,3,1,2,2,2,0,8,3,
10312,新北市樹林區,北園里,4,4,0,0,0,0,4,0,
10312,新北市樹林區,南園里,24,10,14,1,1,0,14,2,
10312,新北市樹林區,和平里,7,2,5,0,0,0,4,1,
10312,新北市樹林區,圳安里,4,4,0,2,0,2,3,2,
10312,新北市樹林區,圳民里,5,2,3,0,0,0,2,0,
10312,新北市樹林區,圳生里,4,3,1,1,1,0,1,0,
10312,新北市樹林區,圳福里,9,7,2,3,1,2,6,0,
10312,新北市樹林區,坡內里,0,0,0,1,0,1,1,2,
10312,新北市樹林區,大同里,7,3,4,1,0,1,5,1,
10312,新北市樹林區,太順里,2,0,2,2,0,2,4,1,
10312,新北市樹林區,山佳里,7,3,4,3,3,0,5,2,
10312,新北市樹林區,彭厝里,7,2,5,2,0,2,2,1,
10312,新北市樹林區,彭福里,8,5,3,2,2,0,3,1,
10312,新北市樹林區,彭興里,5,3,2,5,4,1,6,2,
10312,新北市樹林區,文林里,6,3,3,2,2,0,3,3,
10312,新北市樹林區,東園里,2,2,0,3,2,1,1,0,
10312,新北市樹林區,東山里,5,1,4,2,1,1,0,0,
10312,新北市樹林區,東昇里,9,4,5,3,3,0,6,2,
10312,新北市樹林區,東陽里,6,2,4,3,3,0,2,3,
10312,新北市樹林區,柑園里,15,10,5,6,4,2,5,2,
10312,新北市樹林區,樂山里,0,0,0,1,1,0,1,1,
10312,新北市樹林區,樹人里,3,1,2,4,2,2,6,0,
10312,新北市樹林區,樹北里,1,0,1,1,1,0,1,2,
10312,新北市樹林區,樹南里,3,3,0,2,1,1,2,2,
10312,新北市樹林區,樹德里,3,3,0,5,4,1,5,0,
10312,新北市樹林區,樹東里,1,1,0,0,0,0,0,1,
10312,新北市樹林區,樹福里,3,1,2,1,1,0,6,0,
10312,新北市樹林區,樹興里,7,4,3,2,1,1,2,1,
10312,新北市樹林區,樹西里,5,3,2,1,1,0,5,0,
10312,新北市樹林區,潭底里,9,5,4,3,3,0,1,2,
10312,新北市樹林區,育英里,2,1,1,3,1,2,0,0,
10312,新北市樹林區,西園里,4,2,2,2,1,1,0,0,
10312,新北市樹林區,金寮里,6,6,0,2,2,0,3,2,
10312,新北市樹林區,󿾵寮里,5,2,3,4,3,1,5,0,
10312,新北市鶯歌區,中湖里,8,3,5,2,2,0,5,2,
10312,新北市鶯歌區,中鶯里,2,1,1,2,2,0,2,0,
10312,新北市鶯歌區,二橋里,13,7,6,3,2,1,10,2,
10312,新北市鶯歌區,二甲里,0,0,0,0,0,0,1,0,
10312,新北市鶯歌區,北鶯里,8,4,4,2,1,1,3,2,
10312,新北市鶯歌區,南靖里,3,3,0,2,1,1,2,3,
10312,新北市鶯歌區,南鶯里,6,6,0,5,2,3,3,2,
10312,新北市鶯歌區,同慶里,1,0,1,1,1,0,1,0,
10312,新北市鶯歌區,大湖里,11,8,3,2,2,0,7,0,
10312,新北市鶯歌區,尖山里,5,2,3,3,2,1,4,2,
10312,新北市鶯歌區,建國里,9,3,6,3,2,1,8,1,
10312,新北市鶯歌區,建德里,0,0,0,2,1,1,0,1,
10312,新北市鶯歌區,東湖里,0,0,0,0,0,0,0,0,
10312,新北市鶯歌區,東鶯里,1,0,1,1,1,0,1,0,
10312,新北市鶯歌區,永吉里,10,5,5,2,1,1,5,1,
10312,新北市鶯歌區,永昌里,8,6,2,1,1,0,5,4,
10312,新北市鶯歌區,西鶯里,2,1,1,3,1,2,3,0,
10312,新北市鶯歌區,鳳祥里,8,5,3,2,1,1,1,0,
10312,新北市鶯歌區,鳳福里,7,4,3,2,1,1,1,0,
10312,新北市鶯歌區,鳳鳴里,6,3,3,3,3,0,8,0,
10312,新北市三峽區,三峽里,1,1,0,0,0,0,0,0,
10312,新北市三峽區,中埔里,2,1,1,1,1,0,1,0,
10312,新北市三峽區,中正里,4,4,0,2,2,0,4,0,
10312,新北市三峽區,二鬮里,2,1,1,1,0,1,3,2,
10312,新北市三峽區,五寮里,1,0,1,0,0,0,1,0,
10312,新北市三峽區,介壽里,6,3,3,2,2,0,8,1,
10312,新北市三峽區,八張里,8,4,4,1,1,0,2,0,
10312,新北市三峽區,嘉添里,2,2,0,8,7,1,1,3,
10312,新北市三峽區,大埔里,7,3,4,1,0,1,4,1,
10312,新北市三峽區,安坑里,2,2,0,1,1,0,2,0,
10312,新北市三峽區,安溪里,5,2,3,4,3,1,4,1,
10312,新北市三峽區,弘道里,0,0,0,3,3,0,2,0,
10312,新北市三峽區,成福里,1,1,0,4,3,1,0,0,
10312,新北市三峽區,插角里,2,1,1,1,0,1,0,0,
10312,新北市三峽區,有木里,0,0,0,1,0,1,1,0,
10312,新北市三峽區,永舘里,11,5,6,4,2,2,5,1,
10312,新北市三峽區,添福里,2,2,0,1,1,0,2,0,
10312,新北市三峽區,溪北里,2,2,0,1,1,0,1,1,
10312,新北市三峽區,溪南里,4,4,0,1,0,1,1,2,
10312,新北市三峽區,溪東里,1,0,1,3,0,3,3,0,
10312,新北市三峽區,礁溪里,8,7,1,0,0,0,7,0,
10312,新北市三峽區,秀川里,0,0,0,1,0,1,0,1,
10312,新北市三峽區,竹崙里,4,2,2,2,2,0,1,3,
10312,新北市三峽區,金圳里,0,0,0,1,0,1,1,0,
10312,新北市三峽區,鳶山里,10,3,7,8,5,3,5,6,
10312,新北市三峽區,龍埔里,8,2,6,3,2,1,7,3,
10312,新北市三峽區,龍學里,20,10,10,4,3,1,7,0,
10312,新北市三峽區,龍恩里,7,3,4,3,1,2,5,3,
10312,新北市淡水區,中和里,1,0,1,2,2,0,1,1,
10312,新北市淡水區,中興里,10,6,4,3,1,2,2,1,
10312,新北市淡水區,八勢里,11,4,7,1,0,1,5,3,
10312,新北市淡水區,北投里,11,6,5,3,1,2,7,2,
10312,新北市淡水區,北新里,3,3,0,1,1,0,2,0,
10312,新北市淡水區,協元里,1,0,1,0,0,0,0,0,
10312,新北市淡水區,坪頂里,1,0,1,0,0,0,2,0,
10312,新北市淡水區,埤島里,3,1,2,1,0,1,0,0,
10312,新北市淡水區,大庄里,7,2,5,4,3,1,4,1,
10312,新北市淡水區,學府里,4,1,3,4,4,0,1,3,
10312,新北市淡水區,屯山里,1,1,0,1,1,0,3,1,
10312,新北市淡水區,崁頂里,7,4,3,4,0,4,10,2,
10312,新北市淡水區,幸福里,2,0,2,2,1,1,4,2,
10312,新北市淡水區,忠寮里,0,0,0,0,0,0,1,0,
10312,新北市淡水區,忠山里,1,0,1,0,0,0,0,1,
10312,新北市淡水區,文化里,1,1,0,2,1,1,0,1,
10312,新北市淡水區,新春里,7,5,2,2,2,0,2,3,
10312,新北市淡水區,新民里,4,1,3,3,2,1,1,1,
10312,新北市淡水區,新生里,1,1,0,2,2,0,0,0,
10312,新北市淡水區,新義里,3,2,1,0,0,0,4,1,
10312,新北市淡水區,新興里,12,5,7,3,2,1,6,3,
10312,新北市淡水區,樹興里,1,0,1,0,0,0,1,1,
10312,新北市淡水區,正德里,4,2,2,5,5,0,4,1,
10312,新北市淡水區,民安里,1,0,1,0,0,0,1,1,
10312,新北市淡水區,民權里,6,3,3,0,0,0,3,0,
10312,新北市淡水區,民生里,9,5,4,6,3,3,5,1,
10312,新北市淡水區,水源里,1,0,1,0,0,0,0,0,
10312,新北市淡水區,水碓里,6,4,2,1,0,1,7,2,
10312,新北市淡水區,永吉里,2,1,1,1,0,1,0,0,
10312,新北市淡水區,沙崙里,5,0,5,1,0,1,2,3,
10312,新北市淡水區,油車里,6,4,2,3,2,1,4,2,
10312,新北市淡水區,清文里,0,0,0,1,0,1,0,0,
10312,新北市淡水區,福德里,7,6,1,1,1,0,3,2,
10312,新北市淡水區,竹圍里,5,2,3,2,1,1,4,2,
10312,新北市淡水區,竿蓁里,6,4,2,3,3,0,12,3,
10312,新北市淡水區,義山里,3,2,1,3,3,0,1,0,
10312,新北市淡水區,興仁里,2,0,2,0,0,0,2,0,
10312,新北市淡水區,草東里,0,0,0,3,2,1,0,1,
10312,新北市淡水區,蕃薯里,0,0,0,1,0,1,1,0,
10312,新北市淡水區,賢孝里,1,0,1,2,1,1,0,0,
10312,新北市淡水區,鄧公里,9,6,3,1,1,0,7,1,
10312,新北市淡水區,長庚里,1,0,1,1,1,0,0,0,
10312,新北市汐止區,中興里,9,4,5,3,2,1,12,3,
10312,新北市汐止區,仁德里,4,3,1,1,1,0,1,3,
10312,新北市汐止區,保安里,1,0,1,1,1,0,2,1,
10312,新北市汐止區,保新里,2,1,1,4,0,4,1,1,
10312,新北市汐止區,保長里,4,1,3,1,1,0,8,0,
10312,新北市汐止區,信望里,0,0,0,1,0,1,0,0,
10312,新北市汐止區,八連里,1,1,0,1,1,0,0,0,
10312,新北市汐止區,北山里,2,2,0,2,2,0,5,1,
10312,新北市汐止區,北峰里,7,7,0,0,0,0,2,2,
10312,新北市汐止區,厚德里,8,3,5,7,4,3,9,3,
10312,新北市汐止區,城中里,3,2,1,4,3,1,3,1,
10312,新北市汐止區,大同里,4,2,2,2,1,1,9,2,
10312,新北市汐止區,宜興里,1,1,0,1,0,1,5,0,
10312,新北市汐止區,山光里,1,0,1,2,1,1,1,0,
10312,新北市汐止區,崇德里,6,3,3,6,4,2,3,2,
10312,新北市汐止區,康福里,7,5,2,3,2,1,6,3,
10312,新北市汐止區,建成里,7,5,2,1,0,1,3,1,
10312,新北市汐止區,復興里,11,7,4,2,1,1,3,1,
10312,新北市汐止區,忠孝里,4,3,1,5,3,2,6,4,
10312,新北市汐止區,忠山里,2,1,1,0,0,0,4,0,
10312,新北市汐止區,拱北里,5,3,2,1,1,0,4,1,
10312,新北市汐止區,文化里,9,3,6,2,2,0,4,1,
10312,新北市汐止區,新昌里,10,5,5,5,4,1,1,2,
10312,新北市汐止區,智慧里,6,4,2,3,1,2,1,1,
10312,新北市汐止區,東勢里,5,1,4,0,0,0,4,1,
10312,新北市汐止區,東山里,0,0,0,2,0,2,0,0,
10312,新北市汐止區,樟樹里,1,0,1,1,1,0,2,0,
10312,新北市汐止區,橋東里,6,5,1,1,0,1,2,1,
10312,新北市汐止區,橫科里,7,2,5,3,0,3,6,0,
10312,新北市汐止區,江北里,10,6,4,0,0,0,3,1,
10312,新北市汐止區,湖光里,9,3,6,1,0,1,8,1,
10312,新北市汐止區,湖興里,8,6,2,1,1,0,6,1,
10312,新北市汐止區,湖蓮里,5,2,3,1,0,1,2,0,
10312,新北市汐止區,烘內里,2,0,2,1,1,0,0,0,
10312,新北市汐止區,環河里,3,2,1,1,1,0,1,1,
10312,新北市汐止區,白雲里,5,3,2,0,0,0,2,1,
10312,新北市汐止區,福安里,10,6,4,0,0,0,5,1,
10312,新北市汐止區,福山里,1,0,1,0,0,0,3,0,
10312,新北市汐止區,福德里,3,1,2,2,1,1,2,1,
10312,新北市汐止區,禮門里,0,0,0,0,0,0,0,0,
10312,新北市汐止區,秀山里,6,4,2,1,1,0,5,0,
10312,新北市汐止區,秀峰里,2,0,2,0,0,0,4,3,
10312,新北市汐止區,義民里,1,1,0,2,1,1,1,0,
10312,新北市汐止區,自強里,3,2,1,3,2,1,3,1,
10312,新北市汐止區,興福里,2,2,0,1,1,0,3,2,
10312,新北市汐止區,茄苳里,3,3,0,3,3,0,2,2,
10312,新北市汐止區,鄉長里,1,0,1,1,0,1,3,0,
10312,新北市汐止區,金龍里,3,3,0,3,2,1,2,3,
10312,新北市汐止區,長安里,2,1,1,0,0,0,0,0,
10312,新北市汐止區,長青里,0,0,0,0,0,0,0,0,
10312,新北市瑞芳區,上天里,1,0,1,1,1,0,0,0,
10312,新北市瑞芳區,傑魚里,1,1,0,1,1,0,0,0,
10312,新北市瑞芳區,光復里,0,0,0,0,0,0,1,0,
10312,新北市瑞芳區,南雅里,0,0,0,0,0,0,0,0,
10312,新北市瑞芳區,吉安里,5,4,1,0,0,0,2,0,
10312,新北市瑞芳區,吉慶里,2,0,2,4,4,0,1,1,
10312,新北市瑞芳區,基山里,1,0,1,0,0,0,0,0,
10312,新北市瑞芳區,崇文里,1,1,0,0,0,0,0,0,
10312,新北市瑞芳區,弓橋里,1,1,0,0,0,0,0,0,
10312,新北市瑞芳區,新山里,0,0,0,0,0,0,0,0,
10312,新北市瑞芳區,新峰里,10,7,3,2,1,1,2,2,
10312,新北市瑞芳區,東和里,1,0,1,0,0,0,1,0,
10312,新北市瑞芳區,柑坪里,2,2,0,1,1,0,1,1,
10312,新北市瑞芳區,永慶里,0,0,0,0,0,0,0,0,
10312,新北市瑞芳區,海濱里,1,0,1,1,1,0,0,1,
10312,新北市瑞芳區,深澳里,2,0,2,0,0,0,1,0,
10312,新北市瑞芳區,濓新里,0,0,0,0,0,0,0,0,
10312,新北市瑞芳區,濓洞里,0,0,0,1,0,1,0,0,
10312,新北市瑞芳區,爪峯里,5,4,1,8,6,2,5,0,
10312,新北市瑞芳區,猴硐里,1,1,0,2,2,0,1,0,
10312,新北市瑞芳區,瑞濱里,4,1,3,4,3,1,3,1,
10312,新北市瑞芳區,瓜山里,0,0,0,1,1,0,0,0,
10312,新北市瑞芳區,石山里,1,0,1,0,0,0,0,1,
10312,新北市瑞芳區,碩仁里,0,0,0,0,0,0,0,0,
10312,新北市瑞芳區,福住里,0,0,0,1,1,0,0,0,
10312,新北市瑞芳區,銅山里,0,0,0,0,0,0,0,0,
10312,新北市瑞芳區,頌德里,0,0,0,0,0,0,0,0,
10312,新北市瑞芳區,鼻頭里,0,0,0,2,2,0,1,0,
10312,新北市瑞芳區,龍安里,1,0,1,1,1,0,0,0,
10312,新北市瑞芳區,龍山里,2,1,1,3,2,1,0,0,
10312,新北市瑞芳區,龍川里,1,0,1,1,1,0,1,0,
10312,新北市瑞芳區,龍潭里,2,1,1,0,0,0,1,0,
10312,新北市瑞芳區,龍興里,1,1,0,2,1,1,2,0,
10312,新北市瑞芳區,龍鎮里,1,1,0,1,0,1,0,0,
10312,新北市土城區,中正里,4,2,2,2,1,1,8,0,
10312,新北市土城區,員仁里,3,2,1,8,6,2,4,1,
10312,新北市土城區,員信里,9,4,5,2,2,0,7,0,
10312,新北市土城區,員林里,7,4,3,2,1,1,10,1,
10312,新北市土城區,員福里,6,3,3,6,4,2,4,1,
10312,新北市土城區,土城里,2,2,0,1,0,1,3,1,
10312,新北市土城區,埤塘里,3,1,2,5,4,1,2,2,
10312,新北市土城區,埤林里,7,4,3,2,1,1,7,1,
10312,新北市土城區,大安里,4,2,2,0,0,0,7,4,
10312,新北市土城區,學士里,7,6,1,1,1,0,5,0,
10312,新北市土城區,學府里,2,2,0,1,1,0,3,2,
10312,新北市土城區,學成里,3,1,2,1,0,1,1,0,
10312,新北市土城區,安和里,8,3,5,1,0,1,6,3,
10312,新北市土城區,峯廷里,3,2,1,1,1,0,7,2,
10312,新北市土城區,平和里,7,4,3,2,2,0,8,1,
10312,新北市土城區,廣福里,7,4,3,5,4,1,4,1,
10312,新北市土城區,廣興里,4,1,3,3,2,1,2,0,
10312,新北市土城區,延吉里,5,2,3,3,2,1,4,1,
10312,新北市土城區,延和里,13,8,5,3,3,0,3,1,
10312,新北市土城區,延壽里,4,2,2,1,1,0,3,2,
10312,新北市土城區,延祿里,5,2,3,0,0,0,1,1,
10312,新北市土城區,廷寮里,5,3,2,4,1,3,3,1,
10312,新北市土城區,復興里,2,1,1,1,0,1,2,2,
10312,新北市土城區,日和里,8,5,3,2,2,0,4,1,
10312,新北市土城區,日新里,4,3,1,2,0,2,3,0,
10312,新北市土城區,明德里,5,3,2,2,2,0,4,1,
10312,新北市土城區,柑林里,0,0,0,0,0,0,1,3,
10312,新北市土城區,樂利里,2,0,2,1,1,0,3,5,
10312,新北市土城區,永富里,7,3,4,2,1,1,3,1,
10312,新北市土城區,永寧里,11,4,7,9,5,4,8,1,
10312,新北市土城區,永豐里,2,1,1,0,0,0,5,1,
10312,新北市土城區,沛陂里,6,2,4,4,3,1,3,3,
10312,新北市土城區,清化里,0,0,0,2,1,1,0,0,
10312,新北市土城區,清和里,6,4,2,3,1,2,7,0,
10312,新北市土城區,清水里,7,4,3,3,3,0,6,4,
10312,新北市土城區,清溪里,8,3,5,4,3,1,7,0,
10312,新北市土城區,瑞興里,0,0,0,2,1,1,2,0,
10312,新北市土城區,祖田里,2,1,1,1,1,0,1,0,
10312,新北市土城區,裕生里,6,3,3,2,1,1,0,1,
10312,新北市土城區,貨饒里,6,2,4,2,2,0,5,0,
10312,新北市土城區,金城里,9,6,3,2,1,1,5,1,
10312,新北市土城區,長風里,0,0,0,1,1,0,2,0,
10312,新北市土城區,青山里,3,2,1,2,2,0,7,0,
10312,新北市土城區,青雲里,4,1,3,1,1,0,3,1,
10312,新北市土城區,頂埔里,2,1,1,3,2,1,2,0,
10312,新北市土城區,頂新里,3,2,1,2,1,1,3,0,
10312,新北市土城區,頂福里,6,3,3,3,2,1,6,2,
10312,新北市蘆洲區,中原里,6,3,3,3,2,1,3,1,
10312,新北市蘆洲區,中華里,4,2,2,1,1,0,0,1,
10312,新北市蘆洲區,中路里,3,1,2,3,2,1,4,0,
10312,新北市蘆洲區,九芎里,6,1,5,3,1,2,7,2,
10312,新北市蘆洲區,仁復里,4,3,1,1,0,1,1,2,
10312,新北市蘆洲區,仁德里,10,6,4,5,3,2,6,1,
10312,新北市蘆洲區,仁愛里,6,4,2,4,3,1,6,2,
10312,新北市蘆洲區,仁義里,5,2,3,3,2,1,3,1,
10312,新北市蘆洲區,保佑里,3,1,2,2,2,0,1,1,
10312,新北市蘆洲區,保和里,3,1,2,2,2,0,2,1,
10312,新北市蘆洲區,保新里,5,3,2,3,1,2,2,1,
10312,新北市蘆洲區,信義里,5,4,1,2,1,1,6,0,
10312,新北市蘆洲區,光明里,2,1,1,3,1,2,3,0,
10312,新北市蘆洲區,光華里,6,4,2,2,2,0,5,2,
10312,新北市蘆洲區,南港里,7,6,1,3,1,2,5,0,
10312,新北市蘆洲區,延平里,9,3,6,0,0,0,7,2,
10312,新北市蘆洲區,得仁里,4,2,2,0,0,0,2,1,
10312,新北市蘆洲區,得勝里,3,2,1,1,0,1,1,2,
10312,新北市蘆洲區,復興里,8,4,4,3,2,1,5,0,
10312,新北市蘆洲區,忠孝里,1,0,1,1,1,0,3,0,
10312,新北市蘆洲區,忠義里,6,5,1,2,1,1,5,2,
10312,新北市蘆洲區,恆德里,7,4,3,3,1,2,7,1,
10312,新北市蘆洲區,成功里,5,4,1,2,2,0,2,0,
10312,新北市蘆洲區,樓厝里,8,5,3,1,1,0,6,1,
10312,新北市蘆洲區,樹德里,2,1,1,2,1,1,3,0,
10312,新北市蘆洲區,正義里,23,11,12,6,4,2,9,3,
10312,新北市蘆洲區,民和里,3,1,2,0,0,0,1,0,
10312,新北市蘆洲區,水河里,9,5,4,2,1,1,3,3,
10312,新北市蘆洲區,水湳里,11,5,6,1,1,0,12,2,
10312,新北市蘆洲區,永安里,1,0,1,1,1,0,7,1,
10312,新北市蘆洲區,永康里,6,5,1,5,4,1,5,4,
10312,新北市蘆洲區,永德里,2,0,2,1,1,0,2,1,
10312,新北市蘆洲區,永樂里,6,3,3,2,1,1,5,2,
10312,新北市蘆洲區,溪墘里,2,0,2,2,0,2,1,0,
10312,新北市蘆洲區,玉清里,9,4,5,0,0,0,3,1,
10312,新北市蘆洲區,福安里,3,2,1,2,1,1,2,2,
10312,新北市蘆洲區,長安里,1,1,0,0,0,0,4,2,
10312,新北市蘆洲區,鷺江里,6,2,4,6,4,2,4,1,
10312,新北市五股區,五福里,3,2,1,0,0,0,7,2,
10312,新北市五股區,五股里,8,6,2,2,2,0,3,0,
10312,新北市五股區,五龍里,1,1,0,0,0,0,1,0,
10312,新北市五股區,六福里,7,3,4,2,2,0,0,2,
10312,新北市五股區,德泰里,1,0,1,1,1,0,3,1,
10312,新北市五股區,德音里,3,1,2,2,1,1,3,1,
10312,新北市五股區,成功里,5,4,1,2,0,2,1,1,
10312,新北市五股區,成州里,7,5,2,2,2,0,3,3,
10312,新北市五股區,成德里,3,2,1,2,2,0,4,0,
10312,新北市五股區,成泰里,4,1,3,1,1,0,5,0,
10312,新北市五股區,更寮里,0,0,0,1,0,1,1,0,
10312,新北市五股區,民義里,4,3,1,3,3,0,7,1,
10312,新北市五股區,水碓里,6,3,3,1,1,0,7,0,
10312,新北市五股區,福德里,2,2,0,1,0,1,3,1,
10312,新北市五股區,興珍里,3,3,0,2,2,0,4,2,
10312,新北市五股區,觀音里,1,1,0,2,1,1,1,0,
10312,新北市五股區,貿商里,3,1,2,2,1,1,1,0,
10312,新北市五股區,陸一里,1,1,0,1,1,0,2,0,
10312,新北市五股區,集福里,2,2,0,2,0,2,5,0,
10312,新北市五股區,集賢里,2,2,0,4,2,2,3,1,
10312,新北市泰山區,全興里,12,6,6,1,0,1,8,2,
10312,新北市泰山區,同榮里,3,2,1,1,1,0,3,0,
10312,新北市泰山區,同興里,3,1,2,2,0,2,2,3,
10312,新北市泰山區,大科里,1,1,0,2,2,0,0,1,
10312,新北市泰山區,山腳里,7,5,2,2,2,0,6,3,
10312,新北市泰山區,新明里,2,1,1,2,1,1,9,2,
10312,新北市泰山區,明志里,4,3,1,1,1,0,3,0,
10312,新北市泰山區,楓樹里,9,4,5,2,2,0,3,1,
10312,新北市泰山區,泰友里,4,1,3,0,0,0,1,0,
10312,新北市泰山區,福泰里,2,1,1,3,2,1,1,0,
10312,新北市泰山區,福興里,4,3,1,1,1,0,3,0,
10312,新北市泰山區,義仁里,5,3,2,2,1,1,5,1,
10312,新北市泰山區,義學里,4,3,1,3,3,0,1,1,
10312,新北市泰山區,貴和里,7,1,6,4,3,1,7,0,
10312,新北市泰山區,貴子里,5,2,3,3,2,1,3,1,
10312,新北市泰山區,貴賢里,2,2,0,3,3,0,2,0,
10312,新北市泰山區,黎明里,4,0,4,0,0,0,3,0,
10312,新北市林口區,下福里,1,0,1,2,2,0,1,0,
10312,新北市林口區,中湖里,2,1,1,0,0,0,2,0,
10312,新北市林口區,仁愛里,10,8,2,1,1,0,5,1,
10312,新北市林口區,南勢里,38,21,17,3,1,2,22,8,
10312,新北市林口區,嘉寶里,1,0,1,1,1,0,1,0,
10312,新北市林口區,太平里,3,2,1,1,1,0,3,0,
10312,新北市林口區,東勢里,5,3,2,4,3,1,8,0,
10312,新北市林口區,東林里,3,0,3,0,0,0,8,0,
10312,新北市林口區,林口里,11,4,7,5,4,1,3,1,
10312,新北市林口區,湖北里,1,1,0,0,0,0,1,0,
10312,新北市林口區,湖南里,41,18,23,3,1,2,20,2,
10312,新北市林口區,瑞平里,2,0,2,0,0,0,0,0,
10312,新北市林口區,菁湖里,3,2,1,4,2,2,4,1,
10312,新北市林口區,西林里,13,7,6,2,2,0,6,2,
10312,新北市林口區,頂福里,0,0,0,1,0,1,0,0,
10312,新北市林口區,麗園里,5,3,2,1,0,1,1,3,
10312,新北市林口區,麗林里,7,3,4,3,1,2,11,2,
10312,新北市深坑區,土庫里,4,3,1,1,1,0,3,0,
10312,新北市深坑區,埔新里,4,1,3,1,0,1,5,1,
10312,新北市深坑區,昇高里,1,1,0,1,1,0,0,1,
10312,新北市深坑區,深坑里,1,0,1,2,1,1,3,0,
10312,新北市深坑區,萬福里,2,2,0,1,1,0,5,0,
10312,新北市深坑區,萬順里,4,2,2,1,0,1,0,0,
10312,新北市深坑區,賴仲里,2,0,2,4,1,3,0,0,
10312,新北市深坑區,阿柔里,1,0,1,1,0,1,0,0,
10312,新北市石碇區,中民里,1,1,0,1,0,1,2,0,
10312,新北市石碇區,光明里,0,0,0,0,0,0,0,0,
10312,新北市石碇區,彭山里,1,0,1,0,0,0,0,0,
10312,新北市石碇區,格頭里,1,0,1,0,0,0,1,0,
10312,新北市石碇區,永安里,1,1,0,0,0,0,0,0,
10312,新北市石碇區,永定里,0,0,0,0,0,0,0,1,
10312,新北市石碇區,潭邊里,0,0,0,0,0,0,0,0,
10312,新北市石碇區,烏塗里,0,0,0,2,2,0,0,0,
10312,新北市石碇區,石碇里,0,0,0,1,1,0,0,0,
10312,新北市石碇區,豐林里,1,1,0,0,0,0,0,0,
10312,新北市石碇區,豐田里,1,1,0,1,1,0,0,0,
10312,新北市石碇區,隆盛里,0,0,0,1,1,0,1,1,
10312,新北市坪林區,上德里,1,0,1,0,0,0,0,0,
10312,新北市坪林區,坪林里,3,1,2,2,2,0,0,0,
10312,新北市坪林區,大林里,1,1,0,2,1,1,2,0,
10312,新北市坪林區,水德里,0,0,0,0,0,0,0,0,
10312,新北市坪林區,漁光里,1,0,1,0,0,0,0,0,
10312,新北市坪林區,石𥕢里,0,0,0,1,0,1,0,0,
10312,新北市坪林區,粗窟里,0,0,0,3,1,2,1,0,
10312,新北市三芝區,八賢里,0,0,0,0,0,0,0,0,
10312,新北市三芝區,古庄里,3,2,1,0,0,0,1,0,
10312,新北市三芝區,圓山里,1,0,1,2,1,1,1,0,
10312,新北市三芝區,埔坪里,2,0,2,6,5,1,1,0,
10312,新北市三芝區,埔頭里,4,1,3,2,1,1,8,0,
10312,新北市三芝區,店子里,2,1,1,0,0,0,0,0,
10312,新北市三芝區,後厝里,1,0,1,0,0,0,3,1,
10312,新北市三芝區,新庄里,2,1,1,2,1,1,2,0,
10312,新北市三芝區,橫山里,1,1,0,1,1,0,0,0,
10312,新北市三芝區,福德里,3,3,0,0,0,0,1,0,
10312,新北市三芝區,興華里,0,0,0,2,1,1,0,0,
10312,新北市三芝區,茂長里,0,0,0,1,0,1,0,0,
10312,新北市三芝區,錫板里,0,0,0,1,1,0,0,0,
10312,新北市石門區,乾華里,0,0,0,0,0,0,0,0,
10312,新北市石門區,富基里,0,0,0,1,1,0,1,1,
10312,新北市石門區,尖鹿里,3,2,1,0,0,0,2,0,
10312,新北市石門區,山溪里,0,0,0,0,0,0,1,0,
10312,新北市石門區,德茂里,3,1,2,1,1,0,0,0,
10312,新北市石門區,石門里,4,0,4,3,3,0,1,1,
10312,新北市石門區,老梅里,4,3,1,3,1,2,1,0,
10312,新北市石門區,茂林里,1,0,1,1,1,0,0,0,
10312,新北市石門區,草里里,3,3,0,0,0,0,0,0,
10312,新北市八里區,下罟里,4,3,1,1,1,0,1,1,
10312,新北市八里區,埤頭里,2,1,1,1,1,0,1,3,
10312,新北市八里區,大崁里,8,4,4,0,0,0,4,0,
10312,新北市八里區,米倉里,5,2,3,1,1,0,6,0,
10312,新北市八里區,舊城里,7,5,2,3,1,2,10,1,
10312,新北市八里區,荖阡里,3,1,2,1,1,0,0,2,
10312,新北市八里區,訊塘里,3,2,1,2,2,0,6,3,
10312,新北市八里區,長坑里,1,0,1,1,1,0,1,0,
10312,新北市八里區,頂罟里,2,2,0,1,1,0,1,0,
10312,新北市八里區,龍源里,10,6,4,4,3,1,3,2,
10312,新北市平溪區,十分里,0,0,0,4,2,2,2,0,
10312,新北市平溪區,南山里,0,0,0,1,0,1,1,0,
10312,新北市平溪區,嶺腳里,1,0,1,2,1,1,0,0,
10312,新北市平溪區,平湖里,0,0,0,0,0,0,0,0,
10312,新北市平溪區,平溪里,0,0,0,0,0,0,0,0,
10312,新北市平溪區,新寮里,0,0,0,0,0,0,0,0,
10312,新北市平溪區,望古里,0,0,0,1,1,0,0,0,
10312,新北市平溪區,東勢里,0,0,0,0,0,0,0,0,
10312,新北市平溪區,白石里,0,0,0,0,0,0,0,0,
10312,新北市平溪區,石底里,0,0,0,1,0,1,0,0,
10312,新北市平溪區,菁桐里,0,0,0,1,1,0,1,0,
10312,新北市平溪區,薯榔里,0,0,0,0,0,0,0,0,
10312,新北市雙溪區,三港里,1,1,0,1,0,1,0,0,
10312,新北市雙溪區,三貂里,1,1,0,0,0,0,0,0,
10312,新北市雙溪區,上林里,0,0,0,0,0,0,0,0,
10312,新北市雙溪區,共和里,0,0,0,1,1,0,0,0,
10312,新北市雙溪區,外柑里,0,0,0,0,0,0,0,0,
10312,新北市雙溪區,平林里,0,0,0,1,1,0,0,0,
10312,新北市雙溪區,新基里,0,0,0,0,0,0,0,0,
10312,新北市雙溪區,泰平里,2,0,2,2,1,1,0,1,
10312,新北市雙溪區,牡丹里,3,1,2,4,3,1,1,0,
10312,新北市雙溪區,長源里,0,0,0,1,1,0,0,0,
10312,新北市雙溪區,雙溪里,0,0,0,0,0,0,0,0,
10312,新北市雙溪區,魚行里,0,0,0,0,0,0,1,0,
10312,新北市貢寮區,仁里里,1,1,0,2,0,2,1,0,
10312,新北市貢寮區,吉林里,0,0,0,0,0,0,0,0,
10312,新北市貢寮區,和美里,0,0,0,2,2,0,0,0,
10312,新北市貢寮區,真理里,0,0,0,1,0,1,0,0,
10312,新北市貢寮區,福連里,1,0,1,0,0,0,1,0,
10312,新北市貢寮區,福隆里,1,1,0,1,1,0,0,0,
10312,新北市貢寮區,美豐里,1,1,0,3,2,1,0,0,
10312,新北市貢寮區,貢寮里,2,2,0,1,0,1,0,0,
10312,新北市貢寮區,雙玉里,1,1,0,0,0,0,0,0,
10312,新北市貢寮區,龍崗里,0,0,0,1,1,0,0,0,
10312,新北市貢寮區,龍門里,0,0,0,0,0,0,0,0,
10312,新北市金山區,三界里,2,0,2,1,0,1,0,1,
10312,新北市金山區,五湖里,3,1,2,3,3,0,3,0,
10312,新北市金山區,兩湖里,0,0,0,1,1,0,0,0,
10312,新北市金山區,六股里,0,0,0,0,0,0,0,1,
10312,新北市金山區,和平里,0,0,0,1,1,0,0,0,
10312,新北市金山區,大同里,0,0,0,1,1,0,0,1,
10312,新北市金山區,永興里,1,0,1,2,1,1,0,0,
10312,新北市金山區,清泉里,2,1,1,1,1,0,0,1,
10312,新北市金山區,磺港里,1,1,0,2,1,1,2,1,
10312,新北市金山區,美田里,3,2,1,4,3,1,0,0,
10312,新北市金山區,萬壽里,0,0,0,0,0,0,0,0,
10312,新北市金山區,西湖里,1,1,0,0,0,0,0,0,
10312,新北市金山區,豐漁里,0,0,0,0,0,0,0,0,
10312,新北市金山區,重和里,2,2,0,0,0,0,0,0,
10312,新北市金山區,金美里,3,2,1,4,3,1,7,0,
10312,新北市萬里區,中幅里,2,1,1,0,0,0,0,0,
10312,新北市萬里區,北基里,3,0,3,4,3,1,0,2,
10312,新北市萬里區,大鵬里,1,1,0,1,1,0,0,1,
10312,新北市萬里區,崁脚里,0,0,0,0,0,0,0,0,
10312,新北市萬里區,溪底里,0,0,0,0,0,0,0,1,
10312,新北市萬里區,磺潭里,1,1,0,1,1,0,0,0,
10312,新北市萬里區,萬里里,5,3,2,3,2,1,3,1,
10312,新北市萬里區,野柳里,3,1,2,3,3,0,5,1,
10312,新北市萬里區,雙興里,3,0,3,3,1,2,1,1,
10312,新北市萬里區,龜吼里,1,0,1,3,2,1,4,0,
10312,新北市烏來區,信賢里,0,0,0,0,0,0,0,1,
10312,新北市烏來區,孝義里,1,0,1,0,0,0,2,0,
10312,新北市烏來區,忠治里,4,0,4,2,1,1,2,0,
10312,新北市烏來區,烏來里,4,2,2,2,1,1,2,1,
10312,新北市烏來區,福山里,1,1,0,0,0,0,0,0,
10312,臺中市中 區,中華里,4,2,2,4,3,1,0,0,
10312,臺中市中 區,光復里,1,1,0,0,0,0,0,0,
10312,臺中市中 區,公園里,1,0,1,3,2,1,2,0,
10312,臺中市中 區,大墩里,3,2,1,2,0,2,0,0,
10312,臺中市中 區,大誠里,0,0,0,0,0,0,1,0,
10312,臺中市中 區,柳川里,0,0,0,0,0,0,0,0,
10312,臺中市中 區,綠川里,0,0,0,2,2,0,1,0,
10312,臺中市中 區,繼光里,3,3,0,1,0,1,0,0,
10312,臺中市東 區,十甲里,5,3,2,4,4,0,4,0,
10312,臺中市東 區,合作里,2,2,0,2,1,1,1,2,
10312,臺中市東 區,富仁里,4,2,2,6,4,2,6,0,
10312,臺中市東 區,富台里,1,1,0,4,1,3,0,1,
10312,臺中市東 區,干城里,2,0,2,4,3,1,0,0,
10312,臺中市東 區,振興里,1,1,0,2,1,1,1,0,
10312,臺中市東 區,新庄里,0,0,0,1,1,0,2,0,
10312,臺中市東 區,旱溪里,5,2,3,3,2,1,2,0,
10312,臺中市東 區,東信里,13,10,3,2,2,0,8,2,
10312,臺中市東 區,東勢里,1,1,0,3,3,0,0,2,
10312,臺中市東 區,東南里,4,1,3,3,2,1,10,1,
10312,臺中市東 區,東橋里,2,1,1,3,2,1,4,3,
10312,臺中市東 區,東興里,2,1,1,3,1,2,2,0,
10312,臺中市東 區,東英里,8,5,3,7,5,2,2,1,
10312,臺中市東 區,東門里,12,4,8,0,0,0,6,3,
10312,臺中市東 區,樂成里,2,1,1,1,1,0,2,0,
10312,臺中市東 區,泉源里,7,3,4,1,0,1,6,0,
10312,臺中市南 區,南和里,5,4,1,4,1,3,5,3,
10312,臺中市南 區,南門里,0,0,0,2,2,0,2,0,
10312,臺中市南 區,和平里,6,3,3,0,0,0,3,2,
10312,臺中市南 區,國光里,2,1,1,3,3,0,4,1,
10312,臺中市南 區,城隍里,7,2,5,3,2,1,6,1,
10312,臺中市南 區,崇倫里,8,6,2,6,2,4,5,2,
10312,臺中市南 區,工學里,12,7,5,3,0,3,5,0,
10312,臺中市南 區,平和里,6,0,6,2,2,0,2,0,
10312,臺中市南 區,德義里,2,1,1,2,2,0,0,0,
10312,臺中市南 區,新榮里,5,2,3,0,0,0,5,0,
10312,臺中市南 區,樹德里,13,7,6,5,2,3,9,3,
10312,臺中市南 區,樹義里,13,4,9,6,5,1,8,3,
10312,臺中市南 區,永和里,7,2,5,3,0,3,2,1,
10312,臺中市南 區,永興里,14,5,9,4,1,3,11,2,
10312,臺中市南 區,江川里,5,4,1,3,2,1,4,0,
10312,臺中市南 區,福平里,8,3,5,5,3,2,6,1,
10312,臺中市南 區,福興里,3,3,0,3,1,2,1,5,
10312,臺中市南 區,福順里,6,0,6,1,1,0,7,0,
10312,臺中市南 區,積善里,4,3,1,1,1,0,5,0,
10312,臺中市南 區,西川里,5,1,4,0,0,0,5,2,
10312,臺中市南 區,長春里,3,1,2,3,2,1,2,0,
10312,臺中市南 區,長榮里,3,0,3,1,0,1,4,1,
10312,臺中市西 區,三民里,0,0,0,3,3,0,2,0,
10312,臺中市西 區,中興里,8,5,3,3,2,1,6,0,
10312,臺中市西 區,公平里,3,2,1,3,2,1,5,2,
10312,臺中市西 區,公德里,10,3,7,1,0,1,1,2,
10312,臺中市西 區,公正里,4,3,1,5,3,2,5,4,
10312,臺中市西 區,公民里,5,3,2,7,3,4,5,1,
10312,臺中市西 區,公益里,4,3,1,0,0,0,2,0,
10312,臺中市西 區,公舘里,6,3,3,2,2,0,5,1,
10312,臺中市西 區,利民里,1,0,1,1,1,0,2,0,
10312,臺中市西 區,双龍里,0,0,0,2,0,2,1,0,
10312,臺中市西 區,吉龍里,6,4,2,5,4,1,5,1,
10312,臺中市西 區,和龍里,2,2,0,3,3,0,5,0,
10312,臺中市西 區,土庫里,3,1,2,1,1,0,11,5,
10312,臺中市西 區,大忠里,8,1,7,2,2,0,5,3,
10312,臺中市西 區,安龍里,0,0,0,2,2,0,2,0,
10312,臺中市西 區,平和里,2,0,2,0,0,0,0,0,
10312,臺中市西 區,廣民里,1,1,0,0,0,0,1,0,
10312,臺中市西 區,後龍里,4,2,2,4,3,1,1,1,
10312,臺中市西 區,忠明里,9,2,7,2,1,1,5,2,
10312,臺中市西 區,忠誠里,6,4,2,1,0,1,7,0,
10312,臺中市西 區,昇平里,6,1,5,0,0,0,8,2,
10312,臺中市西 區,東昇里,2,1,1,1,0,1,2,0,
10312,臺中市西 區,民生里,0,0,0,6,5,1,1,0,
10312,臺中市西 區,民龍里,2,0,2,5,3,2,1,0,
10312,臺中市西 區,藍興里,10,3,7,2,2,0,2,1,
10312,臺中市北 區,中正里,3,2,1,1,0,1,1,0,
10312,臺中市北 區,中達里,0,0,0,3,2,1,2,1,
10312,臺中市北 區,五常里,0,0,0,0,0,0,2,0,
10312,臺中市北 區,健行里,10,5,5,2,2,0,6,0,
10312,臺中市北 區,光大里,1,1,0,0,0,0,3,0,
10312,臺中市北 區,六合里,0,0,0,2,2,0,1,2,
10312,臺中市北 區,大湖里,2,1,1,3,3,0,1,0,
10312,臺中市北 區,崇德里,3,0,3,0,0,0,3,0,
10312,臺中市北 區,建德里,3,0,3,3,1,2,3,3,
10312,臺中市北 區,建成里,4,1,3,0,0,0,6,2,
10312,臺中市北 區,建興里,2,0,2,5,4,1,7,2,
10312,臺中市北 區,文莊里,0,0,0,5,2,3,3,1,
10312,臺中市北 區,新北里,3,1,2,4,1,3,1,1,
10312,臺中市北 區,新興里,2,1,1,3,2,1,2,2,
10312,臺中市北 區,明德里,8,6,2,3,1,2,5,3,
10312,臺中市北 區,明新里,3,1,2,1,1,0,2,1,
10312,臺中市北 區,梅川里,6,2,4,0,0,0,5,0,
10312,臺中市北 區,樂英里,1,1,0,5,4,1,0,1,
10312,臺中市北 區,淡溝里,5,1,4,5,4,1,4,3,
10312,臺中市北 區,立人里,3,1,2,6,6,0,6,0,
10312,臺中市北 區,育德里,5,3,2,3,2,1,5,1,
10312,臺中市北 區,賴厝里,9,7,2,1,1,0,6,0,
10312,臺中市北 區,賴旺里,5,1,4,5,2,3,5,0,
10312,臺中市北 區,賴明里,5,3,2,3,2,1,9,3,
10312,臺中市北 區,賴村里,3,2,1,6,2,4,9,0,
10312,臺中市北 區,賴福里,6,3,3,4,2,2,2,1,
10312,臺中市北 區,賴興里,5,1,4,1,0,1,1,3,
10312,臺中市北 區,邱厝里,1,1,0,2,1,1,3,0,
10312,臺中市北 區,金華里,1,1,0,2,1,1,1,2,
10312,臺中市北 區,金龍里,3,2,1,8,5,3,4,1,
10312,臺中市北 區,錦平里,1,1,0,0,0,0,1,0,
10312,臺中市北 區,錦村里,4,3,1,4,3,1,4,1,
10312,臺中市北 區,錦洲里,4,1,3,2,0,2,5,0,
10312,臺中市北 區,錦祥里,6,3,3,1,1,0,4,1,
10312,臺中市北 區,長青里,9,6,3,2,0,2,11,2,
10312,臺中市北 區,頂厝里,2,1,1,2,2,0,2,1,
10312,臺中市西屯區,上安里,9,5,4,0,0,0,8,2,
10312,臺中市西屯區,上德里,2,1,1,1,1,0,3,3,
10312,臺中市西屯區,上石里,4,2,2,3,3,0,11,2,
10312,臺中市西屯區,何仁里,7,4,3,1,1,0,7,1,
10312,臺中市西屯區,何南里,5,2,3,3,1,2,2,0,
10312,臺中市西屯區,何厝里,4,1,3,2,2,0,6,1,
10312,臺中市西屯區,何安里,7,4,3,2,0,2,5,2,
10312,臺中市西屯區,何德里,6,4,2,0,0,0,3,2,
10312,臺中市西屯區,何成里,6,4,2,5,2,3,3,1,
10312,臺中市西屯區,何明里,0,0,0,0,0,0,2,0,
10312,臺中市西屯區,何源里,7,4,3,4,1,3,3,0,
10312,臺中市西屯區,何福里,4,0,4,1,1,0,4,1,
10312,臺中市西屯區,協和里,3,1,2,0,0,0,2,1,
10312,臺中市西屯區,大河里,4,3,1,1,1,0,7,1,
10312,臺中市西屯區,大石里,1,1,0,4,1,3,2,1,
10312,臺中市西屯區,大福里,0,0,0,2,1,1,2,0,
10312,臺中市西屯區,大鵬里,6,1,5,1,1,0,5,0,
10312,臺中市西屯區,廣福里,2,2,0,1,1,0,2,1,
10312,臺中市西屯區,惠來里,17,8,9,6,3,3,11,3,
10312,臺中市西屯區,林厝里,4,1,3,4,3,1,3,2,
10312,臺中市西屯區,永安里,21,14,7,7,4,3,8,6,
10312,臺中市西屯區,港尾里,3,2,1,1,0,1,4,1,
10312,臺中市西屯區,潮洋里,6,2,4,4,3,1,3,1,
10312,臺中市西屯區,福中里,4,4,0,1,1,0,2,0,
10312,臺中市西屯區,福和里,6,3,3,2,1,1,5,1,
10312,臺中市西屯區,福安里,8,4,4,0,0,0,0,0,
10312,臺中市西屯區,福恩里,2,1,1,3,1,2,3,2,
10312,臺中市西屯區,福林里,10,8,2,2,0,2,6,3,
10312,臺中市西屯區,福瑞里,5,3,2,1,0,1,4,0,
10312,臺中市西屯區,福聯里,4,3,1,1,0,1,2,3,
10312,臺中市西屯區,福雅里,5,3,2,1,0,1,7,1,
10312,臺中市西屯區,至善里,4,3,1,1,1,0,2,3,
10312,臺中市西屯區,西墩里,2,1,1,4,2,2,1,1,
10312,臺中市西屯區,西安里,4,1,3,1,0,1,4,1,
10312,臺中市西屯區,西平里,7,6,1,3,0,3,1,0,
10312,臺中市西屯區,逢甲里,4,0,4,3,0,3,4,2,
10312,臺中市西屯區,逢福里,5,3,2,3,2,1,6,1,
10312,臺中市西屯區,鵬程里,6,4,2,6,4,2,1,0,
10312,臺中市西屯區,龍潭里,2,0,2,1,1,0,0,0,
10312,臺中市南屯區,三厝里,8,2,6,0,0,0,8,3,
10312,臺中市南屯區,三和里,12,4,8,2,1,1,3,5,
10312,臺中市南屯區,三義里,8,4,4,5,4,1,6,1,
10312,臺中市南屯區,中和里,6,3,3,1,0,1,5,1,
10312,臺中市南屯區,南屯里,13,7,6,4,1,3,7,1,
10312,臺中市南屯區,同心里,4,2,2,2,2,0,7,1,
10312,臺中市南屯區,向心里,2,2,0,2,1,1,8,0,
10312,臺中市南屯區,大同里,2,1,1,3,1,2,2,3,
10312,臺中市南屯區,大業里,7,5,2,3,1,2,6,4,
10312,臺中市南屯區,大興里,3,2,1,3,0,3,3,1,
10312,臺中市南屯區,大誠里,6,2,4,2,1,1,2,1,
10312,臺中市南屯區,寶山里,6,2,4,1,0,1,5,2,
10312,臺中市南屯區,惠中里,4,2,2,1,0,1,5,0,
10312,臺中市南屯區,文山里,17,11,6,2,1,1,9,2,
10312,臺中市南屯區,文心里,3,1,2,0,0,0,9,1,
10312,臺中市南屯區,新生里,0,0,0,1,1,0,2,0,
10312,臺中市南屯區,春安里,1,1,0,0,0,0,0,1,
10312,臺中市南屯區,春社里,6,5,1,5,3,2,5,1,
10312,臺中市南屯區,楓樹里,13,8,5,3,1,2,6,3,
10312,臺中市南屯區,永定里,6,2,4,4,2,2,2,2,
10312,臺中市南屯區,溝墘里,5,2,3,1,0,1,6,1,
10312,臺中市南屯區,田心里,4,3,1,2,1,1,10,1,
10312,臺中市南屯區,豐樂里,18,13,5,5,2,3,7,1,
10312,臺中市南屯區,鎮平里,2,1,1,5,4,1,2,0,
10312,臺中市南屯區,黎明里,7,4,3,6,3,3,5,0,
10312,臺中市北屯區,三光里,10,5,5,2,0,2,8,2,
10312,臺中市北屯區,三和里,2,2,0,4,2,2,6,1,
10312,臺中市北屯區,仁和里,8,7,1,4,4,0,6,4,
10312,臺中市北屯區,仁愛里,2,1,1,0,0,0,0,0,
10312,臺中市北屯區,仁美里,11,6,5,2,1,1,7,4,
10312,臺中市北屯區,北京里,0,0,0,6,4,2,3,0,
10312,臺中市北屯區,北屯里,6,3,3,1,1,0,4,0,
10312,臺中市北屯區,北興里,0,0,0,1,1,0,1,0,
10312,臺中市北屯區,同榮里,10,5,5,4,3,1,4,1,
10312,臺中市北屯區,后庄里,13,7,6,6,3,3,9,5,
10312,臺中市北屯區,和平里,10,5,5,3,1,2,11,1,
10312,臺中市北屯區,四民里,0,0,0,2,2,0,0,0,
10312,臺中市北屯區,大坑里,1,1,0,2,2,0,2,1,
10312,臺中市北屯區,大德里,8,3,5,4,2,2,6,0,
10312,臺中市北屯區,平和里,4,2,2,2,1,1,5,1,
10312,臺中市北屯區,平安里,4,3,1,2,2,0,6,2,
10312,臺中市北屯區,平德里,4,4,0,4,3,1,3,3,
10312,臺中市北屯區,平心里,5,2,3,4,1,3,2,2,
10312,臺中市北屯區,平昌里,5,2,3,3,1,2,4,0,
10312,臺中市北屯區,平田里,12,8,4,5,3,2,8,0,
10312,臺中市北屯區,平福里,8,5,3,1,0,1,3,1,
10312,臺中市北屯區,平興里,4,2,2,7,4,3,11,3,
10312,臺中市北屯區,平陽里,2,0,2,2,1,1,6,1,
10312,臺中市北屯區,平順里,6,2,4,2,1,1,4,1,
10312,臺中市北屯區,廍子里,12,10,2,1,0,1,9,1,
10312,臺中市北屯區,忠平里,5,2,3,1,0,1,3,1,
10312,臺中市北屯區,新平里,9,4,5,1,1,0,4,2,
10312,臺中市北屯區,東光里,6,4,2,4,2,2,4,2,
10312,臺中市北屯區,東山里,0,0,0,2,1,1,3,1,
10312,臺中市北屯區,松勇里,7,3,4,5,3,2,6,0,
10312,臺中市北屯區,松和里,5,5,0,2,2,0,4,1,
10312,臺中市北屯區,松安里,2,1,1,0,0,0,5,2,
10312,臺中市北屯區,松強里,5,3,2,1,1,0,7,1,
10312,臺中市北屯區,松竹里,15,9,6,3,0,3,9,5,
10312,臺中市北屯區,松茂里,7,4,3,4,3,1,3,0,
10312,臺中市北屯區,民德里,0,0,0,0,0,0,0,1,
10312,臺中市北屯區,民政里,0,0,0,1,1,0,2,0,
10312,臺中市北屯區,水景里,16,6,10,6,5,1,18,7,
10312,臺中市北屯區,水湳里,5,4,1,6,4,2,5,2,
10312,臺中市北屯區,舊社里,7,5,2,4,4,0,8,0,
10312,臺中市北屯區,軍功里,11,5,6,9,4,5,11,2,
10312,臺中市北屯區,陳平里,2,1,1,0,0,0,5,1,
10312,臺中市豐原區,三村里,4,2,2,4,2,2,6,3,
10312,臺中市豐原區,下街里,2,0,2,0,0,0,0,0,
10312,臺中市豐原區,中山里,2,1,1,0,0,0,1,0,
10312,臺中市豐原區,中興里,7,2,5,3,2,1,1,2,
10312,臺中市豐原區,中陽里,9,3,6,7,3,4,4,0,
10312,臺中市豐原區,北湳里,4,1,3,2,1,1,5,2,
10312,臺中市豐原區,北陽里,10,5,5,10,7,3,6,4,
10312,臺中市豐原區,南嵩里,4,2,2,4,2,2,0,1,
10312,臺中市豐原區,南村里,4,2,2,4,2,2,5,3,
10312,臺中市豐原區,南田里,1,1,0,6,3,3,1,2,
10312,臺中市豐原區,南陽里,9,5,4,4,3,1,5,3,
10312,臺中市豐原區,圳寮里,0,0,0,1,0,1,1,2,
10312,臺中市豐原區,大湳里,1,0,1,7,5,2,3,1,
10312,臺中市豐原區,富春里,0,0,0,0,0,0,1,0,
10312,臺中市豐原區,朴子里,4,2,2,2,2,0,3,0,
10312,臺中市豐原區,東勢里,2,0,2,2,1,1,1,1,
10312,臺中市豐原區,東湳里,8,5,3,0,0,0,5,0,
10312,臺中市豐原區,東陽里,2,2,0,0,0,0,3,1,
10312,臺中市豐原區,民生里,1,1,0,1,0,1,1,0,
10312,臺中市豐原區,田心里,5,3,2,6,3,3,3,0,
10312,臺中市豐原區,社皮里,16,8,8,4,1,3,6,1,
10312,臺中市豐原區,翁子里,2,1,1,2,0,2,3,1,
10312,臺中市豐原區,翁明里,2,0,2,0,0,0,6,0,
10312,臺中市豐原區,翁社里,2,2,0,0,0,0,2,0,
10312,臺中市豐原區,葫蘆里,0,0,0,0,0,0,0,0,
10312,臺中市豐原區,西勢里,2,2,0,2,1,1,1,0,
10312,臺中市豐原區,西安里,5,2,3,5,2,3,11,0,
10312,臺中市豐原區,西湳里,13,5,8,4,2,2,7,4,
10312,臺中市豐原區,豐原里,2,0,2,2,2,0,1,1,
10312,臺中市豐原區,豐圳里,6,2,4,2,1,1,9,0,
10312,臺中市豐原區,豐榮里,0,0,0,0,0,0,1,1,
10312,臺中市豐原區,豐田里,12,5,7,3,2,1,11,5,
10312,臺中市豐原區,豐西里,1,1,0,2,1,1,0,0,
10312,臺中市豐原區,鎌村里,10,8,2,1,0,1,2,5,
10312,臺中市豐原區,陽明里,3,1,2,0,0,0,7,0,
10312,臺中市豐原區,頂街里,1,1,0,0,0,0,1,0,
10312,臺中市東勢區,上城里,2,1,1,1,0,1,0,0,
10312,臺中市東勢區,上新里,0,0,0,1,0,1,0,0,
10312,臺中市東勢區,下城里,0,0,0,3,3,0,1,0,
10312,臺中市東勢區,下新里,2,1,1,0,0,0,0,1,
10312,臺中市東勢區,中寧里,1,0,1,2,0,2,0,0,
10312,臺中市東勢區,中嵙里,0,0,0,0,0,0,2,0,
10312,臺中市東勢區,北興里,0,0,0,3,1,2,3,1,
10312,臺中市東勢區,南平里,1,1,0,4,1,3,1,1,
10312,臺中市東勢區,埤頭里,0,0,0,0,0,0,0,0,
10312,臺中市東勢區,廣興里,0,0,0,4,1,3,2,0,
10312,臺中市東勢區,延平里,2,1,1,0,0,0,3,1,
10312,臺中市東勢區,慶東里,2,1,1,1,1,0,0,0,
10312,臺中市東勢區,慶福里,0,0,0,1,1,0,1,0,
10312,臺中市東勢區,新盛里,3,3,0,2,2,0,3,2,
10312,臺中市東勢區,明正里,0,0,0,1,0,1,0,0,
10312,臺中市東勢區,東安里,0,0,0,1,1,0,0,1,
10312,臺中市東勢區,東新里,0,0,0,4,1,3,2,0,
10312,臺中市東勢區,泰昌里,0,0,0,3,2,1,2,0,
10312,臺中市東勢區,泰興里,2,0,2,0,0,0,1,0,
10312,臺中市東勢區,福隆里,5,1,4,4,3,1,3,1,
10312,臺中市東勢區,粵寧里,2,0,2,3,2,1,3,1,
10312,臺中市東勢區,興隆里,1,1,0,3,2,1,1,0,
10312,臺中市東勢區,茂興里,3,2,1,0,0,0,2,0,
10312,臺中市東勢區,詒福里,0,0,0,0,0,0,1,1,
10312,臺中市東勢區,隆興里,0,0,0,1,0,1,1,0,
10312,臺中市大甲區,中山里,4,3,1,5,3,2,3,1,
10312,臺中市大甲區,南陽里,1,0,1,1,0,1,0,1,
10312,臺中市大甲區,大甲里,2,0,2,1,0,1,0,0,
10312,臺中市大甲區,太白里,4,2,2,1,1,0,2,0,
10312,臺中市大甲區,奉化里,0,0,0,0,0,0,1,1,
10312,臺中市大甲區,孔門里,1,0,1,2,0,2,0,0,
10312,臺中市大甲區,孟春里,1,1,0,2,1,1,4,0,
10312,臺中市大甲區,岷山里,1,0,1,1,1,0,5,0,
10312,臺中市大甲區,平安里,2,2,0,1,1,0,1,1,
10312,臺中市大甲區,幸福里,2,1,1,2,1,1,3,0,
10312,臺中市大甲區,庄美里,1,1,0,1,1,0,0,0,
10312,臺中市大甲區,建興里,1,1,0,1,0,1,3,1,
10312,臺中市大甲區,德化里,1,0,1,1,0,1,2,0,
10312,臺中市大甲區,文曲里,2,1,1,0,0,0,1,1,
10312,臺中市大甲區,文武里,5,3,2,1,0,1,1,2,
10312,臺中市大甲區,新美里,3,2,1,2,1,1,2,0,
10312,臺中市大甲區,日南里,1,1,0,2,0,2,6,2,
10312,臺中市大甲區,朝陽里,2,0,2,0,0,0,2,0,
10312,臺中市大甲區,武曲里,3,2,1,1,1,0,1,0,
10312,臺中市大甲區,武陵里,2,2,0,0,0,0,1,0,
10312,臺中市大甲區,江南里,1,0,1,1,1,0,2,0,
10312,臺中市大甲區,福德里,0,0,0,0,0,0,0,0,
10312,臺中市大甲區,義和里,5,2,3,2,1,1,3,0,
10312,臺中市大甲區,薰風里,1,1,0,1,1,0,0,0,
10312,臺中市大甲區,西岐里,1,0,1,0,0,0,0,0,
10312,臺中市大甲區,銅安里,1,0,1,2,0,2,1,1,
10312,臺中市大甲區,頂店里,4,1,3,7,2,5,5,2,
10312,臺中市大甲區,順天里,0,0,0,2,1,1,1,0,
10312,臺中市大甲區,龍泉里,2,1,1,1,0,1,1,1,
10312,臺中市清水區,下湳里,2,1,1,3,1,2,4,1,
10312,臺中市清水區,中社里,3,1,2,6,3,3,1,0,
10312,臺中市清水區,中興里,1,1,0,2,2,0,0,0,
10312,臺中市清水區,北寧里,0,0,0,0,0,0,0,1,
10312,臺中市清水區,南寧里,1,1,0,0,0,0,2,0,
10312,臺中市清水區,南社里,8,5,3,4,2,2,7,2,
10312,臺中市清水區,吳厝里,0,0,0,1,1,0,0,0,
10312,臺中市清水區,國姓里,3,0,3,1,1,0,2,1,
10312,臺中市清水區,文昌里,0,0,0,2,1,1,0,0,
10312,臺中市清水區,東山里,2,0,2,0,0,0,1,0,
10312,臺中市清水區,楊厝里,6,3,3,0,0,0,1,0,
10312,臺中市清水區,槺榔里,6,4,2,1,0,1,2,0,
10312,臺中市清水區,橋頭里,8,5,3,6,5,1,7,3,
10312,臺中市清水區,武鹿里,7,1,6,1,1,0,5,3,
10312,臺中市清水區,海濱里,4,2,2,2,2,0,4,1,
10312,臺中市清水區,海風里,3,0,3,2,1,1,2,1,
10312,臺中市清水區,清水里,1,1,0,1,1,0,2,0,
10312,臺中市清水區,田寮里,1,0,1,3,2,1,2,0,
10312,臺中市清水區,秀水里,5,1,4,7,5,2,1,1,
10312,臺中市清水區,臨江里,1,1,0,1,0,1,1,0,
10312,臺中市清水區,菁埔里,4,3,1,1,0,1,1,0,
10312,臺中市清水區,裕嘉里,0,0,0,2,0,2,2,0,
10312,臺中市清水區,西寧里,0,0,0,4,3,1,1,0,
10312,臺中市清水區,西社里,4,3,1,2,2,0,4,0,
10312,臺中市清水區,靈泉里,0,0,0,0,0,0,0,0,
10312,臺中市清水區,頂湳里,1,1,0,2,2,0,0,0,
10312,臺中市清水區,高北里,3,1,2,1,1,0,1,1,
10312,臺中市清水區,高南里,2,1,1,1,1,0,2,0,
10312,臺中市清水區,高東里,0,0,0,2,1,1,0,0,
10312,臺中市清水區,高美里,4,3,1,1,1,0,0,0,
10312,臺中市清水區,高西里,0,0,0,1,1,0,1,2,
10312,臺中市清水區,鰲峰里,1,1,0,1,1,0,0,0,
10312,臺中市沙鹿區,三鹿里,29,14,15,1,0,1,9,1,
10312,臺中市沙鹿區,公明里,3,1,2,6,3,3,3,1,
10312,臺中市沙鹿區,六路里,12,5,7,5,3,2,3,0,
10312,臺中市沙鹿區,北勢里,10,4,6,3,1,2,5,1,
10312,臺中市沙鹿區,南勢里,4,2,2,2,1,1,3,1,
10312,臺中市沙鹿區,埔子里,4,3,1,1,0,1,2,0,
10312,臺中市沙鹿區,居仁里,1,1,0,0,0,0,1,1,
10312,臺中市沙鹿區,斗抵里,10,6,4,1,1,0,3,0,
10312,臺中市沙鹿區,晉江里,1,0,1,0,0,0,1,0,
10312,臺中市沙鹿區,沙鹿里,0,0,0,0,0,0,2,0,
10312,臺中市沙鹿區,洛泉里,5,2,3,0,0,0,2,0,
10312,臺中市沙鹿區,清泉里,2,2,0,1,1,0,1,1,
10312,臺中市沙鹿區,犁分里,0,0,0,2,1,1,0,0,
10312,臺中市沙鹿區,福興里,9,6,3,0,0,0,1,2,
10312,臺中市沙鹿區,竹林里,9,3,6,3,1,2,3,1,
10312,臺中市沙鹿區,美仁里,0,0,0,1,1,0,0,1,
10312,臺中市沙鹿區,興仁里,2,1,1,2,1,1,1,0,
10312,臺中市沙鹿區,興安里,9,3,6,0,0,0,5,1,
10312,臺中市沙鹿區,西勢里,1,1,0,1,1,0,2,0,
10312,臺中市沙鹿區,鹿寮里,13,7,6,5,2,3,7,1,
10312,臺中市沙鹿區,鹿峰里,8,7,1,1,1,0,6,0,
10312,臺中市梧棲區,下寮里,1,1,0,0,0,0,1,0,
10312,臺中市梧棲區,中和里,0,0,0,0,0,0,0,0,
10312,臺中市梧棲區,中正里,5,2,3,2,1,1,2,0,
10312,臺中市梧棲區,南簡里,10,5,5,2,2,0,3,0,
10312,臺中市梧棲區,大庄里,10,4,6,5,3,2,8,2,
10312,臺中市梧棲區,大村里,4,3,1,5,2,3,7,1,
10312,臺中市梧棲區,安仁里,1,0,1,1,1,0,3,0,
10312,臺中市梧棲區,文化里,1,0,1,0,0,0,2,0,
10312,臺中市梧棲區,永安里,2,1,1,3,3,0,1,2,
10312,臺中市梧棲區,永寧里,2,0,2,2,0,2,1,0,
10312,臺中市梧棲區,福德里,6,4,2,5,4,1,7,1,
10312,臺中市梧棲區,興農里,0,0,0,0,0,0,0,0,
10312,臺中市梧棲區,草湳里,12,8,4,5,3,2,5,2,
10312,臺中市梧棲區,頂寮里,6,3,3,4,3,1,4,1,
10312,臺中市后里區,中和里,4,3,1,2,1,1,1,0,
10312,臺中市后里區,仁里里,0,0,0,1,1,0,1,0,
10312,臺中市后里區,公館里,2,1,1,1,0,1,2,0,
10312,臺中市后里區,厚里里,2,0,2,2,1,1,4,0,
10312,臺中市后里區,后里里,4,2,2,3,3,0,5,0,
10312,臺中市后里區,墩北里,4,2,2,1,1,0,3,1,
10312,臺中市后里區,墩南里,6,3,3,5,4,1,3,0,
10312,臺中市后里區,墩東里,6,3,3,3,2,1,4,0,
10312,臺中市后里區,墩西里,1,0,1,2,2,0,5,1,
10312,臺中市后里區,太平里,0,0,0,2,2,0,0,0,
10312,臺中市后里區,廣福里,3,3,0,4,4,0,1,0,
10312,臺中市后里區,月眉里,1,0,1,1,1,0,0,0,
10312,臺中市后里區,泰安里,2,2,0,5,4,1,1,1,
10312,臺中市后里區,眉山里,4,0,4,2,2,0,3,2,
10312,臺中市后里區,義德里,1,0,1,2,1,1,3,1,
10312,臺中市后里區,義里里,2,1,1,4,4,0,3,0,
10312,臺中市后里區,聯合里,3,1,2,2,0,2,1,0,
10312,臺中市后里區,舊社里,2,1,1,0,0,0,1,0,
10312,臺中市神岡區,三角里,4,3,1,4,2,2,1,1,
10312,臺中市神岡區,北庄里,2,1,1,2,1,1,3,1,
10312,臺中市神岡區,圳前里,1,0,1,3,3,0,3,1,
10312,臺中市神岡區,圳堵里,4,1,3,1,1,0,0,4,
10312,臺中市神岡區,大社里,6,3,3,0,0,0,3,1,
10312,臺中市神岡區,山皮里,0,0,0,4,2,2,1,0,
10312,臺中市神岡區,岸裡里,4,2,2,2,1,1,1,0,
10312,臺中市神岡區,庄前里,4,3,1,2,1,1,4,1,
10312,臺中市神岡區,庄後里,4,4,0,2,1,1,3,0,
10312,臺中市神岡區,新庄里,4,0,4,2,0,2,3,0,
10312,臺中市神岡區,溪洲里,3,0,3,5,4,1,3,2,
10312,臺中市神岡區,社南里,4,2,2,2,0,2,5,3,
10312,臺中市神岡區,社口里,15,9,6,5,4,1,3,2,
10312,臺中市神岡區,神岡里,1,1,0,3,2,1,1,0,
10312,臺中市神岡區,神洲里,3,0,3,2,0,2,3,0,
10312,臺中市神岡區,豐洲里,8,3,5,5,4,1,3,0,
10312,臺中市潭子區,嘉仁里,5,3,2,2,1,1,4,0,
10312,臺中市潭子區,大富里,6,2,4,1,1,0,1,1,
10312,臺中市潭子區,大豐里,6,3,3,1,0,1,6,0,
10312,臺中市潭子區,家福里,8,6,2,2,0,2,4,3,
10312,臺中市潭子區,家興里,9,5,4,2,0,2,9,5,
10312,臺中市潭子區,新田里,2,1,1,4,3,1,0,0,
10312,臺中市潭子區,東寶里,19,7,12,11,9,2,8,4,
10312,臺中市潭子區,栗林里,3,2,1,11,8,3,6,0,
10312,臺中市潭子區,潭北里,4,3,1,2,1,1,3,0,
10312,臺中市潭子區,潭秀里,4,2,2,2,0,2,3,1,
10312,臺中市潭子區,潭陽里,12,5,7,7,5,2,15,2,
10312,臺中市潭子區,甘蔗里,7,2,5,7,2,5,5,2,
10312,臺中市潭子區,福仁里,14,9,5,5,4,1,9,5,
10312,臺中市潭子區,聚興里,6,2,4,1,0,1,6,1,
10312,臺中市潭子區,頭家東里,4,4,0,0,0,0,9,0,
10312,臺中市潭子區,頭家里,1,1,0,3,1,2,6,2,
10312,臺中市大雅區,三和里,8,4,4,2,2,0,1,1,
10312,臺中市大雅區,上楓里,6,3,3,4,1,3,5,0,
10312,臺中市大雅區,上雅里,6,5,1,2,2,0,6,3,
10312,臺中市大雅區,二和里,12,6,6,0,0,0,7,0,
10312,臺中市大雅區,六寶里,8,2,6,5,4,1,6,2,
10312,臺中市大雅區,員林里,10,5,5,4,3,1,7,2,
10312,臺中市大雅區,四德里,5,2,3,2,2,0,3,1,
10312,臺中市大雅區,大楓里,4,3,1,3,2,1,5,4,
10312,臺中市大雅區,大雅里,1,0,1,2,2,0,2,1,
10312,臺中市大雅區,忠義里,3,2,1,4,3,1,3,2,
10312,臺中市大雅區,文雅里,6,4,2,7,4,3,7,1,
10312,臺中市大雅區,橫山里,4,2,2,3,2,1,4,0,
10312,臺中市大雅區,秀山里,1,1,0,3,1,2,2,1,
10312,臺中市大雅區,西寶里,10,5,5,4,1,3,1,2,
10312,臺中市大雅區,雅楓里,5,2,3,1,1,0,4,0,
10312,臺中市新社區,中和里,0,0,0,0,0,0,1,1,
10312,臺中市新社區,中正里,0,0,0,2,2,0,2,0,
10312,臺中市新社區,中興里,0,0,0,2,2,0,0,1,
10312,臺中市新社區,協成里,6,2,4,0,0,0,4,0,
10312,臺中市新社區,大南里,2,2,0,1,0,1,1,1,
10312,臺中市新社區,崑山里,0,0,0,2,0,2,1,0,
10312,臺中市新社區,復盛里,3,1,2,1,1,0,0,2,
10312,臺中市新社區,慶西里,1,0,1,1,0,1,0,0,
10312,臺中市新社區,新社里,5,3,2,5,2,3,0,0,
10312,臺中市新社區,月湖里,0,0,0,0,0,0,2,0,
10312,臺中市新社區,東興里,1,0,1,1,1,0,1,1,
10312,臺中市新社區,永源里,1,1,0,1,1,0,5,1,
10312,臺中市新社區,福興里,1,0,1,2,1,1,0,0,
10312,臺中市石岡區,九房里,2,0,2,3,2,1,2,1,
10312,臺中市石岡區,和盛里,0,0,0,1,0,1,2,0,
10312,臺中市石岡區,土牛里,0,0,0,3,3,0,2,0,
10312,臺中市石岡區,德興里,2,1,1,0,0,0,1,0,
10312,臺中市石岡區,梅子里,1,1,0,2,0,2,1,0,
10312,臺中市石岡區,石岡里,2,1,1,2,2,0,3,0,
10312,臺中市石岡區,萬安里,1,0,1,4,2,2,1,0,
10312,臺中市石岡區,萬興里,3,1,2,0,0,0,1,0,
10312,臺中市石岡區,金星里,2,2,0,0,0,0,3,0,
10312,臺中市石岡區,龍興里,0,0,0,0,0,0,0,0,
10312,臺中市外埔區,三崁里,3,2,1,4,2,2,3,0,
10312,臺中市外埔區,中山里,5,2,3,0,0,0,0,0,
10312,臺中市外埔區,六分里,11,6,5,5,2,3,3,0,
10312,臺中市外埔區,土城里,1,1,0,0,0,0,1,0,
10312,臺中市外埔區,大同里,7,4,3,5,3,2,13,2,
10312,臺中市外埔區,大東里,7,3,4,5,3,2,4,2,
10312,臺中市外埔區,廍子里,1,0,1,2,1,1,1,2,
10312,臺中市外埔區,水美里,0,0,0,3,1,2,1,1,
10312,臺中市外埔區,永豐里,0,0,0,2,1,1,0,0,
10312,臺中市外埔區,鐵山里,2,0,2,0,0,0,2,0,
10312,臺中市外埔區,馬鳴里,3,2,1,1,1,0,1,0,
10312,臺中市大安區,中庄里,3,1,2,2,1,1,2,1,
10312,臺中市大安區,南埔里,1,1,0,1,1,0,2,0,
10312,臺中市大安區,南庄里,2,1,1,4,4,0,1,0,
10312,臺中市大安區,東安里,3,2,1,1,0,1,1,0,
10312,臺中市大安區,松雅里,1,1,0,0,0,0,0,0,
10312,臺中市大安區,永安里,1,0,1,3,2,1,3,1,
10312,臺中市大安區,海墘里,1,1,0,4,3,1,1,1,
10312,臺中市大安區,福住里,2,2,0,0,0,0,0,1,
10312,臺中市大安區,福興里,2,0,2,0,0,0,1,0,
10312,臺中市大安區,西安里,3,2,1,2,1,1,2,0,
10312,臺中市大安區,頂安里,0,0,0,0,0,0,0,0,
10312,臺中市大安區,龜売里,2,0,2,2,1,1,1,0,
10312,臺中市烏日區,三和里,5,3,2,3,3,0,6,0,
10312,臺中市烏日區,九德里,12,6,6,4,3,1,7,3,
10312,臺中市烏日區,五光里,5,0,5,1,1,0,5,0,
10312,臺中市烏日區,仁德里,6,3,3,2,1,1,9,1,
10312,臺中市烏日區,光明里,1,1,0,0,0,0,1,0,
10312,臺中市烏日區,前竹里,1,0,1,3,2,1,0,0,
10312,臺中市烏日區,北里里,3,1,2,0,0,0,1,0,
10312,臺中市烏日區,南里里,2,2,0,2,1,1,2,0,
10312,臺中市烏日區,學田里,0,0,0,2,2,0,2,0,
10312,臺中市烏日區,東園里,1,1,0,1,0,1,1,2,
10312,臺中市烏日區,榮泉里,3,2,1,1,0,1,8,1,
10312,臺中市烏日區,湖日里,3,2,1,3,2,1,3,1,
10312,臺中市烏日區,溪埧里,7,3,4,3,2,1,2,0,
10312,臺中市烏日區,溪尾里,1,1,0,0,0,0,0,0,
10312,臺中市烏日區,烏日里,12,10,2,4,1,3,8,3,
10312,臺中市烏日區,螺潭里,4,3,1,2,1,1,1,0,
10312,臺中市大肚區,中和里,0,0,0,1,0,1,0,0,
10312,臺中市大肚區,大東里,2,1,1,3,2,1,2,0,
10312,臺中市大肚區,大肚里,0,0,0,2,1,1,1,0,
10312,臺中市大肚區,山陽里,0,0,0,0,0,0,0,0,
10312,臺中市大肚區,成功里,2,1,1,0,0,0,2,0,
10312,臺中市大肚區,新興里,4,1,3,2,2,0,2,1,
10312,臺中市大肚區,永和里,1,1,0,1,1,0,0,0,
10312,臺中市大肚區,永順里,1,1,0,0,0,0,2,0,
10312,臺中市大肚區,營埔里,1,1,0,1,1,0,0,0,
10312,臺中市大肚區,王田里,4,3,1,0,0,0,4,1,
10312,臺中市大肚區,瑞井里,5,3,2,3,2,1,5,2,
10312,臺中市大肚區,磺溪里,4,0,4,0,0,0,1,0,
10312,臺中市大肚區,社腳里,1,0,1,1,1,0,2,1,
10312,臺中市大肚區,福山里,6,2,4,7,4,3,3,1,
10312,臺中市大肚區,自強里,2,1,1,1,1,0,3,3,
10312,臺中市大肚區,蔗廍里,5,2,3,2,1,1,1,2,
10312,臺中市大肚區,頂街里,9,5,4,3,2,1,10,0,
10312,臺中市龍井區,三德里,7,5,2,4,4,0,6,2,
10312,臺中市龍井區,南寮里,2,0,2,2,1,1,0,0,
10312,臺中市龍井區,山腳里,5,1,4,4,3,1,8,1,
10312,臺中市龍井區,忠和里,7,5,2,4,3,1,2,3,
10312,臺中市龍井區,新庄里,6,1,5,3,2,1,6,3,
10312,臺中市龍井區,新東里,10,6,4,1,0,1,5,0,
10312,臺中市龍井區,東海里,4,1,3,6,5,1,9,1,
10312,臺中市龍井區,田中里,1,1,0,4,1,3,2,1,
10312,臺中市龍井區,福田里,3,1,2,0,0,0,1,0,
10312,臺中市龍井區,竹坑里,3,2,1,1,0,1,4,0,
10312,臺中市龍井區,麗水里,2,1,1,2,1,1,1,1,
10312,臺中市龍井區,龍崗里,5,3,2,3,3,0,6,0,
10312,臺中市龍井區,龍東里,3,1,2,1,1,0,1,0,
10312,臺中市龍井區,龍泉里,12,5,7,6,6,0,9,0,
10312,臺中市龍井區,龍津里,7,3,4,3,3,0,4,1,
10312,臺中市龍井區,龍西里,4,1,3,4,4,0,3,2,
10312,臺中市霧峰區,丁台里,3,3,0,2,0,2,5,1,
10312,臺中市霧峰區,中正里,1,0,1,1,0,1,1,0,
10312,臺中市霧峰區,五福里,4,2,2,2,1,1,1,2,
10312,臺中市霧峰區,六股里,3,2,1,2,1,1,3,0,
10312,臺中市霧峰區,北勢里,6,4,2,0,0,0,1,0,
10312,臺中市霧峰區,北柳里,9,3,6,3,0,3,4,1,
10312,臺中市霧峰區,南勢里,0,0,0,0,0,0,0,0,
10312,臺中市霧峰區,南柳里,3,0,3,0,0,0,2,0,
10312,臺中市霧峰區,吉峰里,7,4,3,7,6,1,5,2,
10312,臺中市霧峰區,四德里,3,1,2,1,1,0,4,0,
10312,臺中市霧峰區,坑口里,1,0,1,6,2,4,2,1,
10312,臺中市霧峰區,峰谷里,0,0,0,2,1,1,2,0,
10312,臺中市霧峰區,本堂里,7,1,6,0,0,0,4,1,
10312,臺中市霧峰區,本鄉里,0,0,0,1,0,1,1,0,
10312,臺中市霧峰區,桐林里,1,0,1,2,2,0,0,0,
10312,臺中市霧峰區,甲寅里,5,3,2,4,3,1,3,0,
10312,臺中市霧峰區,舊正里,4,0,4,0,0,0,2,0,
10312,臺中市霧峰區,萊園里,3,2,1,0,0,0,1,0,
10312,臺中市霧峰區,萬豐里,4,1,3,0,0,0,4,0,
10312,臺中市霧峰區,錦榮里,1,0,1,0,0,0,1,0,
10312,臺中市太平區,中山里,2,0,2,2,2,0,1,2,
10312,臺中市太平區,中平里,6,2,4,0,0,0,3,2,
10312,臺中市太平區,中政里,5,2,3,0,0,0,1,0,
10312,臺中市太平區,中興里,3,2,1,1,1,0,1,0,
10312,臺中市太平區,光明里,4,2,2,5,4,1,1,1,
10312,臺中市太平區,光華里,7,3,4,3,2,1,4,2,
10312,臺中市太平區,光隆里,3,2,1,3,1,2,2,2,
10312,臺中市太平區,勤益里,3,1,2,1,0,1,0,1,
10312,臺中市太平區,坪林里,3,0,3,5,3,2,3,1,
10312,臺中市太平區,大興里,2,1,1,3,3,0,5,0,
10312,臺中市太平區,太平里,8,4,4,4,4,0,3,1,
10312,臺中市太平區,宜佳里,6,3,3,4,2,2,2,1,
10312,臺中市太平區,宜昌里,4,1,3,1,0,1,1,2,
10312,臺中市太平區,宜欣里,9,1,8,3,3,0,7,1,
10312,臺中市太平區,平安里,4,3,1,3,2,1,3,1,
10312,臺中市太平區,建國里,3,1,2,3,2,1,1,2,
10312,臺中市太平區,建興里,5,1,4,3,2,1,2,1,
10312,臺中市太平區,德隆里,4,2,2,2,1,1,6,0,
10312,臺中市太平區,成功里,4,1,3,0,0,0,1,1,
10312,臺中市太平區,新光里,8,4,4,3,1,2,6,1,
10312,臺中市太平區,新吉里,6,3,3,2,0,2,6,4,
10312,臺中市太平區,新坪里,7,6,1,3,3,0,7,2,
10312,臺中市太平區,新城里,5,5,0,2,1,1,4,1,
10312,臺中市太平區,新福里,9,4,5,0,0,0,4,2,
10312,臺中市太平區,新興里,12,7,5,2,1,1,5,1,
10312,臺中市太平區,新高里,13,9,4,2,2,0,9,0,
10312,臺中市太平區,東和里,0,0,0,0,0,0,3,0,
10312,臺中市太平區,東平里,7,4,3,5,4,1,1,2,
10312,臺中市太平區,東汴里,0,0,0,4,2,2,2,0,
10312,臺中市太平區,永平里,5,3,2,3,1,2,2,0,
10312,臺中市太平區,永成里,9,3,6,3,2,1,5,5,
10312,臺中市太平區,永隆里,2,1,1,1,0,1,2,1,
10312,臺中市太平區,福隆里,9,5,4,6,4,2,4,1,
10312,臺中市太平區,聖和里,1,1,0,0,0,0,3,0,
10312,臺中市太平區,興隆里,5,1,4,3,1,2,2,0,
10312,臺中市太平區,豐年里,8,2,6,2,2,0,2,0,
10312,臺中市太平區,長億里,5,2,3,3,0,3,5,0,
10312,臺中市太平區,頭汴里,1,0,1,1,1,0,3,0,
10312,臺中市太平區,黃竹里,0,0,0,2,2,0,0,0,
10312,臺中市大里區,中新里,6,2,4,3,2,1,4,1,
10312,臺中市大里區,仁化里,7,5,2,5,2,3,8,3,
10312,臺中市大里區,仁德里,4,1,3,3,1,2,5,1,
10312,臺中市大里區,健民里,3,3,0,6,5,1,3,3,
10312,臺中市大里區,內新里,11,7,4,5,2,3,9,1,
10312,臺中市大里區,國光里,9,5,4,4,3,1,4,0,
10312,臺中市大里區,塗城里,9,3,6,5,2,3,12,1,
10312,臺中市大里區,夏田里,2,1,1,0,0,0,1,0,
10312,臺中市大里區,大元里,3,1,2,2,1,1,4,2,
10312,臺中市大里區,大明里,4,1,3,4,1,3,4,1,
10312,臺中市大里區,大里里,0,0,0,3,3,0,2,1,
10312,臺中市大里區,新仁里,10,1,9,3,2,1,7,3,
10312,臺中市大里區,新里里,14,8,6,4,2,2,10,4,
10312,臺中市大里區,日新里,5,2,3,3,1,2,4,0,
10312,臺中市大里區,東昇里,1,0,1,4,4,0,3,0,
10312,臺中市大里區,東湖里,18,9,9,4,4,0,13,6,
10312,臺中市大里區,東興里,4,4,0,3,2,1,7,1,
10312,臺中市大里區,樹王里,5,4,1,2,0,2,4,0,
10312,臺中市大里區,永隆里,6,3,3,3,2,1,6,1,
10312,臺中市大里區,瑞城里,8,7,1,8,3,5,12,2,
10312,臺中市大里區,祥興里,9,2,7,0,0,0,7,1,
10312,臺中市大里區,立仁里,9,5,4,4,2,2,5,0,
10312,臺中市大里區,立德里,15,9,6,2,1,1,7,4,
10312,臺中市大里區,西榮里,4,2,2,4,2,2,2,3,
10312,臺中市大里區,西湖里,3,0,3,2,0,2,1,0,
10312,臺中市大里區,金城里,14,10,4,6,4,2,10,2,
10312,臺中市大里區,長榮里,12,7,5,4,4,0,3,0,
10312,臺中市和平區,中坑里,1,0,1,0,0,0,0,0,
10312,臺中市和平區,南勢里,4,2,2,3,3,0,3,1,
10312,臺中市和平區,博愛里,2,2,0,1,0,1,0,0,
10312,臺中市和平區,天輪里,0,0,0,1,1,0,0,0,
10312,臺中市和平區,平等里,2,1,1,3,2,1,0,0,
10312,臺中市和平區,梨山里,1,1,0,2,1,1,1,0,
10312,臺中市和平區,自由里,0,0,0,0,0,0,0,0,
10312,臺中市和平區,達觀里,2,2,0,0,0,0,2,0,
10312,臺南市新營區,三仙里,2,0,2,2,1,1,3,0,
10312,臺南市新營區,中營里,0,0,0,1,0,1,1,0,
10312,臺南市新營區,五興里,0,0,0,4,2,2,0,0,
10312,臺南市新營區,南紙里,1,1,0,1,0,1,3,0,
10312,臺南市新營區,南興里,1,0,1,4,3,1,7,0,
10312,臺南市新營區,嘉芳里,1,1,0,0,0,0,2,0,
10312,臺南市新營區,土庫里,1,1,0,0,0,0,0,0,
10312,臺南市新營區,埤寮里,0,0,0,3,1,2,1,0,
10312,臺南市新營區,大宏里,4,1,3,2,1,1,5,2,
10312,臺南市新營區,太北里,3,0,3,1,1,0,1,0,
10312,臺南市新營區,太南里,1,1,0,3,3,0,0,0,
10312,臺南市新營區,好平里,0,0,0,0,0,0,0,0,
10312,臺南市新營區,姑爺里,0,0,0,1,0,1,1,1,
10312,臺南市新營區,延平里,0,0,0,0,0,0,2,0,
10312,臺南市新營區,忠政里,0,0,0,2,1,1,3,0,
10312,臺南市新營區,新北里,7,3,4,1,0,1,3,0,
10312,臺南市新營區,新南里,10,7,3,3,2,1,3,0,
10312,臺南市新營區,新東里,6,1,5,2,1,1,7,0,
10312,臺南市新營區,民榮里,3,1,2,4,2,2,2,0,
10312,臺南市新營區,民權里,3,2,1,2,0,2,4,0,
10312,臺南市新營區,民生里,1,0,1,2,1,1,6,0,
10312,臺南市新營區,永生里,2,1,1,2,0,2,0,1,
10312,臺南市新營區,王公里,7,4,3,1,1,0,5,0,
10312,臺南市新營區,興安里,0,0,0,0,0,0,1,0,
10312,臺南市新營區,興業里,1,1,0,0,0,0,2,0,
10312,臺南市新營區,舊廍里,0,0,0,0,0,0,0,0,
10312,臺南市新營區,角帶里,0,0,0,0,0,0,0,0,
10312,臺南市新營區,護鎮里,0,0,0,2,0,2,0,0,
10312,臺南市新營區,鐵線里,1,1,0,2,1,1,1,0,
10312,臺南市鹽水區,三生里,0,0,0,1,1,0,0,0,
10312,臺南市鹽水區,下中里,0,0,0,3,3,0,0,1,
10312,臺南市鹽水區,下林里,0,0,0,0,0,0,1,0,
10312,臺南市鹽水區,中境里,0,0,0,1,1,0,0,0,
10312,臺南市鹽水區,南港里,0,0,0,2,2,0,2,0,
10312,臺南市鹽水區,大莊里,0,0,0,0,0,0,1,1,
10312,臺南市鹽水區,大豐里,0,0,0,0,0,0,0,1,
10312,臺南市鹽水區,孫厝里,1,0,1,0,0,0,0,0,
10312,臺南市鹽水區,岸內里,3,2,1,2,0,2,0,2,
10312,臺南市鹽水區,後宅里,0,0,0,1,0,1,2,0,
10312,臺南市鹽水區,桐寮里,0,0,0,0,0,0,0,0,
10312,臺南市鹽水區,橋南里,6,3,3,2,1,1,4,0,
10312,臺南市鹽水區,歡雅里,1,1,0,1,1,0,3,0,
10312,臺南市鹽水區,武廟里,0,0,0,1,1,0,0,0,
10312,臺南市鹽水區,水仙里,0,0,0,1,0,1,0,0,
10312,臺南市鹽水區,水正里,0,0,0,1,1,0,0,0,
10312,臺南市鹽水區,水秀里,0,0,0,0,0,0,1,0,
10312,臺南市鹽水區,汫水里,1,0,1,0,0,0,1,0,
10312,臺南市鹽水區,河南里,0,0,0,0,0,0,0,0,
10312,臺南市鹽水區,田寮里,0,0,0,0,0,0,0,0,
10312,臺南市鹽水區,福得里,0,0,0,1,0,1,2,0,
10312,臺南市鹽水區,竹埔里,0,0,0,0,0,0,0,0,
10312,臺南市鹽水區,義稠里,0,0,0,1,1,0,2,1,
10312,臺南市鹽水區,舊營里,1,0,1,1,1,0,1,0,
10312,臺南市鹽水區,飯店里,1,1,0,1,0,1,0,0,
10312,臺南市白河區,仙草里,0,0,0,4,4,0,1,0,
10312,臺南市白河區,內角里,0,0,0,3,1,2,0,1,
10312,臺南市白河區,六溪里,2,2,0,1,1,0,0,0,
10312,臺南市白河區,外角里,0,0,0,1,0,1,0,1,
10312,臺南市白河區,大林里,0,0,0,0,0,0,0,0,
10312,臺南市白河區,大竹里,1,1,0,0,0,0,2,0,
10312,臺南市白河區,崁頭里,0,0,0,2,1,1,0,1,
10312,臺南市白河區,崎內里,1,0,1,1,1,0,1,0,
10312,臺南市白河區,庄內里,1,1,0,1,1,0,2,1,
10312,臺南市白河區,廣安里,0,0,0,1,1,0,1,0,
10312,臺南市白河區,昇安里,2,2,0,3,3,0,1,0,
10312,臺南市白河區,永安里,2,1,1,3,3,0,2,0,
10312,臺南市白河區,汴頭里,0,0,0,2,2,0,0,0,
10312,臺南市白河區,河東里,1,0,1,1,0,1,0,1,
10312,臺南市白河區,玉豐里,0,0,0,0,0,0,2,0,
10312,臺南市白河區,甘宅里,0,0,0,5,3,2,0,0,
10312,臺南市白河區,白河里,0,0,0,1,1,0,1,1,
10312,臺南市白河區,秀祐里,0,0,0,1,1,0,1,1,
10312,臺南市白河區,竹門里,4,3,1,3,3,0,0,0,
10312,臺南市白河區,草店里,2,1,1,3,2,1,1,0,
10312,臺南市白河區,蓮潭里,1,1,0,1,1,0,1,0,
10312,臺南市白河區,虎山里,1,1,0,1,0,1,0,0,
10312,臺南市白河區,詔安里,0,0,0,0,0,0,0,0,
10312,臺南市白河區,關嶺里,1,0,1,2,2,0,1,0,
10312,臺南市柳營區,中埕里,3,0,3,0,0,0,1,1,
10312,臺南市柳營區,人和里,2,2,0,1,1,0,2,0,
10312,臺南市柳營區,光福里,0,0,0,3,2,1,1,0,
10312,臺南市柳營區,八翁里,0,0,0,0,0,0,0,0,
10312,臺南市柳營區,士林里,1,1,0,2,0,2,2,2,
10312,臺南市柳營區,大農里,2,1,1,2,2,0,1,0,
10312,臺南市柳營區,太康里,0,0,0,2,1,1,0,0,
10312,臺南市柳營區,旭山里,1,1,0,3,2,1,0,1,
10312,臺南市柳營區,東昇里,0,0,0,2,1,1,3,0,
10312,臺南市柳營區,果毅里,0,0,0,1,1,0,1,0,
10312,臺南市柳營區,神農里,0,0,0,2,2,0,1,1,
10312,臺南市柳營區,篤農里,0,0,0,0,0,0,0,0,
10312,臺南市柳營區,重溪里,3,1,2,4,2,2,1,1,
10312,臺南市後壁區,仕安里,0,0,0,0,0,0,0,0,
10312,臺南市後壁區,侯伯里,1,0,1,3,2,1,0,1,
10312,臺南市後壁區,嘉民里,1,0,1,2,1,1,2,0,
10312,臺南市後壁區,嘉田里,2,1,1,2,2,0,0,0,
10312,臺南市後壁區,嘉苳里,2,2,0,2,1,1,0,0,
10312,臺南市後壁區,土溝里,1,1,0,0,0,0,0,0,
10312,臺南市後壁區,墨林里,0,0,0,3,2,1,0,0,
10312,臺南市後壁區,崁頂里,0,0,0,0,0,0,0,0,
10312,臺南市後壁區,平安里,0,0,0,1,0,1,0,0,
10312,臺南市後壁區,後壁里,0,0,0,3,2,1,1,1,
10312,臺南市後壁區,後廍里,1,1,0,0,0,0,0,0,
10312,臺南市後壁區,新嘉里,0,0,0,1,1,0,1,0,
10312,臺南市後壁區,新東里,0,0,0,1,1,0,0,0,
10312,臺南市後壁區,烏樹里,1,0,1,0,0,0,0,0,
10312,臺南市後壁區,福安里,1,1,0,2,2,0,0,0,
10312,臺南市後壁區,竹新里,0,0,0,1,1,0,1,0,
10312,臺南市後壁區,菁寮里,0,0,0,2,1,1,0,0,
10312,臺南市後壁區,菁豊里,1,1,0,0,0,0,1,0,
10312,臺南市後壁區,長安里,1,0,1,1,0,1,2,1,
10312,臺南市後壁區,頂安里,3,3,0,0,0,0,4,0,
10312,臺南市後壁區,頂長里,0,0,0,0,0,0,1,0,
10312,臺南市東山區,三榮里,0,0,0,1,1,0,1,0,
10312,臺南市東山區,南勢里,2,1,1,2,0,2,0,0,
10312,臺南市東山區,南溪里,1,1,0,0,0,0,0,0,
10312,臺南市東山區,大客里,1,1,0,1,0,1,0,1,
10312,臺南市東山區,嶺南里,0,0,0,0,0,0,0,0,
10312,臺南市東山區,東中里,1,0,1,0,0,0,0,0,
10312,臺南市東山區,東原里,2,0,2,7,4,3,2,1,
10312,臺南市東山區,東山里,3,0,3,2,2,0,0,1,
10312,臺南市東山區,東正里,2,1,1,0,0,0,0,0,
10312,臺南市東山區,東河里,0,0,0,1,0,1,1,0,
10312,臺南市東山區,林安里,0,0,0,0,0,0,0,0,
10312,臺南市東山區,水雲里,0,0,0,0,0,0,0,0,
10312,臺南市東山區,科里里,0,0,0,1,1,0,1,0,
10312,臺南市東山區,聖賢里,0,0,0,1,1,0,2,0,
10312,臺南市東山區,青山里,3,1,2,2,2,0,1,0,
10312,臺南市東山區,高原里,1,0,1,0,0,0,1,0,
10312,臺南市麻豆區,中民里,0,0,0,1,1,0,2,0,
10312,臺南市麻豆區,中興里,2,2,0,1,1,0,3,0,
10312,臺南市麻豆區,保安里,0,0,0,0,0,0,0,0,
10312,臺南市麻豆區,北勢里,0,0,0,0,0,0,0,0,
10312,臺南市麻豆區,南勢里,2,1,1,0,0,0,3,0,
10312,臺南市麻豆區,埤頭里,0,0,0,4,3,1,0,0,
10312,臺南市麻豆區,大埕里,1,1,0,3,2,1,2,1,
10312,臺南市麻豆區,大山里,1,1,0,0,0,0,1,0,
10312,臺南市麻豆區,安東里,1,1,0,1,1,0,0,0,
10312,臺南市麻豆區,安業里,0,0,0,0,0,0,0,0,
10312,臺南市麻豆區,安正里,0,0,0,0,0,0,1,0,
10312,臺南市麻豆區,安西里,0,0,0,0,0,0,0,0,
10312,臺南市麻豆區,寮廍里,2,2,0,1,0,1,0,0,
10312,臺南市麻豆區,小埤里,1,1,0,3,2,1,0,1,
10312,臺南市麻豆區,巷口里,2,1,1,1,0,1,2,0,
10312,臺南市麻豆區,新建里,3,3,0,2,0,2,2,2,
10312,臺南市麻豆區,晋江里,2,1,1,0,0,0,4,1,
10312,臺南市麻豆區,東角里,1,1,0,0,0,0,2,0,
10312,臺南市麻豆區,油車里,4,2,2,2,2,0,5,0,
10312,臺南市麻豆區,海埔里,1,1,0,2,1,1,0,0,
10312,臺南市麻豆區,港尾里,1,1,0,1,1,0,1,0,
10312,臺南市麻豆區,磚井里,0,0,0,2,2,0,1,1,
10312,臺南市麻豆區,穀興里,0,0,0,0,0,0,0,0,
10312,臺南市麻豆區,總榮里,0,0,0,1,0,1,2,0,
10312,臺南市麻豆區,興農里,4,3,1,0,0,0,1,0,
10312,臺南市麻豆區,莊禮里,1,0,1,1,1,0,0,0,
10312,臺南市麻豆區,謝安里,0,0,0,1,0,1,1,0,
10312,臺南市麻豆區,麻口里,4,3,1,2,2,0,2,0,
10312,臺南市麻豆區,龍泉里,1,1,0,1,1,0,0,0,
10312,臺南市下營區,下營里,1,1,0,1,0,1,1,0,
10312,臺南市下營區,中營里,0,0,0,0,0,0,0,0,
10312,臺南市下營區,仁里里,2,1,1,0,0,0,2,1,
10312,臺南市下營區,大埤里,1,0,1,3,3,0,0,0,
10312,臺南市下營區,大屯里,0,0,0,0,0,0,0,0,
10312,臺南市下營區,宅內里,0,0,0,1,0,1,0,0,
10312,臺南市下營區,後街里,0,0,0,2,1,1,0,0,
10312,臺南市下營區,新興里,3,2,1,3,2,1,1,0,
10312,臺南市下營區,營前里,0,0,0,2,1,1,1,0,
10312,臺南市下營區,甲中里,2,1,1,2,0,2,0,0,
10312,臺南市下營區,紅厝里,1,1,0,2,2,0,1,0,
10312,臺南市下營區,茅港里,0,0,0,1,1,0,1,0,
10312,臺南市下營區,西連里,2,2,0,2,2,0,0,0,
10312,臺南市下營區,賀建里,1,0,1,2,1,1,1,1,
10312,臺南市下營區,開化里,3,0,3,3,0,3,0,1,
10312,臺南市六甲區,七甲里,0,0,0,3,2,1,1,0,
10312,臺南市六甲區,中社里,1,0,1,2,2,0,2,0,
10312,臺南市六甲區,二甲里,4,2,2,2,2,0,0,0,
10312,臺南市六甲區,六甲里,2,0,2,3,1,2,3,0,
10312,臺南市六甲區,大丘里,0,0,0,2,2,0,1,0,
10312,臺南市六甲區,水林里,1,0,1,0,0,0,4,0,
10312,臺南市六甲區,王爺里,1,0,1,3,2,1,0,0,
10312,臺南市六甲區,甲南里,1,1,0,0,0,0,0,0,
10312,臺南市六甲區,甲東里,0,0,0,4,3,1,2,0,
10312,臺南市六甲區,菁埔里,0,0,0,0,0,0,1,1,
10312,臺南市六甲區,龍湖里,1,0,1,2,0,2,0,1,
10312,臺南市六甲區,龜港里,1,0,1,1,1,0,1,0,
10312,臺南市官田區,二鎮里,3,2,1,3,2,1,3,2,
10312,臺南市官田區,南廍里,0,0,0,1,1,0,3,0,
10312,臺南市官田區,嘉南里,0,0,0,0,0,0,1,0,
10312,臺南市官田區,大崎里,1,0,1,1,1,0,0,0,
10312,臺南市官田區,官田里,0,0,0,1,0,1,1,0,
10312,臺南市官田區,拔林里,0,0,0,1,1,0,0,0,
10312,臺南市官田區,東庄里,0,0,0,0,0,0,2,0,
10312,臺南市官田區,渡頭里,2,2,0,1,0,1,3,0,
10312,臺南市官田區,湖山里,0,0,0,2,1,1,0,0,
10312,臺南市官田區,社子里,1,0,1,1,1,0,0,0,
10312,臺南市官田區,西庄里,0,0,0,1,0,1,0,0,
10312,臺南市官田區,隆本里,6,2,4,1,1,0,2,2,
10312,臺南市官田區,隆田里,2,1,1,4,3,1,4,0,
10312,臺南市大內區,二溪里,0,0,0,2,0,2,0,0,
10312,臺南市大內區,內江里,0,0,0,1,1,0,1,0,
10312,臺南市大內區,內郭里,0,0,0,1,0,1,1,0,
10312,臺南市大內區,大內里,2,0,2,0,0,0,0,0,
10312,臺南市大內區,曲溪里,0,0,0,0,0,0,2,0,
10312,臺南市大內區,環湖里,1,0,1,1,0,1,0,0,
10312,臺南市大內區,石城里,1,0,1,0,0,0,0,0,
10312,臺南市大內區,石林里,0,0,0,2,0,2,0,0,
10312,臺南市大內區,石湖里,0,0,0,1,1,0,0,0,
10312,臺南市大內區,頭社里,1,1,0,2,1,1,1,0,
10312,臺南市佳里區,三協里,0,0,0,0,0,0,2,0,
10312,臺南市佳里區,佳化里,1,0,1,5,0,5,0,0,
10312,臺南市佳里區,六安里,3,2,1,6,4,2,2,1,
10312,臺南市佳里區,嘉福里,1,0,1,1,1,0,0,0,
10312,臺南市佳里區,子龍里,3,3,0,2,1,1,0,0,
10312,臺南市佳里區,安西里,9,5,4,6,4,2,8,1,
10312,臺南市佳里區,建南里,8,4,4,9,5,4,6,2,
10312,臺南市佳里區,忠仁里,4,2,2,1,0,1,1,2,
10312,臺南市佳里區,東寧里,0,0,0,3,1,2,1,0,
10312,臺南市佳里區,民安里,0,0,0,1,0,1,3,2,
10312,臺南市佳里區,海澄里,0,0,0,0,0,0,2,0,
10312,臺南市佳里區,溪州里,0,0,0,0,0,0,0,0,
10312,臺南市佳里區,漳洲里,0,0,0,0,0,0,0,0,
10312,臺南市佳里區,營頂里,1,1,0,0,0,0,0,0,
10312,臺南市佳里區,禮化里,2,1,1,1,0,1,2,0,
10312,臺南市佳里區,興化里,0,0,0,2,2,0,0,1,
10312,臺南市佳里區,蚶寮里,0,0,0,3,2,1,0,0,
10312,臺南市佳里區,通興里,0,0,0,1,1,0,0,1,
10312,臺南市佳里區,鎮山里,5,3,2,4,4,0,6,1,
10312,臺南市佳里區,頂廍里,2,1,1,0,0,0,1,0,
10312,臺南市佳里區,龍安里,3,3,0,1,0,1,2,0,
10312,臺南市學甲區,三慶里,1,1,0,2,1,1,0,0,
10312,臺南市學甲區,中洲里,1,0,1,2,2,0,2,1,
10312,臺南市學甲區,仁得里,4,2,2,2,2,0,4,0,
10312,臺南市學甲區,光華里,2,0,2,2,1,1,1,0,
10312,臺南市學甲區,大灣里,0,0,0,2,1,1,1,0,
10312,臺南市學甲區,宅港里,2,1,1,1,1,0,2,0,
10312,臺南市學甲區,平和里,0,0,0,0,0,0,0,0,
10312,臺南市學甲區,慈福里,4,2,2,3,2,1,1,0,
10312,臺南市學甲區,新榮里,0,0,0,1,1,0,1,0,
10312,臺南市學甲區,新達里,2,0,2,1,1,0,1,0,
10312,臺南市學甲區,明宜里,3,1,2,2,2,0,0,0,
10312,臺南市學甲區,秀昌里,0,0,0,3,1,2,2,2,
10312,臺南市學甲區,豐和里,0,0,0,2,1,1,0,0,
10312,臺南市西港區,劉厝里,3,0,3,0,0,0,1,0,
10312,臺南市西港區,南海里,1,0,1,2,2,0,0,1,
10312,臺南市西港區,後營里,0,0,0,1,0,1,2,2,
10312,臺南市西港區,慶安里,1,1,0,5,4,1,5,0,
10312,臺南市西港區,新復里,0,0,0,0,0,0,3,0,
10312,臺南市西港區,永樂里,2,1,1,1,0,1,0,0,
10312,臺南市西港區,港東里,0,0,0,1,0,1,2,0,
10312,臺南市西港區,營西里,2,0,2,4,2,2,1,0,
10312,臺南市西港區,竹林里,0,0,0,1,1,0,1,0,
10312,臺南市西港區,西港里,3,1,2,5,3,2,0,1,
10312,臺南市西港區,金砂里,1,0,1,1,1,0,0,0,
10312,臺南市西港區,檨林里,0,0,0,1,0,1,0,0,
10312,臺南市七股區,七股里,0,0,0,0,0,0,0,0,
10312,臺南市七股區,三股里,0,0,0,1,0,1,0,0,
10312,臺南市七股區,中寮里,0,0,0,0,0,0,2,1,
10312,臺南市七股區,十份里,1,1,0,1,0,1,1,0,
10312,臺南市七股區,城內里,0,0,0,0,0,0,0,0,
10312,臺南市七股區,塩埕里,0,0,0,0,0,0,0,0,
10312,臺南市七股區,大埕里,3,2,1,1,0,1,1,1,
10312,臺南市七股區,大寮里,1,0,1,1,1,0,0,0,
10312,臺南市七股區,大潭里,0,0,0,0,0,0,2,0,
10312,臺南市七股區,後港里,0,0,0,0,0,0,0,1,
10312,臺南市七股區,槺榔里,0,0,0,0,0,0,1,0,
10312,臺南市七股區,樹林里,1,1,0,2,1,1,1,0,
10312,臺南市七股區,永吉里,2,2,0,2,1,1,0,0,
10312,臺南市七股區,溪南里,0,0,0,0,0,0,0,0,
10312,臺南市七股區,玉成里,0,0,0,1,1,0,0,0,
10312,臺南市七股區,看坪里,0,0,0,1,1,0,0,0,
10312,臺南市七股區,竹橋里,0,0,0,1,0,1,0,0,
10312,臺南市七股區,竹港里,0,0,0,2,1,1,0,0,
10312,臺南市七股區,篤加里,0,0,0,1,1,0,2,1,
10312,臺南市七股區,義合里,1,0,1,1,1,0,0,0,
10312,臺南市七股區,西寮里,0,0,0,2,2,0,0,0,
10312,臺南市七股區,頂山里,0,0,0,1,0,1,0,0,
10312,臺南市七股區,龍山里,2,0,2,2,1,1,2,1,
10312,臺南市將軍區,三吉里,1,0,1,3,2,1,1,1,
10312,臺南市將軍區,仁和里,0,0,0,1,0,1,0,0,
10312,臺南市將軍區,保源里,2,1,1,0,0,0,0,0,
10312,臺南市將軍區,北埔里,0,0,0,2,0,2,0,0,
10312,臺南市將軍區,嘉昌里,2,0,2,3,3,0,0,0,
10312,臺南市將軍區,將富里,0,0,0,2,1,1,0,0,
10312,臺南市將軍區,將貴里,0,0,0,1,0,1,0,0,
10312,臺南市將軍區,平沙里,0,0,0,4,2,2,0,0,
10312,臺南市將軍區,廣山里,0,0,0,1,1,0,0,0,
10312,臺南市將軍區,忠興里,0,0,0,2,1,1,1,0,
10312,臺南市將軍區,玉山里,0,0,0,1,1,0,0,0,
10312,臺南市將軍區,苓和里,0,0,0,1,0,1,1,0,
10312,臺南市將軍區,西和里,1,0,1,1,0,1,1,0,
10312,臺南市將軍區,西華里,1,1,0,1,1,0,1,0,
10312,臺南市將軍區,長榮里,0,0,0,3,1,2,2,0,
10312,臺南市將軍區,長沙里,4,4,0,2,0,2,0,2,
10312,臺南市將軍區,鯤溟里,0,0,0,2,2,0,1,0,
10312,臺南市將軍區,鯤鯓里,0,0,0,2,1,1,0,2,
10312,臺南市北門區,三光里,1,0,1,1,1,0,0,0,
10312,臺南市北門區,中樞里,3,1,2,2,1,1,0,0,
10312,臺南市北門區,仁里里,0,0,0,3,2,1,0,0,
10312,臺南市北門區,保吉里,5,2,3,2,2,0,1,1,
10312,臺南市北門區,北門里,0,0,0,2,1,1,0,0,
10312,臺南市北門區,慈安里,2,0,2,1,0,1,0,0,
10312,臺南市北門區,東壁里,0,0,0,1,0,1,0,0,
10312,臺南市北門區,永華里,0,0,0,0,0,0,0,0,
10312,臺南市北門區,永隆里,0,0,0,0,0,0,0,0,
10312,臺南市北門區,玉港里,1,0,1,1,1,0,1,0,
10312,臺南市北門區,錦湖里,0,0,0,0,0,0,2,0,
10312,臺南市北門區,雙春里,1,1,0,0,0,0,0,0,
10312,臺南市北門區,鯤江里,2,0,2,0,0,0,0,0,
10312,臺南市新化區,中央里,0,0,0,0,0,0,0,0,
10312,臺南市新化區,全興里,4,1,3,0,0,0,4,0,
10312,臺南市新化區,北勢里,0,0,0,1,1,0,0,0,
10312,臺南市新化區,協興里,3,2,1,5,2,3,3,1,
10312,臺南市新化區,唪口里,2,0,2,0,0,0,0,0,
10312,臺南市新化區,大坑里,0,0,0,0,0,0,0,0,
10312,臺南市新化區,太平里,3,1,2,1,1,0,2,0,
10312,臺南市新化區,山脚里,1,1,0,1,0,1,1,0,
10312,臺南市新化區,崙頂里,4,4,0,4,2,2,0,0,
10312,臺南市新化區,東榮里,5,1,4,3,3,0,6,3,
10312,臺南市新化區,武安里,0,0,0,0,0,0,1,0,
10312,臺南市新化區,清水里,1,1,0,1,0,1,0,0,
10312,臺南市新化區,知義里,2,1,1,3,2,1,1,1,
10312,臺南市新化區,礁坑里,0,0,0,1,1,0,1,0,
10312,臺南市新化區,竹林里,0,0,0,0,0,0,0,0,
10312,臺南市新化區,羊林里,1,1,0,2,1,1,1,0,
10312,臺南市新化區,觀音里,1,0,1,0,0,0,0,0,
10312,臺南市新化區,護國里,1,0,1,4,1,3,1,0,
10312,臺南市新化區,豐榮里,3,2,1,6,4,2,4,2,
10312,臺南市新化區,𦰡拔里,1,0,1,1,0,1,3,0,
10312,臺南市善化區,什乃里,4,1,3,0,0,0,1,1,
10312,臺南市善化區,光文里,6,5,1,3,1,2,5,2,
10312,臺南市善化區,六分里,1,1,0,1,1,0,0,1,
10312,臺南市善化區,六德里,1,1,0,2,1,1,0,0,
10312,臺南市善化區,北關里,0,0,0,2,1,1,0,1,
10312,臺南市善化區,南關里,2,2,0,1,1,0,0,1,
10312,臺南市善化區,嘉北里,0,0,0,0,0,0,0,0,
10312,臺南市善化區,嘉南里,1,1,0,1,0,1,0,0,
10312,臺南市善化區,坐駕里,4,0,4,5,4,1,6,1,
10312,臺南市善化區,小新里,9,3,6,3,1,2,15,0,
10312,臺南市善化區,文昌里,6,4,2,1,0,1,1,1,
10312,臺南市善化區,文正里,0,0,0,2,2,0,3,0,
10312,臺南市善化區,東昌里,1,0,1,0,0,0,0,0,
10312,臺南市善化區,東關里,1,0,1,0,0,0,1,1,
10312,臺南市善化區,東隆里,0,0,0,1,1,0,2,0,
10312,臺南市善化區,溪美里,1,0,1,3,2,1,0,0,
10312,臺南市善化區,牛庄里,1,1,0,2,2,0,0,0,
10312,臺南市善化區,田寮里,0,0,0,4,2,2,1,0,
10312,臺南市善化區,胡厝里,0,0,0,4,1,3,0,0,
10312,臺南市善化區,胡家里,3,0,3,2,1,1,0,0,
10312,臺南市善化區,西關里,0,0,0,0,0,0,0,0,
10312,臺南市新市區,三舍里,1,0,1,0,0,0,2,0,
10312,臺南市新市區,大洲里,0,0,0,1,1,0,0,0,
10312,臺南市新市區,大營里,4,1,3,2,0,2,3,0,
10312,臺南市新市區,大社里,3,3,0,4,2,2,6,0,
10312,臺南市新市區,新和里,10,3,7,6,5,1,7,1,
10312,臺南市新市區,新市里,5,4,1,2,2,0,2,0,
10312,臺南市新市區,永就里,5,4,1,3,2,1,5,0,
10312,臺南市新市區,港墘里,3,1,2,5,2,3,3,1,
10312,臺南市新市區,潭頂里,1,1,0,2,1,1,2,1,
10312,臺南市新市區,社內里,2,1,1,3,3,0,0,0,
10312,臺南市新市區,豐華里,0,0,0,0,0,0,1,0,
10312,臺南市安定區,中榮里,2,1,1,0,0,0,4,0,
10312,臺南市安定區,中沙里,1,0,1,2,1,1,2,0,
10312,臺南市安定區,保西里,0,0,0,1,1,0,1,0,
10312,臺南市安定區,六嘉里,2,1,1,0,0,0,1,0,
10312,臺南市安定區,南安里,3,0,3,1,1,0,2,0,
10312,臺南市安定區,大同里,0,0,0,0,0,0,1,0,
10312,臺南市安定區,安加里,0,0,0,2,1,1,0,0,
10312,臺南市安定區,安定里,1,0,1,1,1,0,1,0,
10312,臺南市安定區,新吉里,5,2,3,0,0,0,2,1,
10312,臺南市安定區,海寮里,4,2,2,3,1,2,0,2,
10312,臺南市安定區,港南里,0,0,0,3,2,1,1,1,
10312,臺南市安定區,港口里,2,1,1,2,2,0,3,0,
10312,臺南市安定區,港尾里,3,2,1,2,2,0,3,1,
10312,臺南市安定區,管寮里,1,0,1,0,0,0,1,0,
10312,臺南市安定區,蘇厝里,2,1,1,3,0,3,2,0,
10312,臺南市安定區,蘇林里,1,1,0,2,0,2,1,0,
10312,臺南市山上區,南洲里,1,0,1,1,1,0,0,0,
10312,臺南市山上區,山上里,3,2,1,0,0,0,0,0,
10312,臺南市山上區,平陽里,0,0,0,0,0,0,0,0,
10312,臺南市山上區,新莊里,0,0,0,0,0,0,1,0,
10312,臺南市山上區,明和里,1,0,1,3,2,1,3,0,
10312,臺南市山上區,玉峯里,2,0,2,0,0,0,0,0,
10312,臺南市山上區,豐德里,1,0,1,0,0,0,1,0,
10312,臺南市玉井區,三和里,0,0,0,2,0,2,2,0,
10312,臺南市玉井區,三埔里,0,0,0,1,0,1,0,0,
10312,臺南市玉井區,中正里,1,0,1,2,2,0,2,1,
10312,臺南市玉井區,層林里,0,0,0,0,0,0,0,0,
10312,臺南市玉井區,望明里,0,0,0,3,3,0,0,2,
10312,臺南市玉井區,沙田里,0,0,0,1,0,1,0,0,
10312,臺南市玉井區,玉井里,0,0,0,1,1,0,2,2,
10312,臺南市玉井區,玉田里,1,1,0,3,2,1,2,1,
10312,臺南市玉井區,竹圍里,0,0,0,5,3,2,0,0,
10312,臺南市玉井區,豐里里,0,0,0,1,0,1,0,1,
10312,臺南市楠西區,密枝里,0,0,0,1,0,1,0,0,
10312,臺南市楠西區,東勢里,0,0,0,2,2,0,4,0,
10312,臺南市楠西區,楠西里,2,1,1,2,0,2,1,0,
10312,臺南市楠西區,灣丘里,2,2,0,2,2,0,0,0,
10312,臺南市楠西區,照興里,1,1,0,2,0,2,1,0,
10312,臺南市楠西區,鹿田里,2,0,2,1,1,0,1,0,
10312,臺南市楠西區,龜丹里,0,0,0,1,1,0,0,0,
10312,臺南市南化區,中坑里,1,0,1,0,0,0,0,0,
10312,臺南市南化區,北寮里,0,0,0,0,0,0,0,0,
10312,臺南市南化區,北平里,0,0,0,2,2,0,0,0,
10312,臺南市南化區,南化里,0,0,0,3,2,1,0,0,
10312,臺南市南化區,小崙里,1,1,0,1,0,1,1,0,
10312,臺南市南化區,東和里,1,1,0,2,0,2,2,1,
10312,臺南市南化區,玉山里,1,0,1,1,1,0,1,0,
10312,臺南市南化區,西埔里,0,0,0,2,2,0,2,0,
10312,臺南市南化區,關山里,0,0,0,0,0,0,0,0,
10312,臺南市左鎮區,中正里,1,1,0,1,1,0,0,0,
10312,臺南市左鎮區,二寮里,0,0,0,0,0,0,0,0,
10312,臺南市左鎮區,光和里,1,1,0,1,1,0,1,0,
10312,臺南市左鎮區,內庄里,1,0,1,0,0,0,0,0,
10312,臺南市左鎮區,岡林里,0,0,0,1,1,0,0,0,
10312,臺南市左鎮區,左鎮里,0,0,0,2,2,0,1,0,
10312,臺南市左鎮區,榮和里,0,0,0,1,0,1,0,0,
10312,臺南市左鎮區,澄山里,0,0,0,2,1,1,0,0,
10312,臺南市左鎮區,睦光里,0,0,0,1,1,0,0,1,
10312,臺南市左鎮區,草山里,1,0,1,0,0,0,0,0,
10312,臺南市仁德區,一甲里,2,1,1,3,3,0,3,2,
10312,臺南市仁德區,三甲里,0,0,0,0,0,0,0,1,
10312,臺南市仁德區,上崙里,2,1,1,1,0,1,5,2,
10312,臺南市仁德區,中洲里,2,2,0,1,0,1,1,0,
10312,臺南市仁德區,中生里,2,2,0,0,0,0,1,0,
10312,臺南市仁德區,二行里,1,0,1,2,0,2,1,0,
10312,臺南市仁德區,仁和里,1,1,0,2,0,2,0,1,
10312,臺南市仁德區,仁德里,15,7,8,5,3,2,8,3,
10312,臺南市仁德區,仁愛里,4,1,3,2,2,0,1,0,
10312,臺南市仁德區,仁義里,9,6,3,4,3,1,7,0,
10312,臺南市仁德區,保安里,2,2,0,0,0,0,3,0,
10312,臺南市仁德區,土庫里,3,1,2,1,0,1,1,0,
10312,臺南市仁德區,大甲里,2,0,2,0,0,0,1,0,
10312,臺南市仁德區,太子里,10,3,7,2,2,0,6,1,
10312,臺南市仁德區,後壁里,13,7,6,4,3,1,11,2,
10312,臺南市仁德區,成功里,3,2,1,8,2,6,2,1,
10312,臺南市仁德區,新田里,5,2,3,1,0,1,2,1,
10312,臺南市仁德區,田厝里,1,0,1,2,1,1,0,0,
10312,臺南市歸仁區,七甲里,7,2,5,2,0,2,0,1,
10312,臺南市歸仁區,八甲里,3,1,2,4,2,2,4,0,
10312,臺南市歸仁區,六甲里,5,3,2,1,1,0,1,1,
10312,臺南市歸仁區,南保里,10,5,5,3,3,0,6,1,
10312,臺南市歸仁區,南興里,8,4,4,3,1,2,5,0,
10312,臺南市歸仁區,大廟里,3,1,2,3,0,3,1,2,
10312,臺南市歸仁區,大潭里,2,2,0,4,3,1,1,1,
10312,臺南市歸仁區,媽廟里,5,5,0,1,1,0,0,1,
10312,臺南市歸仁區,崙頂里,5,4,1,2,2,0,2,0,
10312,臺南市歸仁區,後市里,5,3,2,2,1,1,4,0,
10312,臺南市歸仁區,文化里,1,1,0,0,0,0,1,0,
10312,臺南市歸仁區,新厝里,2,2,0,1,1,0,1,0,
10312,臺南市歸仁區,武東里,0,0,0,0,0,0,0,0,
10312,臺南市歸仁區,歸仁里,0,0,0,4,1,3,2,0,
10312,臺南市歸仁區,歸南里,1,0,1,2,2,0,0,1,
10312,臺南市歸仁區,沙崙里,0,0,0,1,0,1,1,0,
10312,臺南市歸仁區,看東里,5,3,2,1,0,1,1,1,
10312,臺南市歸仁區,看西里,3,0,3,1,1,0,5,0,
10312,臺南市歸仁區,西埔里,1,0,1,2,0,2,0,0,
10312,臺南市歸仁區,許厝里,2,0,2,1,0,1,0,0,
10312,臺南市歸仁區,辜厝里,1,1,0,4,2,2,5,0,
10312,臺南市關廟區,下湖里,0,0,0,0,0,0,0,0,
10312,臺南市關廟區,五甲里,2,1,1,4,3,1,1,0,
10312,臺南市關廟區,北勢里,3,3,0,4,3,1,4,0,
10312,臺南市關廟區,北花里,1,1,0,1,1,0,1,0,
10312,臺南市關廟區,南花里,2,2,0,0,0,0,0,1,
10312,臺南市關廟區,埤頭里,1,1,0,0,0,0,0,0,
10312,臺南市關廟區,山西里,3,3,0,4,2,2,1,0,
10312,臺南市關廟區,布袋里,0,0,0,0,0,0,2,0,
10312,臺南市關廟區,新光里,2,0,2,1,1,0,2,0,
10312,臺南市關廟區,新埔里,1,0,1,1,1,0,1,0,
10312,臺南市關廟區,東勢里,0,0,0,4,4,0,4,0,
10312,臺南市關廟區,松腳里,2,1,1,0,0,0,2,0,
10312,臺南市關廟區,深坑里,2,2,0,0,0,0,1,0,
10312,臺南市關廟區,田中里,1,0,1,0,0,0,0,0,
10312,臺南市關廟區,關廟里,1,1,0,1,1,0,0,0,
10312,臺南市關廟區,香洋里,4,1,3,4,3,1,3,0,
10312,臺南市關廟區,龜洞里,2,2,0,3,2,1,0,0,
10312,臺南市龍崎區,中坑里,0,0,0,1,1,0,0,0,
10312,臺南市龍崎區,土崎里,0,0,0,1,1,0,0,0,
10312,臺南市龍崎區,大坪里,0,0,0,0,0,0,0,0,
10312,臺南市龍崎區,崎頂里,3,2,1,2,1,1,0,0,
10312,臺南市龍崎區,楠坑里,0,0,0,0,0,0,1,0,
10312,臺南市龍崎區,牛埔里,0,0,0,1,1,0,0,0,
10312,臺南市龍崎區,石𥕢里,0,0,0,1,1,0,0,0,
10312,臺南市龍崎區,龍船里,1,0,1,1,0,1,0,0,
10312,臺南市永康區,三合里,3,1,2,3,2,1,4,1,
10312,臺南市永康區,三民里,3,2,1,1,0,1,2,0,
10312,臺南市永康區,中興里,3,3,0,4,2,2,2,0,
10312,臺南市永康區,中華里,0,0,0,1,1,0,1,0,
10312,臺南市永康區,二王里,8,3,5,5,2,3,3,2,
10312,臺南市永康區,五王里,6,1,5,2,2,0,9,1,
10312,臺南市永康區,光復里,0,0,0,1,1,0,1,0,
10312,臺南市永康區,六合里,11,7,4,2,0,2,5,0,
10312,臺南市永康區,勝利里,8,4,4,5,4,1,4,1,
10312,臺南市永康區,北灣里,9,6,3,2,0,2,9,2,
10312,臺南市永康區,南灣里,5,2,3,3,1,2,5,1,
10312,臺南市永康區,埔園里,15,10,5,6,1,5,11,0,
10312,臺南市永康區,塩洲里,10,7,3,2,1,1,5,3,
10312,臺南市永康區,塩行里,11,6,5,7,2,5,9,1,
10312,臺南市永康區,大橋里,7,5,2,3,1,2,7,1,
10312,臺南市永康區,大灣里,4,3,1,3,2,1,2,1,
10312,臺南市永康區,安康里,3,2,1,1,0,1,3,1,
10312,臺南市永康區,尚頂里,3,1,2,1,0,1,4,2,
10312,臺南市永康區,崑山里,8,3,5,7,5,2,5,0,
10312,臺南市永康區,建國里,1,0,1,3,3,0,1,0,
10312,臺南市永康區,復國里,5,1,4,5,3,2,12,1,
10312,臺南市永康區,復興里,1,0,1,3,3,0,2,2,
10312,臺南市永康區,復華里,13,5,8,6,1,5,8,6,
10312,臺南市永康區,成功里,0,0,0,4,4,0,1,0,
10312,臺南市永康區,新樹里,1,0,1,2,0,2,1,1,
10312,臺南市永康區,東橋里,8,4,4,2,2,0,5,1,
10312,臺南市永康區,東灣里,2,1,1,1,1,0,6,0,
10312,臺南市永康區,正強里,14,8,6,3,1,2,10,1,
10312,臺南市永康區,永康里,7,3,4,6,4,2,9,3,
10312,臺南市永康區,烏竹里,2,2,0,1,0,1,5,0,
10312,臺南市永康區,王行里,5,2,3,1,0,1,2,0,
10312,臺南市永康區,甲頂里,2,1,1,1,1,0,1,0,
10312,臺南市永康區,神洲里,3,2,1,3,1,2,0,0,
10312,臺南市永康區,網寮里,10,4,6,3,0,3,7,3,
10312,臺南市永康區,蔦松里,2,1,1,2,1,1,1,1,
10312,臺南市永康區,西勢里,9,5,4,5,3,2,5,4,
10312,臺南市永康區,西橋里,2,0,2,4,2,2,5,1,
10312,臺南市永康區,西灣里,4,3,1,2,2,0,4,0,
10312,臺南市永康區,龍潭里,15,10,5,4,2,2,9,2,
10312,臺南市東 區,中西里,4,3,1,0,0,0,1,1,
10312,臺南市東 區,仁和里,4,2,2,5,2,3,3,2,
10312,臺南市東 區,南聖里,2,2,0,1,1,0,3,0,
10312,臺南市東 區,和平里,8,3,5,5,3,2,3,1,
10312,臺南市東 區,圍下里,0,0,0,1,1,0,0,0,
10312,臺南市東 區,大同里,2,2,0,1,0,1,2,1,
10312,臺南市東 區,大學里,0,0,0,2,1,1,0,0,
10312,臺南市東 區,大德里,0,0,0,1,1,0,0,0,
10312,臺南市東 區,大智里,16,11,5,4,2,2,6,3,
10312,臺南市東 區,大福里,2,2,0,3,2,1,2,1,
10312,臺南市東 區,富強里,5,3,2,2,1,1,1,0,
10312,臺南市東 區,富裕里,2,1,1,1,1,0,2,0,
10312,臺南市東 區,小東里,5,2,3,6,4,2,4,2,
10312,臺南市東 區,崇信里,0,0,0,2,2,0,1,0,
10312,臺南市東 區,崇善里,5,3,2,2,1,1,5,1,
10312,臺南市東 區,崇學里,2,1,1,1,0,1,5,1,
10312,臺南市東 區,崇德里,5,2,3,2,0,2,4,3,
10312,臺南市東 區,崇成里,1,1,0,0,0,0,2,2,
10312,臺南市東 區,崇文里,13,4,9,3,2,1,3,1,
10312,臺南市東 區,崇明里,3,0,3,1,0,1,4,1,
10312,臺南市東 區,崇誨里,0,0,0,2,2,0,2,0,
10312,臺南市東 區,後甲里,2,1,1,1,1,0,0,0,
10312,臺南市東 區,復興里,2,0,2,2,2,0,5,0,
10312,臺南市東 區,德光里,2,1,1,1,0,1,2,0,
10312,臺南市東 區,德高里,0,0,0,2,2,0,3,0,
10312,臺南市東 區,忠孝里,7,1,6,9,9,0,5,0,
10312,臺南市東 區,成大里,2,1,1,3,1,2,1,0,
10312,臺南市東 區,文聖里,5,2,3,0,0,0,1,0,
10312,臺南市東 區,新東里,1,0,1,5,2,3,1,0,
10312,臺南市東 區,東光里,4,1,3,3,2,1,3,1,
10312,臺南市東 區,東安里,0,0,0,4,1,3,0,0,
10312,臺南市東 區,東明里,6,2,4,1,1,0,3,1,
10312,臺南市東 區,東智里,2,1,1,2,1,1,3,1,
10312,臺南市東 區,東聖里,0,0,0,2,1,1,1,0,
10312,臺南市東 區,東門里,0,0,0,3,2,1,1,0,
10312,臺南市東 區,泉南里,7,1,6,2,0,2,5,0,
10312,臺南市東 區,自強里,3,2,1,3,2,1,2,1,
10312,臺南市東 區,莊敬里,0,0,0,0,0,0,3,1,
10312,臺南市東 區,虎尾里,9,5,4,5,3,2,5,1,
10312,臺南市東 區,衛國里,1,0,1,1,0,1,0,1,
10312,臺南市東 區,裕聖里,4,2,2,3,2,1,0,0,
10312,臺南市東 區,裕農里,3,2,1,2,1,1,1,0,
10312,臺南市東 區,路東里,3,2,1,0,0,0,2,0,
10312,臺南市東 區,關聖里,4,1,3,2,1,1,5,0,
10312,臺南市東 區,龍山里,7,4,3,2,1,1,8,0,
10312,臺南市南 區,佛壇里,4,3,1,0,0,0,2,0,
10312,臺南市南 區,光明里,3,1,2,2,0,2,2,0,
10312,臺南市南 區,再興里,2,0,2,1,1,0,0,0,
10312,臺南市南 區,南華里,0,0,0,2,1,1,5,1,
10312,臺南市南 區,南都里,3,1,2,0,0,0,4,0,
10312,臺南市南 區,同安里,4,2,2,1,0,1,2,0,
10312,臺南市南 區,喜北里,1,1,0,2,1,1,0,1,
10312,臺南市南 區,喜南里,2,2,0,4,2,2,2,0,
10312,臺南市南 區,喜東里,5,4,1,0,0,0,2,0,
10312,臺南市南 區,國宅里,2,1,1,1,1,0,3,0,
10312,臺南市南 區,大忠里,5,3,2,2,1,1,4,0,
10312,臺南市南 區,大恩里,2,2,0,4,1,3,3,1,
10312,臺南市南 區,大成里,0,0,0,1,0,1,1,0,
10312,臺南市南 區,大林里,2,2,0,0,0,0,3,0,
10312,臺南市南 區,府南里,4,2,2,5,3,2,7,1,
10312,臺南市南 區,廣州里,1,0,1,1,1,0,0,0,
10312,臺南市南 區,建南里,7,4,3,3,3,0,5,3,
10312,臺南市南 區,彰南里,1,0,1,1,1,0,2,0,
10312,臺南市南 區,文南里,4,2,2,3,2,1,1,3,
10312,臺南市南 區,文華里,2,2,0,1,0,1,1,0,
10312,臺南市南 區,新昌里,1,0,1,4,3,1,2,1,
10312,臺南市南 區,新生里,3,1,2,5,4,1,3,1,
10312,臺南市南 區,新興里,0,0,0,1,0,1,1,0,
10312,臺南市南 區,日新里,2,2,0,0,0,0,3,1,
10312,臺南市南 區,明亮里,5,2,3,2,1,1,3,1,
10312,臺南市南 區,明德里,0,0,0,0,0,0,4,0,
10312,臺南市南 區,明興里,3,0,3,4,3,1,4,0,
10312,臺南市南 區,松安里,1,1,0,1,1,0,2,1,
10312,臺南市南 區,永寧里,3,2,1,1,1,0,1,1,
10312,臺南市南 區,田寮里,0,0,0,1,0,1,4,2,
10312,臺南市南 區,白雪里,0,0,0,2,1,1,0,0,
10312,臺南市南 區,省躬里,2,2,0,3,1,2,1,0,
10312,臺南市南 區,竹溪里,1,0,1,1,1,0,1,0,
10312,臺南市南 區,興農里,3,2,1,0,0,0,1,1,
10312,臺南市南 區,荔宅里,0,0,0,3,3,0,2,0,
10312,臺南市南 區,郡南里,7,2,5,2,1,1,5,0,
10312,臺南市南 區,金華里,5,1,4,3,1,2,1,1,
10312,臺南市南 區,開南里,7,2,5,2,2,0,6,2,
10312,臺南市南 區,鯤鯓里,4,2,2,5,3,2,3,1,
10312,臺南市北 區,三德里,0,0,0,2,1,1,1,0,
10312,臺南市北 區,中樓里,0,0,0,2,2,0,1,0,
10312,臺南市北 區,五福里,1,1,0,2,2,0,0,0,
10312,臺南市北 區,仁愛里,2,1,1,2,2,0,0,0,
10312,臺南市北 區,元寶里,8,6,2,1,1,0,3,2,
10312,臺南市北 區,光武里,1,1,0,1,1,0,3,1,
10312,臺南市北 區,公園里,1,1,0,1,1,0,1,0,
10312,臺南市北 區,六甲里,1,1,0,1,0,1,1,0,
10312,臺南市北 區,力行里,3,2,1,3,1,2,0,1,
10312,臺南市北 區,勝安里,0,0,0,1,1,0,0,0,
10312,臺南市北 區,和順里,7,5,2,4,2,2,11,3,
10312,臺南市北 區,國姓里,1,0,1,1,1,0,1,0,
10312,臺南市北 區,國興里,2,0,2,1,0,1,2,1,
10312,臺南市北 區,大仁里,0,0,0,1,1,0,0,1,
10312,臺南市北 區,大和里,2,2,0,0,0,0,2,1,
10312,臺南市北 區,大山里,0,0,0,2,1,1,0,0,
10312,臺南市北 區,大港里,4,1,3,5,4,1,5,0,
10312,臺南市北 區,大豐里,4,4,0,1,1,0,7,2,
10312,臺南市北 區,大道里,4,3,1,2,2,0,1,0,
10312,臺南市北 區,安民里,0,0,0,1,0,1,1,0,
10312,臺南市北 區,實踐里,0,0,0,2,2,0,2,0,
10312,臺南市北 區,小康里,3,2,1,1,1,0,2,0,
10312,臺南市北 區,延平里,1,1,0,3,3,0,1,0,
10312,臺南市北 區,成功里,7,4,3,0,0,0,1,1,
10312,臺南市北 區,成德里,13,6,7,7,5,2,14,2,
10312,臺南市北 區,振興里,1,1,0,1,1,0,2,0,
10312,臺南市北 區,文元里,6,4,2,5,5,0,6,1,
10312,臺南市北 區,文成里,2,0,2,2,2,0,2,1,
10312,臺南市北 區,新勝里,0,0,0,4,2,2,1,1,
10312,臺南市北 區,東興里,0,0,0,3,2,1,2,0,
10312,臺南市北 區,正覺里,1,1,0,1,0,1,5,1,
10312,臺南市北 區,正風里,2,2,0,1,1,0,0,0,
10312,臺南市北 區,永祥里,3,3,0,0,0,0,2,0,
10312,臺南市北 區,玉皇里,1,1,0,2,0,2,0,0,
10312,臺南市北 區,興北里,1,1,0,3,3,0,1,1,
10312,臺南市北 區,興南里,2,1,1,0,0,0,4,1,
10312,臺南市北 區,華興里,1,0,1,1,0,1,0,0,
10312,臺南市北 區,裕民里,2,0,2,0,0,0,1,0,
10312,臺南市北 區,賢北里,6,5,1,1,0,1,3,0,
10312,臺南市北 區,重興里,3,2,1,3,0,3,2,0,
10312,臺南市北 區,長德里,3,2,1,0,0,0,0,0,
10312,臺南市北 區,長榮里,3,0,3,3,1,2,1,2,
10312,臺南市北 區,開元里,3,1,2,0,0,0,0,1,
10312,臺南市安南區,佃東里,3,1,2,7,3,4,8,0,
10312,臺南市安南區,佃西里,3,1,2,1,1,0,2,1,
10312,臺南市安南區,公親里,1,1,0,0,0,0,1,0,
10312,臺南市安南區,公󻕯里,2,1,1,0,0,0,0,0,
10312,臺南市安南區,南興里,0,0,0,2,1,1,3,0,
10312,臺南市安南區,原佃里,6,3,3,1,1,0,6,0,
10312,臺南市安南區,四草里,0,0,0,1,0,1,1,0,
10312,臺南市安南區,國安里,4,4,0,2,2,0,1,0,
10312,臺南市安南區,城中里,0,0,0,0,0,0,0,0,
10312,臺南市安南區,城北里,2,1,1,2,2,0,4,0,
10312,臺南市安南區,城南里,5,2,3,1,0,1,1,0,
10312,臺南市安南區,城東里,1,1,0,0,0,0,0,0,
10312,臺南市安南區,城西里,2,1,1,2,1,1,3,0,
10312,臺南市安南區,塩田里,2,2,0,1,0,1,0,0,
10312,臺南市安南區,大安里,6,1,5,0,0,0,6,1,
10312,臺南市安南區,學東里,1,0,1,2,1,1,2,1,
10312,臺南市安南區,安和里,2,0,2,1,1,0,2,0,
10312,臺南市安南區,安富里,7,4,3,4,2,2,6,2,
10312,臺南市安南區,安慶里,7,3,4,4,2,2,7,2,
10312,臺南市安南區,安東里,1,0,1,2,0,2,2,0,
10312,臺南市安南區,安西里,1,1,0,0,0,0,3,0,
10312,臺南市安南區,安順里,7,3,4,3,3,0,3,1,
10312,臺南市安南區,州北里,4,2,2,3,2,1,5,1,
10312,臺南市安南區,州南里,4,2,2,3,1,2,3,0,
10312,臺南市安南區,布袋里,4,1,3,2,1,1,2,0,
10312,臺南市安南區,幸福里,3,1,2,2,2,0,8,1,
10312,臺南市安南區,新順里,12,8,4,4,3,1,4,0,
10312,臺南市安南區,東和里,5,3,2,0,0,0,2,0,
10312,臺南市安南區,梅花里,3,2,1,2,1,1,3,2,
10312,臺南市安南區,海佃里,2,2,0,4,0,4,2,1,
10312,臺南市安南區,海南里,3,1,2,2,0,2,0,0,
10312,臺南市安南區,海東里,5,3,2,3,2,1,3,2,
10312,臺南市安南區,海西里,3,1,2,7,5,2,2,0,
10312,臺南市安南區,淵中里,5,4,1,1,0,1,6,0,
10312,臺南市安南區,淵東里,4,1,3,4,3,1,4,0,
10312,臺南市安南區,淵西里,2,1,1,3,0,3,1,0,
10312,臺南市安南區,溪北里,5,2,3,2,1,1,1,0,
10312,臺南市安南區,溪墘里,4,2,2,3,2,1,2,1,
10312,臺南市安南區,溪心里,6,4,2,5,3,2,8,1,
10312,臺南市安南區,溪東里,7,3,4,1,0,1,2,0,
10312,臺南市安南區,溪頂里,6,5,1,4,2,2,3,1,
10312,臺南市安南區,理想里,5,3,2,3,1,2,6,1,
10312,臺南市安南區,砂崙里,2,1,1,2,2,0,0,0,
10312,臺南市安南區,總頭里,2,2,0,4,1,3,0,2,
10312,臺南市安南區,長安里,9,4,5,3,2,1,7,2,
10312,臺南市安南區,青草里,0,0,0,1,0,1,1,1,
10312,臺南市安南區,頂安里,9,5,4,1,1,0,2,2,
10312,臺南市安南區,顯宮里,7,5,2,0,0,0,1,1,
10312,臺南市安南區,鳳凰里,2,2,0,0,0,0,4,4,
10312,臺南市安南區,鹿耳里,1,0,1,0,0,0,0,0,
10312,臺南市安南區,󻕯南里,4,1,3,1,1,0,2,0,
10312,臺南市安平區,億載里,3,2,1,0,0,0,3,0,
10312,臺南市安平區,國平里,8,3,5,5,1,4,8,2,
10312,臺南市安平區,平安里,2,1,1,2,1,1,2,0,
10312,臺南市安平區,平通里,11,6,5,5,2,3,3,4,
10312,臺南市安平區,建平里,0,0,0,2,2,0,4,1,
10312,臺南市安平區,怡平里,2,1,1,2,0,2,2,3,
10312,臺南市安平區,文平里,6,1,5,4,3,1,6,0,
10312,臺南市安平區,海頭里,3,2,1,0,0,0,1,0,
10312,臺南市安平區,港仔里,0,0,0,3,2,1,1,0,
10312,臺南市安平區,漁光里,0,0,0,0,0,0,2,0,
10312,臺南市安平區,石門里,0,0,0,2,1,1,0,1,
10312,臺南市安平區,育平里,8,2,6,2,1,1,6,2,
10312,臺南市安平區,華平里,5,5,0,2,1,1,4,3,
10312,臺南市安平區,西門里,0,0,0,0,0,0,4,1,
10312,臺南市安平區,金城里,0,0,0,0,0,0,2,0,
10312,臺南市中西區,三合里,2,1,1,1,1,0,4,1,
10312,臺南市中西區,三民里,1,1,0,0,0,0,0,0,
10312,臺南市中西區,中正里,0,0,0,0,0,0,1,1,
10312,臺南市中西區,五妃里,0,0,0,0,0,0,2,1,
10312,臺南市中西區,仙草里,3,0,3,1,0,1,2,0,
10312,臺南市中西區,保安里,1,0,1,1,0,1,0,1,
10312,臺南市中西區,元安里,0,0,0,2,1,1,2,0,
10312,臺南市中西區,光賢里,7,4,3,3,2,1,3,0,
10312,臺南市中西區,公正里,2,0,2,0,0,0,3,2,
10312,臺南市中西區,協和里,2,0,2,4,3,1,1,1,
10312,臺南市中西區,協進里,1,1,0,1,1,0,1,0,
10312,臺南市中西區,大南里,2,1,1,0,0,0,4,0,
10312,臺南市中西區,大涼里,1,0,1,4,2,2,2,3,
10312,臺南市中西區,天后里,2,1,1,0,0,0,0,0,
10312,臺南市中西區,安海里,2,1,1,1,1,0,2,0,
10312,臺南市中西區,小西里,0,0,0,1,1,0,0,0,
10312,臺南市中西區,建國里,0,0,0,0,0,0,0,0,
10312,臺南市中西區,文賢里,0,0,0,0,0,0,0,1,
10312,臺南市中西區,普濟里,0,0,0,0,0,0,1,0,
10312,臺南市中西區,民主里,1,0,1,0,0,0,0,0,
10312,臺南市中西區,民權里,0,0,0,0,0,0,2,0,
10312,臺南市中西區,民生里,0,0,0,1,1,0,2,1,
10312,臺南市中西區,水仙里,2,1,1,0,0,0,0,0,
10312,臺南市中西區,永福里,1,0,1,0,0,0,3,0,
10312,臺南市中西區,永華里,2,1,1,4,2,2,4,0,
10312,臺南市中西區,法華里,3,1,2,0,0,0,2,0,
10312,臺南市中西區,福安里,2,1,1,3,2,1,1,0,
10312,臺南市中西區,萬昌里,1,0,1,0,0,0,3,0,
10312,臺南市中西區,藥王里,6,4,2,3,2,1,2,2,
10312,臺南市中西區,西湖里,5,3,2,0,0,0,8,2,
10312,臺南市中西區,西賢里,5,4,1,1,1,0,4,2,
10312,臺南市中西區,赤嵌里,0,0,0,1,1,0,0,1,
10312,臺南市中西區,進學里,0,0,0,2,0,2,0,1,
10312,臺南市中西區,郡王里,2,1,1,1,1,0,0,0,
10312,臺南市中西區,郡西里,2,1,1,1,1,0,0,0,
10312,臺南市中西區,銀同里,0,0,0,0,0,0,1,0,
10312,臺南市中西區,開山里,2,1,1,1,0,1,0,1,
10312,臺南市中西區,青年里,1,0,1,0,0,0,2,0,
10312,桃園市桃園區,三元里,2,1,1,2,2,0,4,3,
10312,桃園市桃園區,三民里,3,2,1,2,1,1,2,0,
10312,桃園市桃園區,中信里,10,4,6,6,4,2,5,1,
10312,桃園市桃園區,中原里,2,1,1,3,3,0,3,0,
10312,桃園市桃園區,中和里,1,1,0,4,1,3,0,1,
10312,桃園市桃園區,中埔里,5,3,2,1,0,1,1,0,
10312,桃園市桃園區,中寧里,4,1,3,3,1,2,7,3,
10312,桃園市桃園區,中山里,4,2,2,3,3,0,4,2,
10312,桃園市桃園區,中平里,3,3,0,4,2,2,3,1,
10312,桃園市桃園區,中德里,5,2,3,0,0,0,5,3,
10312,桃園市桃園區,中成里,2,0,2,4,3,1,3,1,
10312,桃園市桃園區,中正里,3,0,3,4,4,0,1,2,
10312,桃園市桃園區,中泰里,2,1,1,1,0,1,3,1,
10312,桃園市桃園區,中聖里,2,2,0,3,1,2,7,1,
10312,桃園市桃園區,中興里,5,4,1,3,2,1,6,2,
10312,桃園市桃園區,中路里,4,1,3,1,0,1,5,0,
10312,桃園市桃園區,信光里,7,4,3,3,3,0,5,0,
10312,桃園市桃園區,光興里,4,2,2,5,4,1,3,0,
10312,桃園市桃園區,北埔里,3,2,1,0,0,0,3,1,
10312,桃園市桃園區,北門里,0,0,0,1,0,1,3,0,
10312,桃園市桃園區,南埔里,2,2,0,0,0,0,4,2,
10312,桃園市桃園區,南華里,1,0,1,2,2,0,0,0,
10312,桃園市桃園區,南門里,5,4,1,1,1,0,4,2,
10312,桃園市桃園區,同安里,3,1,2,3,3,0,4,3,
10312,桃園市桃園區,同德里,8,4,4,1,1,0,3,1,
10312,桃園市桃園區,大有里,5,2,3,0,0,0,6,2,
10312,桃園市桃園區,大林里,16,9,7,6,2,4,17,2,
10312,桃園市桃園區,大興里,11,7,4,3,2,1,8,5,
10312,桃園市桃園區,大豐里,6,4,2,1,1,0,3,2,
10312,桃園市桃園區,寶安里,8,6,2,0,0,0,7,3,
10312,桃園市桃園區,寶山里,5,2,3,6,1,5,7,5,
10312,桃園市桃園區,寶慶里,4,1,3,2,1,1,5,1,
10312,桃園市桃園區,建國里,3,2,1,5,4,1,3,0,
10312,桃園市桃園區,忠義里,2,0,2,5,3,2,5,0,
10312,桃園市桃園區,慈文里,8,2,6,5,2,3,6,2,
10312,桃園市桃園區,成功里,2,1,1,1,1,0,1,2,
10312,桃園市桃園區,文中里,1,0,1,3,0,3,1,2,
10312,桃園市桃園區,文化里,0,0,0,1,0,1,0,0,
10312,桃園市桃園區,文昌里,1,1,0,1,1,0,1,1,
10312,桃園市桃園區,文明里,1,0,1,1,0,1,1,0,
10312,桃園市桃園區,新埔里,4,2,2,6,6,0,7,4,
10312,桃園市桃園區,明德里,6,5,1,3,1,2,3,1,
10312,桃園市桃園區,春日里,9,5,4,3,1,2,5,1,
10312,桃園市桃園區,會稽里,7,5,2,2,0,2,11,2,
10312,桃園市桃園區,朝陽里,0,0,0,1,1,0,1,1,
10312,桃園市桃園區,東埔里,1,1,0,2,1,1,5,1,
10312,桃園市桃園區,東山里,2,1,1,1,0,1,2,1,
10312,桃園市桃園區,東門里,4,3,1,1,1,0,3,0,
10312,桃園市桃園區,武陵里,0,0,0,0,0,0,2,0,
10312,桃園市桃園區,民生里,1,1,0,1,0,1,1,0,
10312,桃園市桃園區,永安里,7,5,2,3,1,2,4,1,
10312,桃園市桃園區,永興里,0,0,0,2,1,1,0,1,
10312,桃園市桃園區,汴洲里,9,4,5,1,0,1,5,0,
10312,桃園市桃園區,泰山里,6,3,3,0,0,0,3,1,
10312,桃園市桃園區,玉山里,2,1,1,3,2,1,3,0,
10312,桃園市桃園區,瑞慶里,9,4,5,2,1,1,5,2,
10312,桃園市桃園區,福安里,2,1,1,2,0,2,5,0,
10312,桃園市桃園區,福林里,5,3,2,2,1,1,9,2,
10312,桃園市桃園區,自強里,4,2,2,2,2,0,2,2,
10312,桃園市桃園區,莊敬里,6,5,1,2,2,0,4,3,
10312,桃園市桃園區,萬壽里,0,0,0,2,1,1,0,0,
10312,桃園市桃園區,西埔里,5,2,3,1,1,0,3,1,
10312,桃園市桃園區,西湖里,0,0,0,0,0,0,1,0,
10312,桃園市桃園區,西門里,2,0,2,0,0,0,5,0,
10312,桃園市桃園區,豐林里,5,4,1,4,3,1,5,3,
10312,桃園市桃園區,長安里,8,4,4,3,0,3,2,1,
10312,桃園市桃園區,長德里,1,0,1,2,1,1,4,2,
10312,桃園市桃園區,長美里,0,0,0,1,1,0,0,1,
10312,桃園市桃園區,雲林里,5,3,2,2,1,1,7,3,
10312,桃園市桃園區,青溪里,5,1,4,7,3,4,5,0,
10312,桃園市桃園區,龍壽里,8,4,4,3,2,1,10,0,
10312,桃園市桃園區,龍安里,5,2,3,1,1,0,4,2,
10312,桃園市桃園區,龍山里,3,2,1,6,5,1,1,4,
10312,桃園市桃園區,龍岡里,5,3,2,3,3,0,4,2,
10312,桃園市桃園區,龍祥里,5,3,2,0,0,0,3,0,
10312,桃園市桃園區,龍鳳里,3,2,1,4,3,1,5,4,
10312,桃園市中壢區,三民里,0,0,0,2,1,1,1,1,
10312,桃園市中壢區,中原里,3,2,1,2,1,1,3,1,
10312,桃園市中壢區,中堅里,6,3,3,3,2,1,4,0,
10312,桃園市中壢區,中壢里,0,0,0,2,0,2,0,0,
10312,桃園市中壢區,中央里,1,1,0,3,0,3,3,1,
10312,桃園市中壢區,中山里,3,1,2,3,1,2,6,1,
10312,桃園市中壢區,中建里,2,1,1,1,1,0,2,0,
10312,桃園市中壢區,中榮里,0,0,0,3,1,2,0,0,
10312,桃園市中壢區,中正里,2,1,1,4,3,1,8,3,
10312,桃園市中壢區,中興里,1,0,1,1,1,0,3,1,
10312,桃園市中壢區,五權里,5,2,3,2,2,0,16,0,
10312,桃園市中壢區,五福里,3,2,1,2,2,0,3,2,
10312,桃園市中壢區,仁和里,7,4,3,3,3,0,8,2,
10312,桃園市中壢區,仁德里,4,1,3,2,1,1,4,2,
10312,桃園市中壢區,仁愛里,5,3,2,2,2,0,4,0,
10312,桃園市中壢區,仁祥里,2,2,0,5,3,2,1,0,
10312,桃園市中壢區,仁福里,4,1,3,3,2,1,2,3,
10312,桃園市中壢區,仁美里,5,1,4,3,1,2,5,2,
10312,桃園市中壢區,仁義里,7,5,2,1,1,0,4,1,
10312,桃園市中壢區,信義里,4,3,1,0,0,0,3,1,
10312,桃園市中壢區,健行里,4,1,3,4,3,1,5,0,
10312,桃園市中壢區,光明里,5,2,3,1,1,0,7,2,
10312,桃園市中壢區,內厝里,2,2,0,1,1,0,2,2,
10312,桃園市中壢區,內壢里,4,1,3,6,4,2,1,2,
10312,桃園市中壢區,內定里,13,9,4,5,2,3,4,2,
10312,桃園市中壢區,和平里,2,1,1,1,1,0,3,1,
10312,桃園市中壢區,山東里,4,2,2,0,0,0,2,0,
10312,桃園市中壢區,幸福里,3,2,1,6,1,5,2,1,
10312,桃園市中壢區,後寮里,5,1,4,6,4,2,3,1,
10312,桃園市中壢區,復興里,11,5,6,2,2,0,6,3,
10312,桃園市中壢區,復華里,8,2,6,4,3,1,10,1,
10312,桃園市中壢區,德義里,1,0,1,1,1,0,0,0,
10312,桃園市中壢區,忠孝里,4,2,2,1,1,0,6,2,
10312,桃園市中壢區,忠福里,8,4,4,5,3,2,8,1,
10312,桃園市中壢區,忠義里,3,2,1,0,0,0,3,0,
10312,桃園市中壢區,成功里,3,3,0,2,1,1,3,1,
10312,桃園市中壢區,振興里,3,2,1,2,2,0,6,2,
10312,桃園市中壢區,文化里,10,5,5,2,1,1,8,2,
10312,桃園市中壢區,新明里,2,2,0,3,1,2,3,0,
10312,桃園市中壢區,新興里,3,1,2,2,1,1,6,1,
10312,桃園市中壢區,新街里,1,0,1,0,0,0,3,0,
10312,桃園市中壢區,明德里,4,2,2,3,3,0,5,1,
10312,桃園市中壢區,普仁里,4,2,2,3,2,1,8,3,
10312,桃園市中壢區,普強里,2,2,0,3,1,2,2,2,
10312,桃園市中壢區,普忠里,5,2,3,3,3,0,2,2,
10312,桃園市中壢區,普慶里,0,0,0,2,1,1,3,1,
10312,桃園市中壢區,普義里,4,3,1,2,0,2,4,2,
10312,桃園市中壢區,月眉里,6,3,3,4,2,2,4,2,
10312,桃園市中壢區,東興里,3,2,1,1,0,1,1,0,
10312,桃園市中壢區,林森里,5,4,1,2,2,0,5,0,
10312,桃園市中壢區,正義里,4,2,2,2,1,1,5,2,
10312,桃園市中壢區,水尾里,2,1,1,3,1,2,2,0,
10312,桃園市中壢區,永光里,10,7,3,3,2,1,4,3,
10312,桃園市中壢區,永福里,5,3,2,2,0,2,6,1,
10312,桃園市中壢區,永興里,1,1,0,1,1,0,0,0,
10312,桃園市中壢區,洽溪里,4,1,3,1,1,0,3,1,
10312,桃園市中壢區,石頭里,0,0,0,2,2,0,0,0,
10312,桃園市中壢區,福德里,0,0,0,2,1,1,0,0,
10312,桃園市中壢區,篤行里,1,1,0,2,1,1,1,0,
10312,桃園市中壢區,自信里,0,0,0,3,1,2,6,1,
10312,桃園市中壢區,自強里,0,0,0,3,3,0,2,3,
10312,桃園市中壢區,自治里,2,1,1,2,1,1,3,1,
10312,桃園市中壢區,自立里,5,2,3,2,1,1,2,2,
10312,桃園市中壢區,至善里,6,5,1,1,1,0,6,0,
10312,桃園市中壢區,興仁里,8,7,1,1,0,1,7,1,
10312,桃園市中壢區,興南里,1,1,0,2,1,1,4,2,
10312,桃園市中壢區,興和里,2,1,1,1,0,1,7,0,
10312,桃園市中壢區,興國里,2,1,1,1,0,1,1,2,
10312,桃園市中壢區,興平里,1,1,0,1,0,1,1,1,
10312,桃園市中壢區,舊明里,0,0,0,3,1,2,0,0,
10312,桃園市中壢區,芝芭里,1,1,0,1,1,0,1,0,
10312,桃園市中壢區,莊敬里,4,4,0,0,0,0,1,1,
10312,桃園市中壢區,華勛里,1,1,0,3,1,2,3,1,
10312,桃園市中壢區,華愛里,5,3,2,6,4,2,2,1,
10312,桃園市中壢區,過嶺里,6,4,2,0,0,0,6,2,
10312,桃園市中壢區,金華里,5,3,2,1,1,0,3,0,
10312,桃園市中壢區,青埔里,2,1,1,2,0,2,1,2,
10312,桃園市中壢區,龍安里,2,0,2,2,1,1,1,0,
10312,桃園市中壢區,龍岡里,4,2,2,6,3,3,6,0,
10312,桃園市中壢區,龍平里,2,2,0,2,2,0,2,0,
10312,桃園市中壢區,龍德里,2,1,1,1,1,0,1,0,
10312,桃園市中壢區,龍慈里,5,3,2,3,3,0,8,3,
10312,桃園市中壢區,龍昌里,6,2,4,4,2,2,4,1,
10312,桃園市中壢區,龍東里,3,1,2,4,3,1,1,1,
10312,桃園市中壢區,龍興里,6,3,3,1,1,0,6,1,
10312,桃園市大溪區,一德里,1,1,0,2,2,0,0,0,
10312,桃園市大溪區,一心里,4,3,1,1,1,0,1,2,
10312,桃園市大溪區,三元里,1,1,0,2,2,0,5,0,
10312,桃園市大溪區,中新里,3,1,2,1,1,0,0,0,
10312,桃園市大溪區,仁和里,5,3,2,1,1,0,0,0,
10312,桃園市大溪區,仁善里,4,3,1,3,3,0,5,2,
10312,桃園市大溪區,仁愛里,4,2,2,1,1,0,6,1,
10312,桃園市大溪區,仁文里,4,3,1,3,2,1,3,3,
10312,桃園市大溪區,仁武里,1,1,0,3,3,0,1,3,
10312,桃園市大溪區,仁義里,4,4,0,2,2,0,2,0,
10312,桃園市大溪區,僑愛里,1,0,1,1,1,0,2,2,
10312,桃園市大溪區,光明里,3,1,2,5,4,1,0,0,
10312,桃園市大溪區,南興里,6,4,2,2,1,1,2,2,
10312,桃園市大溪區,員林里,1,0,1,0,0,0,0,0,
10312,桃園市大溪區,康安里,0,0,0,1,1,0,1,0,
10312,桃園市大溪區,復興里,0,0,0,0,0,0,0,0,
10312,桃園市大溪區,新峰里,1,0,1,1,0,1,1,0,
10312,桃園市大溪區,月眉里,3,1,2,2,1,1,1,1,
10312,桃園市大溪區,永福里,1,1,0,1,1,0,2,0,
10312,桃園市大溪區,瑞源里,1,1,0,5,3,2,4,1,
10312,桃園市大溪區,瑞興里,4,4,0,3,2,1,4,1,
10312,桃園市大溪區,田心里,2,1,1,4,2,2,2,1,
10312,桃園市大溪區,福仁里,2,2,0,1,0,1,1,0,
10312,桃園市大溪區,福安里,3,1,2,2,0,2,1,1,
10312,桃園市大溪區,美華里,5,4,1,3,1,2,2,1,
10312,桃園市大溪區,義和里,2,0,2,2,1,1,1,0,
10312,桃園市大溪區,興和里,0,0,0,4,1,3,1,0,
10312,桃園市楊梅區,三民里,2,0,2,1,1,0,2,2,
10312,桃園市楊梅區,三湖里,2,2,0,2,1,1,4,1,
10312,桃園市楊梅區,上湖里,3,2,1,1,1,0,3,1,
10312,桃園市楊梅區,上田里,1,0,1,1,1,0,2,1,
10312,桃園市楊梅區,中山里,0,0,0,1,1,0,2,2,
10312,桃園市楊梅區,仁美里,4,1,3,2,0,2,4,1,
10312,桃園市楊梅區,光華里,2,1,1,2,2,0,0,1,
10312,桃園市楊梅區,員本里,4,3,1,3,2,1,2,1,
10312,桃園市楊梅區,四維里,7,5,2,2,2,0,0,0,
10312,桃園市楊梅區,埔心里,0,0,0,2,1,1,2,0,
10312,桃園市楊梅區,大同里,4,1,3,2,1,1,2,0,
10312,桃園市楊梅區,大平里,3,1,2,3,3,0,4,0,
10312,桃園市楊梅區,富岡里,3,1,2,1,1,0,0,0,
10312,桃園市楊梅區,富豐里,4,2,2,1,0,1,3,2,
10312,桃園市楊梅區,新榮里,4,2,2,2,2,0,2,1,
10312,桃園市楊梅區,東流里,3,1,2,4,3,1,1,2,
10312,桃園市楊梅區,梅新里,1,1,0,2,1,1,4,0,
10312,桃園市楊梅區,梅溪里,4,3,1,1,1,0,2,1,
10312,桃園市楊梅區,楊明里,7,3,4,1,1,0,4,1,
10312,桃園市楊梅區,楊梅里,0,0,0,5,3,2,0,2,
10312,桃園市楊梅區,楊江里,2,1,1,0,0,0,1,1,
10312,桃園市楊梅區,水美里,3,1,2,0,0,0,1,2,
10312,桃園市楊梅區,永寧里,7,3,4,8,5,3,4,4,
10312,桃園市楊梅區,永平里,2,1,1,1,1,0,0,0,
10312,桃園市楊梅區,瑞原里,8,4,4,4,3,1,7,2,
10312,桃園市楊梅區,瑞坪里,5,4,1,3,2,1,10,0,
10312,桃園市楊梅區,瑞塘里,4,1,3,5,3,2,8,0,
10312,桃園市楊梅區,瑞溪里,5,4,1,0,0,0,3,0,
10312,桃園市楊梅區,秀才里,2,1,1,5,4,1,2,1,
10312,桃園市楊梅區,紅梅里,0,0,0,1,1,0,1,0,
10312,桃園市楊梅區,裕成里,0,0,0,2,0,2,6,1,
10312,桃園市楊梅區,裕新里,0,0,0,3,1,2,2,0,
10312,桃園市楊梅區,豐野里,5,3,2,3,3,0,5,0,
10312,桃園市楊梅區,金溪里,5,2,3,0,0,0,4,0,
10312,桃園市楊梅區,金龍里,2,2,0,3,2,1,2,1,
10312,桃園市楊梅區,雙榮里,6,2,4,1,1,0,4,1,
10312,桃園市楊梅區,青山里,2,0,2,2,1,1,9,2,
10312,桃園市楊梅區,頭湖里,0,0,0,0,0,0,1,1,
10312,桃園市楊梅區,高上里,5,3,2,2,1,1,6,0,
10312,桃園市楊梅區,高山里,2,1,1,3,3,0,5,1,
10312,桃園市楊梅區,高榮里,5,3,2,1,1,0,1,1,
10312,桃園市蘆竹區,上竹里,7,4,3,2,1,1,5,1,
10312,桃園市蘆竹區,上興里,9,4,5,3,3,0,1,0,
10312,桃園市蘆竹區,中山里,1,1,0,1,1,0,2,0,
10312,桃園市蘆竹區,中福里,2,2,0,4,3,1,4,0,
10312,桃園市蘆竹區,中興里,14,10,4,2,1,1,7,3,
10312,桃園市蘆竹區,五福里,5,2,3,0,0,0,0,2,
10312,桃園市蘆竹區,內厝里,2,2,0,4,4,0,2,0,
10312,桃園市蘆竹區,南崁里,3,2,1,2,2,0,2,2,
10312,桃園市蘆竹區,南榮里,1,0,1,1,1,0,2,0,
10312,桃園市蘆竹區,南興里,6,3,3,2,1,1,6,2,
10312,桃園市蘆竹區,吉祥里,5,1,4,0,0,0,1,1,
10312,桃園市蘆竹區,坑口里,3,2,1,3,3,0,5,0,
10312,桃園市蘆竹區,坑子里,0,0,0,2,1,1,0,0,
10312,桃園市蘆竹區,外社里,2,0,2,1,1,0,0,0,
10312,桃園市蘆竹區,大竹里,8,7,1,1,1,0,4,0,
10312,桃園市蘆竹區,宏竹里,3,2,1,0,0,0,5,0,
10312,桃園市蘆竹區,富竹里,0,0,0,1,1,0,0,0,
10312,桃園市蘆竹區,山腳里,3,3,0,3,2,1,1,3,
10312,桃園市蘆竹區,山鼻里,3,2,1,0,0,0,2,0,
10312,桃園市蘆竹區,新興里,4,2,2,3,2,1,5,1,
10312,桃園市蘆竹區,新莊里,4,3,1,3,2,1,3,2,
10312,桃園市蘆竹區,海湖里,6,1,5,3,2,1,3,2,
10312,桃園市蘆竹區,營盤里,4,2,2,1,1,0,3,1,
10312,桃園市蘆竹區,營福里,5,0,5,3,2,1,1,0,
10312,桃園市蘆竹區,瓦窯里,1,0,1,0,0,0,1,0,
10312,桃園市蘆竹區,福昌里,4,2,2,0,0,0,2,1,
10312,桃園市蘆竹區,福祿里,1,0,1,0,0,0,3,2,
10312,桃園市蘆竹區,福興里,2,1,1,2,1,1,8,3,
10312,桃園市蘆竹區,羊稠里,9,3,6,2,1,1,6,0,
10312,桃園市蘆竹區,興榮里,2,0,2,0,0,0,3,1,
10312,桃園市蘆竹區,蘆竹里,2,1,1,2,0,2,8,1,
10312,桃園市蘆竹區,蘆興里,1,0,1,0,0,0,3,0,
10312,桃園市蘆竹區,錦中里,1,0,1,2,0,2,2,0,
10312,桃園市蘆竹區,錦興里,3,2,1,1,1,0,2,1,
10312,桃園市蘆竹區,長壽里,3,1,2,1,1,0,1,0,
10312,桃園市蘆竹區,長興里,2,1,1,0,0,0,2,0,
10312,桃園市蘆竹區,順興里,5,2,3,0,0,0,5,0,
10312,桃園市大園區,三石里,4,3,1,0,0,0,0,0,
10312,桃園市大園區,五權里,5,1,4,5,3,2,3,1,
10312,桃園市大園區,內海里,2,2,0,2,2,0,0,0,
10312,桃園市大園區,北港里,2,0,2,0,0,0,1,1,
10312,桃園市大園區,南港里,3,1,2,5,4,1,2,2,
10312,桃園市大園區,和平里,4,1,3,0,0,0,2,0,
10312,桃園市大園區,圳頭里,5,2,3,2,1,1,0,1,
10312,桃園市大園區,埔心里,10,6,4,8,5,3,2,0,
10312,桃園市大園區,大園里,3,3,0,3,2,1,3,0,
10312,桃園市大園區,大海里,2,1,1,1,1,0,5,0,
10312,桃園市大園區,後厝里,5,4,1,1,1,0,2,0,
10312,桃園市大園區,橫峰里,8,5,3,6,4,2,10,1,
10312,桃園市大園區,沙崙里,0,0,0,3,1,2,2,0,
10312,桃園市大園區,海口里,1,0,1,1,1,0,4,0,
10312,桃園市大園區,溪海里,3,2,1,5,2,3,5,1,
10312,桃園市大園區,田心里,5,3,2,7,5,2,3,6,
10312,桃園市大園區,竹圍里,5,3,2,2,1,1,1,1,
10312,桃園市大園區,菓林里,8,5,3,3,0,3,6,4,
10312,桃園市龜山區,中興里,3,0,3,5,2,3,5,0,
10312,桃園市龜山區,兔坑里,6,1,5,3,2,1,6,0,
10312,桃園市龜山區,公西里,1,0,1,1,1,0,1,0,
10312,桃園市龜山區,南上里,1,1,0,0,0,0,1,0,
10312,桃園市龜山區,南美里,3,2,1,1,1,0,2,1,
10312,桃園市龜山區,大同里,6,5,1,4,3,1,7,0,
10312,桃園市龜山區,大坑里,1,0,1,4,4,0,4,1,
10312,桃園市龜山區,大崗里,4,1,3,1,1,0,4,0,
10312,桃園市龜山區,大湖里,8,6,2,0,0,0,2,0,
10312,桃園市龜山區,大華里,6,5,1,3,3,0,7,1,
10312,桃園市龜山區,山德里,10,8,2,3,3,0,5,1,
10312,桃園市龜山區,山福里,8,3,5,3,2,1,4,0,
10312,桃園市龜山區,山頂里,7,7,0,2,1,1,12,1,
10312,桃園市龜山區,嶺頂里,3,3,0,1,1,0,2,3,
10312,桃園市龜山區,幸福里,8,6,2,5,2,3,8,2,
10312,桃園市龜山區,文化里,3,1,2,5,3,2,6,1,
10312,桃園市龜山區,新嶺里,7,5,2,4,3,1,2,4,
10312,桃園市龜山區,新興里,1,1,0,2,1,1,3,0,
10312,桃園市龜山區,新路里,7,4,3,3,1,2,3,1,
10312,桃園市龜山區,楓樹里,7,1,6,2,2,0,4,3,
10312,桃園市龜山區,樂善里,2,1,1,2,1,1,1,0,
10312,桃園市龜山區,福源里,3,3,0,4,1,3,3,1,
10312,桃園市龜山區,精忠里,12,8,4,3,2,1,10,0,
10312,桃園市龜山區,舊路里,1,1,0,2,1,1,1,1,
10312,桃園市龜山區,迴龍里,6,3,3,1,1,0,5,0,
10312,桃園市龜山區,長庚里,11,4,7,1,0,1,5,0,
10312,桃園市龜山區,陸光里,4,2,2,3,3,0,2,0,
10312,桃園市龜山區,龍壽里,2,1,1,1,0,1,3,1,
10312,桃園市龜山區,龍華里,1,1,0,2,2,0,2,2,
10312,桃園市龜山區,龜山里,4,3,1,2,1,1,11,2,
10312,桃園市八德區,大仁里,2,2,0,0,0,0,3,1,
10312,桃園市八德區,大信里,2,1,1,6,6,0,4,0,
10312,桃園市八德區,大勇里,1,0,1,1,0,1,5,0,
10312,桃園市八德區,大千里,2,1,1,0,0,0,4,1,
10312,桃園市八德區,大同里,1,0,1,1,0,1,2,0,
10312,桃園市八德區,大和里,6,3,3,2,0,2,7,1,
10312,桃園市八德區,大安里,1,0,1,2,2,0,5,2,
10312,桃園市八德區,大宏里,3,1,2,2,0,2,2,0,
10312,桃園市八德區,大強里,2,1,1,1,1,0,1,1,
10312,桃園市八德區,大忠里,6,3,3,2,1,1,2,0,
10312,桃園市八德區,大愛里,1,0,1,0,0,0,2,0,
10312,桃園市八德區,大慶里,1,1,0,1,1,0,0,0,
10312,桃園市八德區,大成里,3,2,1,4,1,3,2,2,
10312,桃園市八德區,大昌里,1,1,0,2,1,1,2,1,
10312,桃園市八德區,大明里,1,0,1,1,1,0,2,0,
10312,桃園市八德區,大智里,2,2,0,1,1,0,4,0,
10312,桃園市八德區,大榮里,2,2,0,1,0,1,2,1,
10312,桃園市八德區,大正里,3,2,1,1,1,0,5,1,
10312,桃園市八德區,大湳里,5,3,2,3,2,1,5,0,
10312,桃園市八德區,大漢里,3,2,1,1,1,0,6,0,
10312,桃園市八德區,大發里,1,0,1,0,0,0,0,1,
10312,桃園市八德區,大福里,3,0,3,4,3,1,6,2,
10312,桃園市八德區,大竹里,2,1,1,1,1,0,0,0,
10312,桃園市八德區,大義里,2,2,0,5,3,2,2,3,
10312,桃園市八德區,大興里,1,1,0,1,0,1,5,0,
10312,桃園市八德區,大華里,4,3,1,0,0,0,3,0,
10312,桃園市八德區,大順里,1,1,0,3,1,2,6,1,
10312,桃園市八德區,廣德里,3,0,3,0,0,0,1,1,
10312,桃園市八德區,廣興里,0,0,0,1,1,0,6,0,
10312,桃園市八德區,廣隆里,2,1,1,3,2,1,3,2,
10312,桃園市八德區,永豐里,1,1,0,3,3,0,3,0,
10312,桃園市八德區,瑞德里,4,1,3,5,2,3,5,2,
10312,桃園市八德區,瑞泰里,3,1,2,3,2,1,4,0,
10312,桃園市八德區,瑞發里,2,2,0,1,0,1,4,2,
10312,桃園市八德區,瑞祥里,4,4,0,3,2,1,2,1,
10312,桃園市八德區,瑞興里,1,0,1,1,1,0,2,1,
10312,桃園市八德區,瑞豐里,1,1,0,1,0,1,6,0,
10312,桃園市八德區,白鷺里,3,3,0,2,2,0,4,0,
10312,桃園市八德區,福興里,5,3,2,2,0,2,8,4,
10312,桃園市八德區,竹園里,1,1,0,2,0,2,6,0,
10312,桃園市八德區,興仁里,6,4,2,2,1,1,2,2,
10312,桃園市八德區,茄明里,4,3,1,1,1,0,6,3,
10312,桃園市八德區,茄苳里,1,0,1,2,2,0,2,1,
10312,桃園市八德區,陸光里,5,2,3,5,3,2,5,4,
10312,桃園市八德區,霄裡里,0,0,0,1,0,1,0,0,
10312,桃園市八德區,高城里,1,1,0,4,1,3,3,0,
10312,桃園市八德區,高明里,5,3,2,3,2,1,3,0,
10312,桃園市八德區,龍友里,3,3,0,2,2,0,3,0,
10312,桃園市龍潭區,三和里,2,0,2,1,1,0,2,0,
10312,桃園市龍潭區,三坑里,0,0,0,1,1,0,1,0,
10312,桃園市龍潭區,三林里,4,1,3,0,0,0,3,0,
10312,桃園市龍潭區,三水里,0,0,0,0,0,0,0,1,
10312,桃園市龍潭區,上林里,3,2,1,4,4,0,3,1,
10312,桃園市龍潭區,上華里,3,1,2,2,1,1,2,1,
10312,桃園市龍潭區,中山里,5,1,4,6,6,0,4,1,
10312,桃園市龍潭區,中正里,5,1,4,1,0,1,3,1,
10312,桃園市龍潭區,中興里,7,5,2,3,2,1,3,2,
10312,桃園市龍潭區,九龍里,1,1,0,3,1,2,4,3,
10312,桃園市龍潭區,佳安里,6,3,3,2,2,0,3,0,
10312,桃園市龍潭區,八德里,1,1,0,5,2,3,4,1,
10312,桃園市龍潭區,凌雲里,3,2,1,6,3,3,0,2,
10312,桃園市龍潭區,北興里,0,0,0,0,0,0,0,2,
10312,桃園市龍潭區,大平里,1,0,1,1,1,0,2,0,
10312,桃園市龍潭區,富林里,1,0,1,5,3,2,2,1,
10312,桃園市龍潭區,建林里,0,0,0,0,0,0,3,1,
10312,桃園市龍潭區,東興里,8,4,4,5,4,1,1,1,
10312,桃園市龍潭區,武漢里,4,2,2,0,0,0,1,1,
10312,桃園市龍潭區,永興里,5,2,3,2,2,0,2,1,
10312,桃園市龍潭區,烏林里,6,5,1,1,1,0,4,1,
10312,桃園市龍潭區,烏樹林里,2,0,2,1,1,0,1,2,
10312,桃園市龍潭區,百年里,1,0,1,0,0,0,1,1,
10312,桃園市龍潭區,聖德里,2,1,1,0,0,0,2,0,
10312,桃園市龍潭區,高原里,7,6,1,6,3,3,3,1,
10312,桃園市龍潭區,高平里,2,0,2,2,2,0,4,1,
10312,桃園市龍潭區,黃唐里,2,1,1,4,3,1,3,0,
10312,桃園市龍潭區,龍星里,5,4,1,9,5,4,3,2,
10312,桃園市龍潭區,龍潭里,2,0,2,2,2,0,0,2,
10312,桃園市龍潭區,龍祥里,3,3,0,2,1,1,0,1,
10312,桃園市平鎮區,中正里,4,2,2,0,0,0,0,1,
10312,桃園市平鎮區,北勢里,0,0,0,2,2,0,3,1,
10312,桃園市平鎮區,北安里,0,0,0,2,2,0,1,0,
10312,桃園市平鎮區,北富里,3,3,0,1,1,0,1,1,
10312,桃園市平鎮區,北興里,3,0,3,2,1,1,2,2,
10312,桃園市平鎮區,北華里,1,1,0,3,2,1,4,0,
10312,桃園市平鎮區,北貴里,2,0,2,5,4,1,5,1,
10312,桃園市平鎮區,南勢里,5,4,1,6,2,4,7,2,
10312,桃園市平鎮區,宋屋里,2,1,1,1,0,1,2,2,
10312,桃園市平鎮區,山峰里,4,4,0,4,3,1,2,1,
10312,桃園市平鎮區,平南里,5,5,0,5,5,0,3,2,
10312,桃園市平鎮區,平安里,3,2,1,3,2,1,3,1,
10312,桃園市平鎮區,平興里,4,3,1,1,1,0,8,0,
10312,桃園市平鎮區,平鎮里,5,4,1,5,3,2,8,2,
10312,桃園市平鎮區,廣仁里,4,2,2,3,3,0,6,1,
10312,桃園市平鎮區,廣興里,2,0,2,5,4,1,5,1,
10312,桃園市平鎮區,廣達里,4,2,2,2,0,2,2,0,
10312,桃園市平鎮區,建安里,6,2,4,5,5,0,5,0,
10312,桃園市平鎮區,復旦里,2,0,2,4,3,1,6,1,
10312,桃園市平鎮區,復興里,5,2,3,2,0,2,5,2,
10312,桃園市平鎮區,忠貞里,0,0,0,0,0,0,1,0,
10312,桃園市平鎮區,新勢里,5,3,2,0,0,0,2,0,
10312,桃園市平鎮區,新安里,5,3,2,3,2,1,5,1,
10312,桃園市平鎮區,新富里,7,5,2,2,2,0,2,2,
10312,桃園市平鎮區,新榮里,1,0,1,2,2,0,6,0,
10312,桃園市平鎮區,新英里,2,1,1,1,1,0,1,1,
10312,桃園市平鎮區,新貴里,2,1,1,1,1,0,2,0,
10312,桃園市平鎮區,東勢里,6,3,3,4,4,0,5,3,
10312,桃園市平鎮區,東安里,2,2,0,0,0,0,2,0,
10312,桃園市平鎮區,東社里,2,1,1,2,1,1,5,2,
10312,桃園市平鎮區,湧光里,5,3,2,4,3,1,4,0,
10312,桃園市平鎮區,湧安里,4,3,1,0,0,0,7,1,
10312,桃園市平鎮區,湧豐里,2,1,1,2,2,0,2,0,
10312,桃園市平鎮區,福林里,4,1,3,3,1,2,6,1,
10312,桃園市平鎮區,義民里,8,2,6,4,3,1,7,3,
10312,桃園市平鎮區,義興里,7,4,3,8,5,3,6,2,
10312,桃園市平鎮區,莊敬里,3,0,3,1,0,1,5,0,
10312,桃園市平鎮區,華安里,5,3,2,4,2,2,4,0,
10312,桃園市平鎮區,貿易里,7,2,5,2,0,2,1,0,
10312,桃園市平鎮區,金星里,5,2,3,5,4,1,1,2,
10312,桃園市平鎮區,金陵里,2,1,1,0,0,0,5,0,
10312,桃園市平鎮區,鎮興里,3,2,1,2,2,0,3,0,
10312,桃園市平鎮區,雙連里,3,0,3,3,2,1,5,2,
10312,桃園市平鎮區,高雙里,5,4,1,1,1,0,2,1,
10312,桃園市平鎮區,龍恩里,0,0,0,4,3,1,0,0,
10312,桃園市平鎮區,龍興里,1,1,0,5,3,2,2,1,
10312,桃園市新屋區,下埔里,0,0,0,0,0,0,0,0,
10312,桃園市新屋區,下田里,1,1,0,2,1,1,2,0,
10312,桃園市新屋區,九斗里,0,0,0,0,0,0,2,0,
10312,桃園市新屋區,埔頂里,3,1,2,2,1,1,3,0,
10312,桃園市新屋區,大坡里,1,1,0,0,0,0,0,2,
10312,桃園市新屋區,後庄里,0,0,0,0,0,0,0,0,
10312,桃園市新屋區,後湖里,0,0,0,1,0,1,1,0,
10312,桃園市新屋區,新屋里,0,0,0,3,1,2,1,0,
10312,桃園市新屋區,新生里,5,3,2,1,0,1,1,0,
10312,桃園市新屋區,望間里,1,0,1,2,2,0,1,0,
10312,桃園市新屋區,東明里,1,0,1,0,0,0,0,1,
10312,桃園市新屋區,槺榔里,0,0,0,0,0,0,0,0,
10312,桃園市新屋區,永安里,2,1,1,2,1,1,2,0,
10312,桃園市新屋區,永興里,0,0,0,1,0,1,0,0,
10312,桃園市新屋區,深圳里,0,0,0,0,0,0,0,0,
10312,桃園市新屋區,清華里,4,2,2,3,1,2,3,1,
10312,桃園市新屋區,石牌里,0,0,0,0,0,0,1,1,
10312,桃園市新屋區,石磊里,2,1,1,5,5,0,4,0,
10312,桃園市新屋區,社子里,1,0,1,0,0,0,0,0,
10312,桃園市新屋區,笨港里,1,1,0,2,2,0,0,0,
10312,桃園市新屋區,蚵間里,1,0,1,1,1,0,0,0,
10312,桃園市新屋區,赤欄里,0,0,0,2,1,1,1,1,
10312,桃園市新屋區,頭洲里,5,2,3,2,1,1,1,1,
10312,桃園市觀音區,三和里,0,0,0,1,1,0,2,1,
10312,桃園市觀音區,上大里,2,2,0,1,1,0,2,0,
10312,桃園市觀音區,保生里,1,0,1,3,2,1,0,0,
10312,桃園市觀音區,保障里,1,1,0,0,0,0,3,2,
10312,桃園市觀音區,坑尾里,1,1,0,0,0,0,0,1,
10312,桃園市觀音區,塔腳里,2,1,1,0,0,0,0,0,
10312,桃園市觀音區,大同里,5,2,3,0,0,0,2,2,
10312,桃園市觀音區,大堀里,2,2,0,0,0,0,1,0,
10312,桃園市觀音區,大潭里,1,0,1,3,2,1,0,0,
10312,桃園市觀音區,富林里,6,2,4,1,1,0,2,1,
10312,桃園市觀音區,富源里,7,2,5,0,0,0,5,1,
10312,桃園市觀音區,崙坪里,3,2,1,1,0,1,4,1,
10312,桃園市觀音區,廣福里,1,0,1,1,1,0,3,1,
10312,桃園市觀音區,廣興里,1,0,1,1,1,0,1,1,
10312,桃園市觀音區,新坡里,2,0,2,3,0,3,3,0,
10312,桃園市觀音區,新興里,0,0,0,0,0,0,0,0,
10312,桃園市觀音區,樹林里,7,3,4,5,2,3,3,1,
10312,桃園市觀音區,武威里,1,0,1,2,1,1,1,0,
10312,桃園市觀音區,白玉里,0,0,0,1,0,1,1,0,
10312,桃園市觀音區,草新里,8,4,4,3,1,2,3,4,
10312,桃園市觀音區,草漯里,1,0,1,1,1,0,3,0,
10312,桃園市觀音區,藍埔里,5,3,2,2,2,0,1,0,
10312,桃園市觀音區,觀音里,3,0,3,0,0,0,0,0,
10312,桃園市觀音區,金湖里,1,1,0,1,1,0,7,1,
10312,桃園市復興區,三光里,1,0,1,1,0,1,1,0,
10312,桃園市復興區,三民里,3,3,0,4,3,1,0,0,
10312,桃園市復興區,奎輝里,0,0,0,2,2,0,1,0,
10312,桃園市復興區,澤仁里,1,0,1,1,1,0,3,1,
10312,桃園市復興區,羅浮里,1,1,0,3,3,0,1,0,
10312,桃園市復興區,義盛里,3,2,1,2,2,0,0,0,
10312,桃園市復興區,華陵里,2,1,1,2,1,1,0,0,
10312,桃園市復興區,長興里,2,1,1,2,2,0,1,0,
10312,桃園市復興區,霞雲里,1,0,1,0,0,0,1,2,
10312,桃園市復興區,高義里,2,0,2,0,0,0,0,0,
