year,age_range,male,female,total
2019,0-4,3070,2826,5896
2019,5-9,3693,3349,7042
2019,10-14,4043,3534,7577
2019,15-19,4851,4247,9098
2019,20-24,5273,5002,10275
2019,25-29,5081,4737,9818
2019,30-34,4544,4658,9202
2019,35-39,5586,6072,11658
2019,40-44,5750,6576,12326
2019,45-49,5115,5868,10983
2019,50-54,5435,5824,11259
2019,55-59,5281,5571,10852
2019,60-64,4535,4982,9517
2019,65-69,3702,4154,7856
2019,70-74,2193,2605,4798
2019,75-79,1590,2079,3669
2019,80-84,1091,1617,2708
2019,85-89,583,940,1523
2019,90-94,270,366,636
2019,95-99,67,79,146
2019,100+,12,9,21
2020,0-4,2987,2713,5700
2020,5-9,3668,3406,7074
2020,10-14,3915,3424,7339
2020,15-19,4545,3952,8497
2020,20-24,5349,4987,10336
2020,25-29,5120,4821,9941
2020,30-34,4610,4556,9166
2020,35-39,5348,5865,11213
2020,40-44,5873,6567,12440
2020,45-49,5055,5893,10948
2020,50-54,5365,5879,11244
2020,55-59,5332,5645,10977
2020,60-64,4563,5066,9629
2020,65-69,3980,4374,8354
2020,70-74,2412,2855,5267
2020,75-79,1543,2018,3561
2020,80-84,1090,1674,2764
2020,85-89,637,996,1633
2020,90-94,266,414,680
2020,95-99,72,78,150
2020,100+,0,0,0
2021,0-4,2911,2569,5480
2021,5-9,3622,3435,7057
2021,10-14,3858,3338,7196
2021,15-19,4318,3816,8134
2021,20-24,5276,4824,10100
2021,25-29,5228,4981,10209
2021,30-34,4721,4571,9292
2021,35-39,5029,5428,10457
2021,40-44,5845,6477,12322
2021,45-49,5177,6100,11277
2021,50-54,5254,5880,11134
2021,55-59,5370,5725,11095
2021,60-64,4652,5125,9777
2021,65-69,4075,4460,8535
2021,70-74,2744,3280,6024
2021,75-79,1465,1989,3454
2021,80-84,1158,1696,2854
2021,85-89,641,1042,1683
2021,90-94,284,450,734
2021,95-99,78,88,166
2021,100+,0,0,0
2022,0-4,2908,2651,5559
2022,5-9,3425,3164,6589
2022,10-14,3904,3433,7337
2022,15-19,4170,3675,7845
2022,20-24,5116,4588,9704
2022,25-29,5340,5099,10439
2022,30-34,4778,4602,9380
2022,35-39,4824,5103,9927
2022,40-44,5774,6407,12181
2022,45-49,5299,6273,11572
2022,50-54,5186,5880,11066
2022,55-59,5337,5650,10987
2022,60-64,4815,5306,10121
2022,65-69,4054,4531,8585
2022,70-74,3003,3572,6575
2022,75-79,1558,2039,3597
2022,80-84,1175,1704,2879
2022,85-89,651,1116,1767
2022,90-94,282,475,757
2022,95-99,88,101,189
2022,100+,0,0,0
2023,0-4,2961,2754,5715
2023,5-9,3293,2996,6289
2023,10-14,3717,3394,7111
2023,15-19,4175,3582,7757
2023,20-24,5015,4468,9483
2023,25-29,5264,5038,10302
2023,30-34,4901,4654,9555
2023,35-39,4660,4852,9512
2023,40-44,5704,6210,11914
2023,45-49,5483,6474,11957
2023,50-54,5003,5771,10774
2023,55-59,5316,5692,11008
2023,60-64,4937,5448,10385
2023,65-69,4135,4708,8843
2023,70-74,3184,3757,6941
2023,75-79,1669,2148,3817
2023,80-84,1192,1697,2889
2023,85-89,670,1168,1838
2023,90-94,288,512,800
2023,95-99,91,122,213
2023,100+,0,0,0
2024,0-4,3108,2888,5996
2024,5-9,3070,2826,5896
2024,10-14,3693,3349,7042
2024,15-19,4043,3534,7577
2024,20-24,4841,4247,9088
2024,25-29,5248,5002,10250
2024,30-34,5056,4736,9792
2024,35-39,4513,4640,9153
2024,40-44,5517,6047,11564
2024,45-49,5639,6531,12170
2024,50-54,4976,5810,10786
2024,55-59,5233,5741,10974
2024,60-64,5021,5457,10478
2024,65-69,4221,4821,9042
2024,70-74,3316,3926,7242
2024,75-79,1841,2360,4201
2024,80-84,1192,1735,2927
2024,85-89,694,1173,1867
2024,90-94,293,537,830
2024,95-99,94,140,234
2024,100+,0,0,0
2025,0-4,3163,2940,6103
2025,5-9,2987,2713,5700
2025,10-14,3668,3406,7074
2025,15-19,3915,3424,7339
2025,20-24,4539,3952,8491
2025,25-29,5324,4987,10311
2025,30-34,5095,4821,9916
2025,35-39,4579,4537,9116
2025,40-44,5283,5840,11123
2025,45-49,5760,6523,12283
2025,50-54,4917,5837,10754
2025,55-59,5169,5796,10965
2025,60-64,5072,5533,10605
2025,65-69,4255,4906,9161
2025,70-74,3568,4137,7705
2025,75-79,2025,2592,4617
2025,80-84,1155,1690,2845
2025,85-89,699,1221,1920
2025,90-94,323,574,897
2025,95-99,92,158,250
2025,100+,0,0,0
2026,0-4,3204,2981,6185
2026,5-9,2911,2569,5480
2026,10-14,3622,3435,7057
2026,15-19,3858,3338,7196
2026,20-24,4317,3816,8133
2026,25-29,5251,4824,10075
2026,30-34,5203,4981,10184
2026,35-39,4691,4553,9244
2026,40-44,4967,5403,10370
2026,45-49,5735,6435,12170
2026,50-54,5037,6043,11080
2026,55-59,5062,5799,10861
2026,60-64,5113,5611,10724
2026,65-69,4342,4967,9309
2026,70-74,3659,4223,7882
2026,75-79,2307,2982,5289
2026,80-84,1102,1671,2773
2026,85-89,749,1241,1990
2026,90-94,326,605,931
2026,95-99,100,173,273
2026,100+,0,0,0
2027,0-4,3222,2998,6220
2027,5-9,2908,2651,5559
2027,10-14,3425,3164,6589
2027,15-19,3904,3433,7337
2027,20-24,4170,3675,7845
2027,25-29,5095,4588,9683
2027,30-34,5315,5098,10413
2027,35-39,4748,4585,9333
2027,40-44,4764,5078,9842
2027,45-49,5665,6367,12032
2027,50-54,5159,6215,11374
2027,55-59,5000,5799,10799
2027,60-64,5085,5540,10625
2027,65-69,4499,5146,9645
2027,70-74,3646,4295,7941
2027,75-79,2531,3253,5784
2027,80-84,1181,1719,2900
2027,85-89,761,1254,2015
2027,90-94,332,652,984
2027,95-99,100,183,283
2027,100+,0,0,0
2028,0-4,3239,3016,6255
2028,5-9,2961,2754,5715
2028,10-14,3293,2996,6289
2028,15-19,3717,3394,7111
2028,20-24,4175,3582,7757
2028,25-29,4999,4468,9467
2028,30-34,5239,5037,10276
2028,35-39,4871,4637,9508
2028,40-44,4603,4827,9430
2028,45-49,5597,6172,11769
2028,50-54,5338,6413,11751
2028,55-59,4826,5693,10519
2028,60-64,5067,5584,10651
2028,65-69,4617,5286,9903
2028,70-74,3723,4467,8190
2028,75-79,2687,3422,6109
2028,80-84,1274,1820,3094
2028,85-89,772,1257,2029
2028,90-94,343,688,1031
2028,95-99,101,200,301
2028,100+,0,0,0
2029,0-4,3251,3029,6280
2029,5-9,3108,2888,5996
2029,10-14,3070,2826,5896
2029,15-19,3693,3349,7042
2029,20-24,4043,3534,7577
2029,25-29,4830,4247,9077
2029,30-34,5223,5000,10223
2029,35-39,5024,4719,9743
2029,40-44,4460,4615,9075
2029,45-49,5414,6010,11424
2029,50-54,5491,6469,11960
2029,55-59,4801,5732,10533
2029,60-64,4992,5633,10625
2029,65-69,4700,5299,9999
2029,70-74,3803,4579,8382
2029,75-79,2800,3580,6380
2029,80-84,1412,2010,3422
2029,85-89,774,1288,2062
2029,90-94,357,691,1048
2029,95-99,104,212,316
2029,100+,0,0,0
2030,0-4,3253,3031,6284
2030,5-9,3163,2940,6103
2030,10-14,2987,2713,5700
2030,15-19,3668,3406,7074
2030,20-24,3915,3424,7339
2030,25-29,4532,3952,8484
2030,30-34,5299,4984,10283
2030,35-39,5062,4803,9865
2030,40-44,4526,4512,9038
2030,45-49,5184,5805,10989
2030,50-54,5608,6461,12069
2030,55-59,4744,5758,10502
2030,60-64,4932,5687,10619
2030,65-69,4746,5371,10117
2030,70-74,3837,4659,8496
2030,75-79,3012,3771,6783
2030,80-84,1548,2204,3752
2030,85-89,747,1255,2002
2030,90-94,360,719,1079
2030,95-99,113,226,339
2030,100+,0,0,0
2031,0-4,3241,3021,6262
2031,5-9,3204,2981,6185
2031,10-14,2911,2569,5480
2031,15-19,3622,3435,7057
2031,20-24,3858,3338,7196
2031,25-29,4313,3816,8129
2031,30-34,5226,4822,10048
2031,35-39,5169,4961,10130
2031,40-44,4636,4528,9164
2031,45-49,4874,5370,10244
2031,50-54,5583,6375,11958
2031,55-59,4863,5963,10826
2031,60-64,4830,5689,10519
2031,65-69,4785,5448,10233
2031,70-74,3916,4720,8636
2031,75-79,3089,3851,6940
2031,80-84,1761,2536,4297
2031,85-89,714,1238,1952
2031,90-94,387,729,1116
2031,95-99,115,238,353
2031,100+,0,0,0
2032,0-4,3217,3002,6219
2032,5-9,3222,2998,6220
2032,10-14,2908,2651,5559
2032,15-19,3425,3164,6589
2032,20-24,3904,3433,7337
2032,25-29,4167,3675,7842
2032,30-34,5071,4588,9659
2032,35-39,5280,5077,10357
2032,40-44,4693,4560,9253
2032,45-49,4675,5046,9721
2032,50-54,5516,6307,11823
2032,55-59,4980,6133,11113
2032,60-64,4771,5688,10459
2032,65-69,4759,5380,10139
2032,70-74,4056,4889,8945
2032,75-79,3077,3917,6994
2032,80-84,1933,2762,4695
2032,85-89,770,1277,2047
2032,90-94,391,739,1130
2032,95-99,117,257,374
2032,100+,0,0,0
2033,0-4,3188,2976,6164
2033,5-9,3239,3016,6255
2033,10-14,2961,2754,5715
2033,15-19,3293,2996,6289
2033,20-24,3717,3394,7111
2033,25-29,4173,3582,7755
2033,30-34,4976,4468,9444
2033,35-39,5204,5017,10221
2033,40-44,4815,4612,9427
2033,45-49,4517,4797,9314
2033,50-54,5448,6114,11562
2033,55-59,5152,6328,11480
2033,60-64,4605,5585,10190
2033,65-69,4742,5422,10164
2033,70-74,4163,5023,9186
2033,75-79,3142,4072,7214
2033,80-84,2050,2901,4951
2033,85-89,833,1356,2189
2033,90-94,396,741,1137
2033,95-99,122,272,394
2033,100+,0,0,0
2034,0-4,3149,2941,6090
2034,5-9,3251,3029,6280
2034,10-14,3108,2888,5996
2034,15-19,3070,2826,5896
2034,20-24,3693,3349,7042
2034,25-29,4042,3534,7576
2034,30-34,4808,4246,9054
2034,35-39,5189,4982,10171
2034,40-44,4966,4694,9660
2034,45-49,4377,4587,8964
2034,50-54,5271,5954,11225
2034,55-59,5299,6383,11682
2034,60-64,4582,5624,10206
2034,65-69,4672,5468,10140
2034,70-74,4237,5034,9271
2034,75-79,3208,4176,7384
2034,80-84,2137,3034,5171
2034,85-89,927,1503,2430
2034,90-94,396,757,1153
2034,95-99,127,270,397
2034,100+,0,0,0
2035,0-4,3102,2898,6000
2035,5-9,3253,3031,6284
2035,10-14,3163,2940,6103
2035,15-19,2987,2713,5700
2035,20-24,3668,3406,7074
2035,25-29,3915,3424,7339
2035,30-34,4512,3952,8464
2035,35-39,5267,4967,10234
2035,40-44,5005,4778,9783
2035,45-49,4444,4487,8931
2035,50-54,5048,5750,10798
2035,55-59,5415,6377,11792
2035,60-64,4532,5654,10186
2035,65-69,4625,5527,10152
2035,70-74,4289,5109,9398
2035,75-79,3250,4263,7513
2035,80-84,2308,3207,5515
2035,85-89,1022,1658,2680
2035,90-94,384,746,1130
2035,95-99,130,288,418
2035,100+,0,0,0
2036,0-4,3050,2849,5899
2036,5-9,3241,3021,6262
2036,10-14,3204,2981,6185
2036,15-19,2911,2569,5480
2036,20-24,3622,3435,7057
2036,25-29,3858,3338,7196
2036,30-34,4296,3816,8112
2036,35-39,5196,4807,10003
2036,40-44,5112,4936,10048
2036,45-49,4553,4503,9056
2036,50-54,4748,5322,10070
2036,55-59,5395,6293,11688
2036,60-64,4650,5861,10511
2036,65-69,4537,5534,10071
2036,70-74,4336,5191,9527
2036,75-79,3329,4330,7659
2036,80-84,2378,3292,5670
2036,85-89,1169,1918,3087
2036,90-94,371,745,1116
2036,95-99,144,295,439
2036,100+,0,0,0
2037,0-4,2998,2801,5799
2037,5-9,3217,3002,6219
2037,10-14,3222,2998,6220
2037,15-19,2908,2651,5559
2037,20-24,3425,3164,6589
2037,25-29,3904,3433,7337
2037,30-34,4153,3675,7828
2037,35-39,5042,4575,9617
2037,40-44,5223,5052,10275
2037,45-49,4610,4535,9145
2037,50-54,4555,5003,9558
2037,55-59,5334,6229,11563
2037,60-64,4769,6030,10799
2037,65-69,4488,5537,10025
2037,70-74,4320,5134,9454
2037,75-79,3457,4496,7953
2037,80-84,2377,3361,5738
2037,85-89,1292,2101,3393
2037,90-94,407,780,1187
2037,95-99,146,307,453
2037,100+,0,0,0
2038,0-4,2942,2749,5691
2038,5-9,3188,2976,6164
2038,10-14,3239,3016,6255
2038,15-19,2961,2754,5715
2038,20-24,3293,2996,6289
2038,25-29,3717,3394,7111
2038,30-34,4160,3582,7742
2038,35-39,4947,4457,9404
2038,40-44,5149,4992,10141
2038,45-49,4730,4587,9317
2038,50-54,4403,4757,9160
2038,55-59,5271,6041,11312
2038,60-64,4936,6224,11160
2038,65-69,4340,5443,9783
2038,70-74,4313,5183,9496
2038,75-79,3561,4628,8189
2038,80-84,2434,3505,5939
2038,85-89,1375,2213,3588
2038,90-94,446,842,1288
2038,95-99,149,314,463
2038,100+,0,0,0
2039,0-4,2884,2695,5579
2039,5-9,3149,2941,6090
2039,10-14,3251,3029,6280
2039,15-19,3108,2888,5996
2039,20-24,3070,2826,5896
2039,25-29,3693,3349,7042
2039,30-34,4031,3534,7565
2039,35-39,4779,4239,9018
2039,40-44,5135,4957,10092
2039,45-49,4879,4669,9548
2039,50-54,4268,4548,8816
2039,55-59,5103,5883,10986
2039,60-64,5082,6281,11363
2039,65-69,4323,5485,9808
2039,70-74,4257,5233,9490
2039,75-79,3632,4647,8279
2039,80-84,2494,3605,6099
2039,85-89,1441,2326,3767
2039,90-94,503,949,1452
2039,95-99,149,324,473
2039,100+,0,0,0
2040,0-4,2827,2642,5469
2040,5-9,3102,2898,6000
2040,10-14,3253,3031,6284
2040,15-19,3163,2940,6103
2040,20-24,2987,2713,5700
2040,25-29,3668,3406,7074
2040,30-34,3905,3424,7329
2040,35-39,4485,3948,8433
2040,40-44,5212,4942,10154
2040,45-49,4918,4753,9671
2040,50-54,4333,4448,8781
2040,55-59,4886,5682,10568
2040,60-64,5194,6274,11468
2040,65-69,4276,5516,9792
2040,70-74,4215,5290,9505
2040,75-79,3676,4716,8392
2040,80-84,2530,3679,6209
2040,85-89,1553,2455,4008
2040,90-94,550,1044,1594
2040,95-99,143,319,462
2040,100+,0,0,0
2041,0-4,2770,2589,5359
2041,5-9,3050,2849,5899
2041,10-14,3241,3021,6262
2041,15-19,3204,2981,6185
2041,20-24,2911,2569,5480
2041,25-29,3622,3435,7057
2041,30-34,3849,3338,7187
2041,35-39,4270,3814,8084
2041,40-44,5140,4783,9923
2041,45-49,5022,4911,9933
2041,50-54,4439,4463,8902
2041,55-59,4594,5257,9851
2041,60-64,5174,6193,11367
2041,65-69,4388,5718,10106
2041,70-74,4136,5299,9435
2041,75-79,3717,4791,8508
2041,80-84,2595,3739,6334
2041,85-89,1598,2523,4121
2041,90-94,629,1207,1836
2041,95-99,139,318,457
2041,100+,0,0,0
2042,0-4,2711,2533,5244
2042,5-9,2998,2801,5799
2042,10-14,3217,3002,6219
2042,15-19,3222,2998,6220
2042,20-24,2908,2651,5559
2042,25-29,3425,3164,6589
2042,30-34,3896,3433,7329
2042,35-39,4127,3674,7801
2042,40-44,4989,4552,9541
2042,45-49,5130,5026,10156
2042,50-54,4494,4495,8989
2042,55-59,4407,4942,9349
2042,60-64,5116,6129,11245
2042,65-69,4500,5884,10384
2042,70-74,4089,5301,9390
2042,75-79,3702,4739,8441
2042,80-84,2694,3883,6577
2042,85-89,1595,2576,4171
2042,90-94,696,1319,2015
2042,95-99,154,337,491
2042,100+,0,0,0
2043,0-4,2652,2478,5130
2043,5-9,2942,2749,5691
2043,10-14,3188,2976,6164
2043,15-19,3239,3016,6255
2043,20-24,2961,2754,5715
2043,25-29,3293,2996,6289
2043,30-34,3710,3394,7104
2043,35-39,4134,3582,7716
2043,40-44,4895,4436,9331
2043,45-49,5059,4966,10025
2043,50-54,4611,4546,9157
2043,55-59,4261,4699,8960
2043,60-64,5056,5943,10999
2043,65-69,4658,6072,10730
2043,70-74,3954,5212,9166
2043,75-79,3695,4787,8482
2043,80-84,2774,3999,6773
2043,85-89,1634,2683,4317
2043,90-94,739,1384,2123
2043,95-99,172,366,538
2043,100+,0,0,0
2044,0-4,2596,2426,5022
2044,5-9,2884,2695,5579
2044,10-14,3149,2941,6090
2044,15-19,3251,3029,6280
2044,20-24,3108,2888,5996
2044,25-29,3070,2826,5896
2044,30-34,3686,3349,7035
2044,35-39,4007,3534,7541
2044,40-44,4728,4220,8948
2044,45-49,5045,4930,9975
2044,50-54,4757,4627,9384
2044,55-59,4130,4494,8624
2044,60-64,4893,5788,10681
2044,65-69,4796,6126,10922
2044,70-74,3938,5251,9189
2044,75-79,3645,4832,8477
2044,80-84,2830,4014,6844
2044,85-89,1673,2760,4433
2044,90-94,772,1452,2224
2044,95-99,195,418,613
2044,100+,0,0,0
2045,0-4,2547,2381,4928
2045,5-9,2827,2642,5469
2045,10-14,3102,2898,6000
2045,15-19,3253,3031,6284
2045,20-24,3163,2940,6103
2045,25-29,2987,2713,5700
2045,30-34,3662,3406,7068
2045,35-39,3881,3424,7305
2045,40-44,4438,3932,8370
2045,45-49,5119,4915,10034
2045,50-54,4797,4710,9507
2045,55-59,4195,4398,8593
2045,60-64,4689,5591,10280
2045,65-69,4907,6123,11030
2045,70-74,3902,5287,9189
2045,75-79,3618,4891,8509
2045,80-84,2873,4083,6956
2045,85-89,1710,2833,4543
2045,90-94,837,1543,2380
2045,95-99,213,465,678
2045,100+,0,0,0
2046,0-4,2501,2339,4840
2046,5-9,2770,2589,5359
2046,10-14,3050,2849,5899
2046,15-19,3241,3021,6262
2046,20-24,3204,2981,6185
2046,25-29,2911,2569,5480
2046,30-34,3617,3435,7052
2046,35-39,3825,3338,7163
2046,40-44,4226,3799,8025
2046,45-49,5050,4757,9807
2046,50-54,4900,4866,9766
2046,55-59,4299,4413,8712
2046,60-64,4412,5177,9589
2046,65-69,4894,6048,10942
2046,70-74,4015,5488,9503
2046,75-79,3557,4907,8464
2046,80-84,2911,4159,7070
2046,85-89,1766,2893,4659
2046,90-94,866,1605,2471
2046,95-99,244,545,789
2046,100+,0,0,0
2047,0-4,2458,2298,4756
2047,5-9,2711,2533,5244
2047,10-14,2998,2801,5799
2047,15-19,3217,3002,6219
2047,20-24,3222,2998,6220
2047,25-29,2908,2651,5559
2047,30-34,3422,3164,6586
2047,35-39,3870,3433,7303
2047,40-44,4085,3661,7746
2047,45-49,4903,4527,9430
2047,50-54,5007,4981,9988
2047,55-59,4354,4445,8799
2047,60-64,4235,4870,9105
2047,65-69,4842,5989,10831
2047,70-74,4127,5651,9778
2047,75-79,3525,4914,8439
2047,80-84,2906,4122,7028
2047,85-89,1841,3018,4859
2047,90-94,868,1650,2518
2047,95-99,272,599,871
2047,100+,0,0,0
2048,0-4,2419,2262,4681
2048,5-9,2652,2478,5130
2048,10-14,2942,2749,5691
2048,15-19,3188,2976,6164
2048,20-24,3239,3016,6255
2048,25-29,2961,2754,5715
2048,30-34,3290,2996,6286
2048,35-39,3687,3394,7081
2048,40-44,4092,3570,7662
2048,45-49,4810,4411,9221
2048,50-54,4938,4923,9861
2048,55-59,4470,4496,8966
2048,60-64,4098,4632,8730
2048,65-69,4788,5808,10596
2048,70-74,4275,5838,10113
2048,75-79,3415,4841,8256
2048,80-84,2909,4178,7087
2048,85-89,1903,3121,5024
2048,90-94,894,1728,2622
2048,95-99,289,631,920
2048,100+,0,0,0
2049,0-4,2385,2230,4615
2049,5-9,2596,2426,5022
2049,10-14,2884,2695,5579
2049,15-19,3149,2941,6090
2049,20-24,3251,3029,6280
2049,25-29,3108,2888,5996
2049,30-34,3067,2826,5893
2049,35-39,3664,3349,7013
2049,40-44,3967,3523,7490
2049,45-49,4647,4195,8842
2049,50-54,4924,4890,9814
2049,55-59,4613,4577,9190
2049,60-64,3974,4430,8404
2049,65-69,4638,5660,10298
2049,70-74,4406,5891,10297
2049,75-79,3409,4885,8294
2049,80-84,2877,4224,7101
2049,85-89,1945,3139,5084
2049,90-94,921,1790,2711
2049,95-99,304,669,973
2049,100+,0,0,0
2050,0-4,2355,2202,4557
2050,5-9,2547,2381,4928
2050,10-14,2827,2642,5469
2050,15-19,3102,2898,6000
2050,20-24,3253,3031,6284
2050,25-29,3163,2940,6103
2050,30-34,2985,2713,5698
2050,35-39,3640,3406,7046
2050,40-44,3842,3414,7256
2050,45-49,4363,3907,8270
2050,50-54,4997,4876,9873
2050,55-59,4652,4660,9312
2050,60-64,4037,4336,8373
2050,65-69,4444,5467,9911
2050,70-74,4506,5887,10393
2050,75-79,3378,4918,8296
2050,80-84,2857,4277,7134
2050,85-89,1973,3192,5165
2050,90-94,944,1836,2780
2050,95-99,329,707,1036
2050,100+,0,0,0
2051,0-4,2327,2176,4503
2051,5-9,2501,2339,4840
2051,10-14,2770,2589,5359
2051,15-19,3050,2849,5899
2051,20-24,3241,3021,6262
2051,25-29,3204,2981,6185
2051,30-34,2910,2569,5479
2051,35-39,3595,3435,7030
2051,40-44,3787,3330,7117
2051,45-49,4154,3774,7928
2051,50-54,4930,4720,9650
2051,55-59,4753,4816,9569
2051,60-64,4137,4351,8488
2051,65-69,4179,5060,9239
2051,70-74,4495,5816,10311
2051,75-79,3480,5109,8589
2051,80-84,2809,4291,7100
2051,85-89,1998,3250,5248
2051,90-94,976,1876,2852
2051,95-99,341,739,1080
2051,100+,0,0,0
2052,0-4,2305,2156,4461
2052,5-9,2458,2298,4756
2052,10-14,2711,2533,5244
2052,15-19,2998,2801,5799
2052,20-24,3217,3002,6219
2052,25-29,3222,2998,6220
2052,30-34,2907,2651,5558
2052,35-39,3401,3164,6565
2052,40-44,3832,3425,7257
2052,45-49,4015,3636,7651
2052,50-54,4786,4491,9277
2052,55-59,4857,4930,9787
2052,60-64,4190,4382,8572
2052,65-69,4013,4761,8774
2052,70-74,4444,5757,10201
2052,75-79,3580,5262,8842
2052,80-84,2783,4292,7075
2052,85-89,1993,3221,5214
2052,90-94,1016,1957,2973
2052,95-99,341,757,1098
2052,100+,0,0,0
2053,0-4,2290,2142,4432
2053,5-9,2419,2262,4681
2053,10-14,2652,2478,5130
2053,15-19,2942,2749,5691
2053,20-24,3188,2976,6164
2053,25-29,3239,3016,6255
2053,30-34,2961,2754,5715
2053,35-39,3270,2996,6266
2053,40-44,3651,3386,7037
2053,45-49,4024,3545,7569
2053,50-54,4694,4376,9070
2053,55-59,4789,4872,9661
2053,60-64,4302,4432,8734
2053,65-69,3883,4529,8412
2053,70-74,4394,5584,9978
2053,75-79,3706,5433,9139
2053,80-84,2695,4229,6924
2053,85-89,1996,3268,5264
2053,90-94,1050,2027,3077
2053,95-99,352,791,1143
2053,100+,0,0,0
2054,0-4,2282,2134,4416
2054,5-9,2385,2230,4615
2054,10-14,2596,2426,5022
2054,15-19,2884,2695,5579
2054,20-24,3149,2941,6090
2054,25-29,3251,3029,6280
2054,30-34,3107,2888,5995
2054,35-39,3050,2826,5876
2054,40-44,3628,3341,6969
2054,45-49,3901,3499,7400
2054,50-54,4535,4162,8697
2054,55-59,4775,4838,9613
2054,60-64,4440,4511,8951
2054,65-69,3769,4332,8101
2054,70-74,4255,5439,9694
2054,75-79,3820,5479,9299
2054,80-84,2691,4269,6960
2054,85-89,1974,3302,5276
2054,90-94,1070,2035,3105
2054,95-99,361,819,1180
2054,100+,0,0,0
2055,0-4,2273,2126,4399
2055,5-9,2355,2202,4557
2055,10-14,2547,2381,4928
2055,15-19,2827,2642,5469
2055,20-24,3102,2898,6000
2055,25-29,3253,3031,6284
2055,30-34,3163,2940,6103
2055,35-39,2969,2713,5682
2055,40-44,3605,3398,7003
2055,45-49,3778,3391,7169
2055,50-54,4259,3878,8137
2055,55-59,4848,4825,9673
2055,60-64,4480,4593,9073
2055,65-69,3833,4244,8077
2055,70-74,4083,5259,9342
2055,75-79,3910,5480,9390
2055,80-84,2676,4314,6990
2055,85-89,1968,3359,5327
2055,90-94,1090,2083,3173
2055,95-99,375,851,1226
2055,100+,0,0,0
2056,0-4,2267,2119,4386
2056,5-9,2327,2176,4503
2056,10-14,2501,2339,4840
2056,15-19,2770,2589,5359
2056,20-24,3050,2849,5899
2056,25-29,3241,3021,6262
2056,30-34,3204,2981,6185
2056,35-39,2895,2569,5464
2056,40-44,3561,3429,6990
2056,45-49,3724,3306,7030
2056,50-54,4056,3748,7804
2056,55-59,4785,4670,9455
2056,60-64,4579,4747,9326
2056,65-69,3933,4261,8194
2056,70-74,3842,4873,8715
2056,75-79,3910,5424,9334
2056,80-84,2771,4498,7269
2056,85-89,1941,3383,5324
2056,90-94,1107,2132,3239
2056,95-99,392,880,1272
2056,100+,0,0,0
2057,0-4,2263,2115,4378
2057,5-9,2305,2156,4461
2057,10-14,2458,2298,4756
2057,15-19,2711,2533,5244
2057,20-24,2998,2801,5799
2057,25-29,3217,3002,6219
2057,30-34,3222,2998,6220
2057,35-39,2893,2651,5544
2057,40-44,3369,3161,6530
2057,45-49,3769,3400,7169
2057,50-54,3922,3611,7533
2057,55-59,4645,4444,9089
2057,60-64,4682,4862,9544
2057,65-69,3987,4294,8281
2057,70-74,3696,4590,8286
2057,75-79,3872,5375,9247
2057,80-84,2861,4639,7500
2057,85-89,1930,3389,5319
2057,90-94,1107,2122,3229
2057,95-99,409,928,1337
2057,100+,0,0,0
2058,0-4,2259,2111,4370
2058,5-9,2290,2142,4432
2058,10-14,2419,2262,4681
2058,15-19,2652,2478,5130
2058,20-24,2942,2749,5691
2058,25-29,3188,2976,6164
2058,30-34,3239,3016,6255
2058,35-39,2947,2754,5701
2058,40-44,3239,2992,6231
2058,45-49,3591,3363,6954
2058,50-54,3930,3520,7450
2058,55-59,4559,4332,8891
2058,60-64,4619,4806,9425
2058,65-69,4098,4344,8442
2058,70-74,3582,4370,7952
2058,75-79,3833,5223,9056
2058,80-84,2967,4796,7763
2058,85-89,1875,3353,5228
2058,90-94,1116,2170,3286
2058,95-99,424,969,1393
2058,100+,0,0,0
2059,0-4,2254,2107,4361
2059,5-9,2282,2134,4416
2059,10-14,2385,2230,4615
2059,15-19,2596,2426,5022
2059,20-24,2884,2695,5579
2059,25-29,3149,2941,6090
2059,30-34,3251,3029,6280
2059,35-39,3092,2888,5980
2059,40-44,3021,2822,5843
2059,45-49,3570,3319,6889
2059,50-54,3810,3474,7284
2059,55-59,4405,4121,8526
2059,60-64,4609,4776,9385
2059,65-69,4232,4423,8655
2059,70-74,3482,4185,7667
2059,75-79,3718,5094,8812
2059,80-84,3066,4840,7906
2059,85-89,1880,3396,5276
2059,90-94,1106,2199,3305
2059,95-99,434,978,1412
2059,100+,0,0,0
2060,0-4,2251,2103,4354
2060,5-9,2273,2126,4399
2060,10-14,2355,2202,4557
2060,15-19,2547,2381,4928
2060,20-24,2827,2642,5469
2060,25-29,3102,2898,6000
2060,30-34,3253,3031,6284
2060,35-39,3148,2940,6088
2060,40-44,2940,2710,5650
2060,45-49,3546,3376,6922
2060,50-54,3690,3366,7056
2060,55-59,4137,3840,7977
2060,60-64,4680,4765,9445
2060,65-69,4269,4504,8773
2060,70-74,3545,4100,7645
2060,75-79,3565,4923,8488
2060,80-84,3135,4839,7974
2060,85-89,1872,3433,5305
2060,90-94,1101,2239,3340
2060,95-99,441,998,1439
2060,100+,0,0,0
2061,0-4,2247,2100,4347
2061,5-9,2267,2119,4386
2061,10-14,2327,2176,4503
2061,15-19,2501,2339,4840
2061,20-24,2770,2589,5359
2061,25-29,3050,2849,5899
2061,30-34,3241,3021,6262
2061,35-39,3189,2981,6170
2061,40-44,2867,2569,5436
2061,45-49,3502,3406,6908
2061,50-54,3638,3281,6919
2061,55-59,3939,3713,7652
2061,60-64,4620,4611,9231
2061,65-69,4363,4656,9019
2061,70-74,3639,4115,7754
2061,75-79,3353,4560,7913
2061,80-84,3134,4793,7927
2061,85-89,1944,3586,5530
2061,90-94,1088,2254,3342
2061,95-99,449,1021,1470
2061,100+,0,0,0
2062,0-4,2239,2094,4333
2062,5-9,2263,2115,4378
2062,10-14,2305,2156,4461
2062,15-19,2458,2298,4756
2062,20-24,2711,2533,5244
2062,25-29,2998,2801,5799
2062,30-34,3217,3002,6219
2062,35-39,3207,2998,6205
2062,40-44,2866,2651,5517
2062,45-49,3314,3141,6455
2062,50-54,3684,3375,7059
2062,55-59,3810,3577,7387
2062,60-64,4484,4387,8871
2062,65-69,4461,4769,9230
2062,70-74,3687,4147,7834
2062,75-79,3226,4295,7521
2062,80-84,3100,4748,7848
2062,85-89,2012,3697,5709
2062,90-94,1081,2253,3334
2062,95-99,448,1015,1463
2062,100+,0,0,0
2063,0-4,2228,2083,4311
2063,5-9,2259,2111,4370
2063,10-14,2290,2142,4432
2063,15-19,2419,2262,4681
2063,20-24,2652,2478,5130
2063,25-29,2942,2749,5691
2063,30-34,3188,2976,6164
2063,35-39,3224,3016,6240
2063,40-44,2921,2754,5675
2063,45-49,3185,2976,6161
2063,50-54,3510,3338,6848
2063,55-59,3819,3488,7307
2063,60-64,4401,4275,8676
2063,65-69,4399,4713,9112
2063,70-74,3793,4196,7989
2063,75-79,3130,4092,7222
2063,80-84,3068,4614,7682
2063,85-89,2084,3819,5903
2063,90-94,1050,2232,3282
2063,95-99,452,1043,1495
2063,100+,0,0,0
2064,0-4,2212,2067,4279
2064,5-9,2254,2107,4361
2064,10-14,2282,2134,4416
2064,15-19,2385,2230,4615
2064,20-24,2596,2426,5022
2064,25-29,2884,2695,5579
2064,30-34,3149,2941,6090
2064,35-39,3236,3029,6265
2064,40-44,3064,2888,5952
2064,45-49,2971,2809,5780
2064,50-54,3488,3294,6782
2064,55-59,3701,3443,7144
2064,60-64,4252,4066,8318
2064,65-69,4389,4682,9071
2064,70-74,3914,4273,8187
2064,75-79,3045,3919,6964
2064,80-84,2976,4498,7474
2064,85-89,2150,3848,5998
2064,90-94,1055,2261,3316
2064,95-99,446,1055,1501
2064,100+,0,0,0
2065,0-4,2192,2049,4241
2065,5-9,2251,2103,4354
2065,10-14,2273,2126,4399
2065,15-19,2355,2202,4557
2065,20-24,2547,2381,4928
2065,25-29,2827,2642,5469
2065,30-34,3102,2898,6000
2065,35-39,3238,3031,6269
2065,40-44,3120,2940,6060
2065,45-49,2891,2699,5590
2065,50-54,3464,3351,6815
2065,55-59,3585,3337,6922
2065,60-64,3996,3788,7784
2065,65-69,4459,4674,9133
2065,70-74,3952,4354,8306
2065,75-79,3107,3848,6955
2065,80-84,2858,4352,7210
2065,85-89,2200,3855,6055
2065,90-94,1055,2301,3356
2065,95-99,447,1084,1531
2065,100+,0,0,0
